x,phase_1,phase_2
0.0,0.0,0.0
0.001,0.0002922,0.0003036
0.002,0.0005822,0.0005974
0.003,0.000873,0.0008714
0.004,0.0011554,0.0011594
0.005,0.001456,0.0014506
0.006,0.0017496,0.0017476
0.007,0.0020478,0.0020534
0.008,0.0023534,0.0023428
0.009,0.002651,0.0026584
0.01,0.0029438,0.0029608
0.011,0.0032384,0.003239
0.012,0.0035354,0.0035238
0.013,0.00384,0.0038166
0.014,0.0041562,0.0041074
0.015,0.004438,0.004391
0.016,0.0047366,0.0046736
0.017,0.0050266,0.0049664
0.018,0.0052984,0.0052496
0.019,0.0055854,0.0055326
0.02,0.0058668,0.0058186
0.021,0.0061428,0.0060874
0.022,0.0064296,0.0063692
0.023,0.0067296,0.0066316
0.024,0.0070048,0.0069112
0.025,0.0073058,0.0072046
0.026,0.0075926,0.0074944
0.027,0.0078958,0.0077924
0.028,0.0081866,0.0080606
0.029,0.0084714,0.0083446
0.03,0.0087668,0.008618
0.031,0.0090512,0.0089074
0.032,0.0093248,0.0092042
0.033,0.009609,0.0094936
0.034,0.0098898,0.009778
0.035,0.0101822,0.0100642
0.036,0.0104686,0.0103492
0.037,0.010748,0.0106362
0.038,0.011023,0.0109364
0.039,0.0113116,0.011229
0.04,0.0116036,0.0115082
0.041,0.0118948,0.0117996
0.042,0.0122044,0.0121002
0.043,0.0124964,0.0124092
0.044,0.0127844,0.0126774
0.045,0.0130766,0.0129744
0.046,0.0133706,0.013256
0.047,0.0136838,0.0135316
0.048,0.0139682,0.0138178
0.049,0.0142458,0.0141014
0.05,0.0145384,0.0143878
0.051,0.0148238,0.0146584
0.052,0.0151314,0.0149564
0.053,0.015422,0.0152354
0.054,0.0157016,0.0155258
0.055,0.0159934,0.0158284
0.056,0.0162992,0.016107
0.057,0.016583,0.0163876
0.058,0.0168728,0.0166602
0.059,0.0171818,0.016935
0.06,0.0174782,0.0172158
0.061,0.017757,0.017506
0.062,0.0180654,0.017786
0.063,0.018361,0.0180558
0.064,0.0186442,0.0183444
0.065,0.018936,0.018632
0.066,0.0192196,0.0189112
0.067,0.0195188,0.0191984
0.068,0.0198112,0.0194924
0.069,0.0200824,0.0197792
0.07,0.0203896,0.0200582
0.071,0.0206922,0.0203386
0.072,0.0209774,0.0206078
0.073,0.0212698,0.0208986
0.074,0.0215618,0.0211936
0.075,0.0218584,0.021487
0.076,0.022142,0.0217866
0.077,0.0224244,0.0220884
0.078,0.022725,0.0223698
0.079,0.0230334,0.0226654
0.08,0.0233178,0.022971
0.081,0.0235944,0.0232554
0.082,0.0238874,0.0235396
0.083,0.024173,0.0238278
0.084,0.0244522,0.0240884
0.085,0.0247392,0.0243628
0.086,0.0250476,0.0246538
0.087,0.0253362,0.024924
0.088,0.0256254,0.0252004
0.089,0.025921,0.025492
0.09,0.0262082,0.0257788
0.091,0.0265206,0.0260682
0.092,0.0268158,0.026342
0.093,0.0270978,0.0266322
0.094,0.0273808,0.026927
0.095,0.0276708,0.0272002
0.096,0.0279572,0.0274934
0.097,0.0282634,0.0277716
0.098,0.0285626,0.0280426
0.099,0.028865,0.0283262
0.1,0.0291578,0.028607
0.101,0.0294292,0.0289046
0.102,0.0297068,0.0291822
0.103,0.0300118,0.0294472
0.104,0.0303114,0.029728
0.105,0.0306058,0.0300342
0.106,0.0308924,0.0303134
0.107,0.031193,0.0305996
0.108,0.03149,0.0308488
0.109,0.0317852,0.0311062
0.11,0.0320618,0.0313782
0.111,0.032337,0.031657
0.112,0.0326256,0.0319254
0.113,0.0329186,0.0322026
0.114,0.0332006,0.0324982
0.115,0.033487,0.032763
0.116,0.0337828,0.0330504
0.117,0.0340718,0.0333264
0.118,0.034371,0.033627
0.119,0.034651,0.033894
0.12,0.034931,0.0341768
0.121,0.035223,0.034456
0.122,0.0355012,0.03474
0.123,0.0357876,0.0350226
0.124,0.0360962,0.0352904
0.125,0.0363866,0.035565
0.126,0.0366814,0.0358682
0.127,0.0369702,0.0361526
0.128,0.037261,0.0364422
0.129,0.037558,0.0367222
0.13,0.037842,0.0369976
0.131,0.0381476,0.0372804
0.132,0.038443,0.0375548
0.133,0.0387518,0.0378358
0.134,0.039049,0.038097
0.135,0.0393256,0.038379
0.136,0.0396066,0.0386702
0.137,0.0398948,0.038967
0.138,0.0402004,0.0392334
0.139,0.0405,0.0395188
0.14,0.04081,0.0398116
0.141,0.0411262,0.040093
0.142,0.0414196,0.0403646
0.143,0.0417042,0.0406594
0.144,0.041993,0.0409596
0.145,0.042319,0.0412348
0.146,0.042609,0.0415122
0.147,0.0429,0.0418014
0.148,0.0432068,0.0420874
0.149,0.0434938,0.0423384
0.15,0.0438018,0.0426146
0.151,0.044075,0.0428934
0.152,0.0443718,0.0431716
0.153,0.044669,0.0434602
0.154,0.0449598,0.0437296
0.155,0.045275,0.0439992
0.156,0.0455616,0.0442702
0.157,0.0458386,0.0445542
0.158,0.046134,0.0448302
0.159,0.046415,0.045091
0.16,0.046734,0.04536
0.161,0.047025,0.0456482
0.162,0.047304,0.0459272
0.163,0.047602,0.0462104
0.164,0.0479036,0.0464908
0.165,0.0481866,0.0467636
0.166,0.0484788,0.0470412
0.167,0.0487622,0.0473228
0.168,0.0490544,0.0476096
0.169,0.0493468,0.047892
0.17,0.0496312,0.0481654
0.171,0.0499222,0.048452
0.172,0.0502138,0.0487474
0.173,0.0505056,0.0490216
0.174,0.0508038,0.0492898
0.175,0.051092,0.0495554
0.176,0.0513798,0.049827
0.177,0.0516572,0.0501162
0.178,0.0519528,0.050383
0.179,0.0522596,0.0506492
0.18,0.0525504,0.0509256
0.181,0.0528512,0.0511996
0.182,0.0531448,0.051479
0.183,0.0534314,0.0517622
0.184,0.0537176,0.0520446
0.185,0.0540032,0.0523106
0.186,0.0543088,0.052569
0.187,0.0546152,0.0528494
0.188,0.0549002,0.0531252
0.189,0.055202,0.0533898
0.19,0.0554786,0.053631
0.191,0.0557798,0.0538942
0.192,0.0560784,0.0541512
0.193,0.0563584,0.0544308
0.194,0.0566502,0.0547142
0.195,0.0569336,0.0549966
0.196,0.057227,0.0552756
0.197,0.0575252,0.0555472
0.198,0.0578054,0.0558088
0.199,0.0580996,0.0560826
0.2,0.0584002,0.0563396
0.201,0.0586892,0.0565978
0.202,0.0589878,0.0568714
0.203,0.0592804,0.0571464
0.204,0.059562,0.0574206
0.205,0.0598534,0.0576986
0.206,0.0601616,0.0579694
0.207,0.0604578,0.0582522
0.208,0.0607528,0.0585272
0.209,0.0610478,0.0587994
0.21,0.0613564,0.0590624
0.211,0.0616466,0.059321
0.212,0.0619372,0.0595818
0.213,0.0622248,0.059859
0.214,0.06251,0.0601246
0.215,0.0627936,0.0603958
0.216,0.0630776,0.0606498
0.217,0.0633658,0.0609364
0.218,0.0636712,0.0612034
0.219,0.0639692,0.0615
0.22,0.0642672,0.0617688
0.221,0.0645786,0.0620332
0.222,0.0648766,0.0623186
0.223,0.0651958,0.062602
0.224,0.0654914,0.0628898
0.225,0.0657698,0.0631502
0.226,0.0660574,0.0634278
0.227,0.0663326,0.0637098
0.228,0.0666444,0.0639796
0.229,0.0669566,0.0642484
0.23,0.0672452,0.064501
0.231,0.0675252,0.0647648
0.232,0.0678028,0.0650294
0.233,0.0680958,0.0652892
0.234,0.068374,0.0655496
0.235,0.068675,0.0658204
0.236,0.0689596,0.0660696
0.237,0.0692494,0.0663366
0.238,0.069539,0.0666094
0.239,0.0698282,0.0668718
0.24,0.0701244,0.0671376
0.241,0.0704166,0.0674096
0.242,0.0707116,0.0676756
0.243,0.0709988,0.067955
0.244,0.0712838,0.0682072
0.245,0.071589,0.0684798
0.246,0.0718936,0.0687456
0.247,0.0721756,0.0690162
0.248,0.0724676,0.0692818
0.249,0.072753,0.0695456
0.25,0.073038,0.0697942
0.251,0.0733594,0.070067
0.252,0.073659,0.0703518
0.253,0.0739402,0.0706048
0.254,0.0742178,0.0708878
0.255,0.0744752,0.0711654
0.256,0.0747482,0.0714436
0.257,0.0750446,0.0717158
0.258,0.0753592,0.0719922
0.259,0.0756538,0.0722588
0.26,0.0759322,0.0725264
0.261,0.0762122,0.072796
0.262,0.076521,0.0730664
0.263,0.0768016,0.073342
0.264,0.0771294,0.0736068
0.265,0.0774066,0.073875
0.266,0.0777092,0.074131
0.267,0.0779962,0.0743822
0.268,0.0782852,0.0746408
0.269,0.0785636,0.0748954
0.27,0.0788488,0.0751752
0.271,0.0791316,0.0754414
0.272,0.0794318,0.0757178
0.273,0.0797282,0.075996
0.274,0.0800104,0.0762366
0.275,0.080298,0.076509
0.276,0.0805884,0.0767954
0.277,0.0808746,0.0770628
0.278,0.0811674,0.0773392
0.279,0.0814644,0.0775822
0.28,0.0817642,0.077837
0.281,0.0820734,0.0780772
0.282,0.0823744,0.0783518
0.283,0.082671,0.0785848
0.284,0.0829624,0.0788438
0.285,0.0832522,0.0791116
0.286,0.0835408,0.0793678
0.287,0.08382,0.079627
0.288,0.0840958,0.0798768
0.289,0.0843776,0.0801562
0.29,0.0846692,0.0804036
0.291,0.0849566,0.0806688
0.292,0.0852492,0.0809296
0.293,0.085552,0.081199
0.294,0.0858332,0.081464
0.295,0.0861296,0.0817284
0.296,0.0864126,0.0819976
0.297,0.0866938,0.0822526
0.298,0.0869892,0.0825054
0.299,0.0872936,0.082768
0.3,0.087582,0.0830396
0.301,0.0878612,0.0833096
0.302,0.0881502,0.0835906
0.303,0.0884464,0.0838396
0.304,0.088753,0.0841008
0.305,0.0890476,0.08437
0.306,0.089332,0.0846448
0.307,0.0896362,0.0849098
0.308,0.0899334,0.0851546
0.309,0.0902238,0.0854296
0.31,0.0905068,0.0857044
0.311,0.0908032,0.0859472
0.312,0.0910928,0.0861952
0.313,0.0913726,0.086452
0.314,0.0916464,0.0867302
0.315,0.0919458,0.0870122
0.316,0.092222,0.0872886
0.317,0.0925288,0.0875402
0.318,0.092833,0.0877996
0.319,0.0931228,0.0880634
0.32,0.093427,0.0883136
0.321,0.0937156,0.0885712
0.322,0.0940126,0.0888242
0.323,0.0942982,0.089101
0.324,0.0945966,0.0893802
0.325,0.094903,0.0896314
0.326,0.0951942,0.089881
0.327,0.0954816,0.0901598
0.328,0.0957662,0.0904328
0.329,0.0960584,0.0906966
0.33,0.0963296,0.090936
0.331,0.0966366,0.0911988
0.332,0.0969254,0.0914742
0.333,0.0972082,0.091718
0.334,0.097506,0.0919838
0.335,0.097812,0.0922262
0.336,0.098114,0.0924738
0.337,0.098412,0.0927272
0.338,0.098711,0.0929746
0.339,0.099004,0.093216
0.34,0.0992952,0.0934576
0.341,0.0995812,0.0936968
0.342,0.0998844,0.0939672
0.343,0.1001612,0.0942294
0.344,0.1004422,0.0944868
0.345,0.1007562,0.0947272
0.346,0.1010408,0.0949794
0.347,0.1013378,0.095237
0.348,0.1016384,0.095498
0.349,0.101944,0.0957436
0.35,0.10223,0.0959988
0.351,0.1025214,0.0962626
0.352,0.1028008,0.0965294
0.353,0.1031124,0.0967794
0.354,0.1034078,0.097029
0.355,0.1037112,0.0972832
0.356,0.1040074,0.0975292
0.357,0.1042972,0.0977962
0.358,0.104595,0.0980522
0.359,0.1048894,0.098315
0.36,0.1051756,0.0985674
0.361,0.1054798,0.0988328
0.362,0.1057842,0.0990796
0.363,0.1060662,0.0993438
0.364,0.106379,0.0996134
0.365,0.1066672,0.0998614
0.366,0.1069598,0.1001188
0.367,0.1072642,0.100378
0.368,0.107557,0.1006498
0.369,0.1078492,0.1008978
0.37,0.1081596,0.1011586
0.371,0.1084456,0.1014152
0.372,0.1087342,0.1016746
0.373,0.1090246,0.1019162
0.374,0.1093174,0.1021672
0.375,0.109607,0.1024172
0.376,0.1099088,0.1026634
0.377,0.1101764,0.1029174
0.378,0.1104728,0.1031692
0.379,0.1107578,0.103415
0.38,0.1110534,0.1036734
0.381,0.1113518,0.103929
0.382,0.1116576,0.1041826
0.383,0.1119452,0.1044338
0.384,0.1122458,0.1046958
0.385,0.112546,0.1049476
0.386,0.1128318,0.1051818
0.387,0.1131252,0.1054244
0.388,0.113424,0.1057022
0.389,0.1137238,0.1059462
0.39,0.1140112,0.106192
0.391,0.1143056,0.1064366
0.392,0.1145884,0.1066784
0.393,0.1148864,0.106947
0.394,0.1152072,0.107204
0.395,0.115506,0.1074558
0.396,0.1157842,0.1077022
0.397,0.116084,0.1079512
0.398,0.1163864,0.1081906
0.399,0.116676,0.1084554
0.4,0.116966,0.1087086
0.401,0.1172622,0.1089502
0.402,0.1175666,0.109208
0.403,0.1178534,0.1094558
0.404,0.1181658,0.1097156
0.405,0.1184632,0.1099696
0.406,0.1187424,0.1102266
0.407,0.1190328,0.110482
0.408,0.11933,0.1107402
0.409,0.1196068,0.1109726
0.41,0.1198982,0.1112108
0.411,0.1201986,0.111445
0.412,0.1204656,0.1116824
0.413,0.1207282,0.1119246
0.414,0.121018,0.1121788
0.415,0.1213106,0.112437
0.416,0.1215966,0.1126802
0.417,0.121897,0.1129092
0.418,0.1221884,0.1131598
0.419,0.1224554,0.1133946
0.42,0.1227808,0.1136502
0.421,0.1230766,0.1139026
0.422,0.1233748,0.1141494
0.423,0.1236496,0.1144006
0.424,0.123954,0.1146206
0.425,0.1242542,0.1148756
0.426,0.1245592,0.1151226
0.427,0.1248516,0.115389
0.428,0.1251292,0.1156468
0.429,0.12543,0.1158976
0.43,0.125702,0.116143
0.431,0.126014,0.1163924
0.432,0.126298,0.1166456
0.433,0.1266162,0.1168954
0.434,0.1269098,0.117141
0.435,0.1272016,0.1173848
0.436,0.127491,0.1176428
0.437,0.1277838,0.1179042
0.438,0.1280726,0.118159
0.439,0.1283638,0.1183888
0.44,0.1286806,0.1186358
0.441,0.12897,0.1188932
0.442,0.1292546,0.119147
0.443,0.1295488,0.1194048
0.444,0.1298404,0.1196564
0.445,0.1301402,0.119902
0.446,0.1304308,0.1201518
0.447,0.1307086,0.1203842
0.448,0.1309976,0.1206322
0.449,0.131283,0.1208874
0.45,0.1315784,0.1211212
0.451,0.1318704,0.1213808
0.452,0.1321616,0.1216234
0.453,0.1324532,0.1218868
0.454,0.1327292,0.1221152
0.455,0.133018,0.1223502
0.456,0.1333284,0.122595
0.457,0.1336188,0.1228594
0.458,0.1339098,0.1230966
0.459,0.1341896,0.1233414
0.46,0.1345044,0.1235924
0.461,0.1348038,0.1238232
0.462,0.1350786,0.1240868
0.463,0.1353838,0.1243186
0.464,0.1356732,0.124567
0.465,0.1359656,0.1247868
0.466,0.136241,0.1250172
0.467,0.1365188,0.125283
0.468,0.1368064,0.1255326
0.469,0.1371076,0.1257856
0.47,0.1374064,0.126035
0.471,0.1377004,0.126276
0.472,0.138003,0.1265224
0.473,0.1382968,0.1267688
0.474,0.1385838,0.1270116
0.475,0.1388756,0.1272512
0.476,0.1391632,0.1274688
0.477,0.1394388,0.1277266
0.478,0.1397192,0.1279824
0.479,0.1400192,0.1282278
0.48,0.1403254,0.128473
0.481,0.140627,0.1287176
0.482,0.140919,0.1289662
0.483,0.141201,0.12922
0.484,0.1414898,0.1294492
0.485,0.1417806,0.1297028
0.486,0.1420738,0.1299456
0.487,0.1423766,0.1301904
0.488,0.1426866,0.1304208
0.489,0.142968,0.1306654
0.49,0.1432568,0.1309032
0.491,0.1435468,0.1311304
0.492,0.143846,0.1313638
0.493,0.1441292,0.1316078
0.494,0.1444364,0.131841
0.495,0.1447266,0.132075
0.496,0.1450364,0.1323396
0.497,0.1453192,0.1325626
0.498,0.145621,0.132792
0.499,0.1459216,0.1330298
0.5,0.146214,0.1332638
0.501,0.1464968,0.1335096
0.502,0.1467798,0.1337474
0.503,0.147078,0.1339968
0.504,0.1473766,0.1342486
0.505,0.1476866,0.1344946
0.506,0.1479916,0.1347274
0.507,0.1482766,0.1349696
0.508,0.1485638,0.1352194
0.509,0.148844,0.1354488
0.51,0.1491328,0.1356742
0.511,0.1494158,0.1359112
0.512,0.1497044,0.1361342
0.513,0.1500072,0.136373
0.514,0.150288,0.1366088
0.515,0.1505668,0.136846
0.516,0.150849,0.1370828
0.517,0.1511382,0.137312
0.518,0.1514382,0.1375424
0.519,0.1517224,0.1377816
0.52,0.1520166,0.1380138
0.521,0.1523272,0.1382418
0.522,0.1526108,0.138477
0.523,0.1529018,0.1387066
0.524,0.1531988,0.138949
0.525,0.153483,0.1391774
0.526,0.153743,0.1394124
0.527,0.1540502,0.1396522
0.528,0.154364,0.1398928
0.529,0.1546404,0.1401318
0.53,0.1549306,0.1403634
0.531,0.1552316,0.1406044
0.532,0.1555236,0.1408424
0.533,0.1558248,0.141081
0.534,0.1560972,0.1413218
0.535,0.156383,0.1415496
0.536,0.1566932,0.1417834
0.537,0.156978,0.1420314
0.538,0.1572638,0.1422624
0.539,0.1575562,0.1425006
0.54,0.1578446,0.1427424
0.541,0.1581382,0.1429804
0.542,0.1584294,0.1432146
0.543,0.1587232,0.1434422
0.544,0.1590206,0.1436868
0.545,0.159317,0.143925
0.546,0.1596108,0.144183
0.547,0.1599014,0.1444162
0.548,0.1601692,0.1446652
0.549,0.160456,0.1449016
0.55,0.1607306,0.145134
0.551,0.161025,0.1453708
0.552,0.161296,0.1456184
0.553,0.1615898,0.145838
0.554,0.161881,0.146068
0.555,0.162176,0.1462924
0.556,0.1624648,0.1465268
0.557,0.1627382,0.1467576
0.558,0.163004,0.1469966
0.559,0.1633064,0.14724
0.56,0.1635846,0.1474652
0.561,0.1638714,0.1477066
0.562,0.1641518,0.1479432
0.563,0.1644422,0.1481742
0.564,0.1647268,0.1484128
0.565,0.1650132,0.1486444
0.566,0.1653024,0.1488738
0.567,0.1656112,0.1491096
0.568,0.1659016,0.1493444
0.569,0.166203,0.1495728
0.57,0.166514,0.1498078
0.571,0.1667996,0.1500362
0.572,0.1670898,0.1502744
0.573,0.1673818,0.1505082
0.574,0.167688,0.1507418
0.575,0.167986,0.1509594
0.576,0.1682758,0.151188
0.577,0.1685772,0.151422
0.578,0.168857,0.1516672
0.579,0.1691496,0.151895
0.58,0.1694308,0.1521254
0.581,0.1697176,0.152368
0.582,0.170003,0.1526046
0.583,0.1702822,0.152834
0.584,0.1705626,0.1530842
0.585,0.1708674,0.1533086
0.586,0.1711592,0.153536
0.587,0.1714592,0.153769
0.588,0.1717546,0.1539988
0.589,0.1720372,0.1542202
0.59,0.1723112,0.1544514
0.591,0.1726084,0.1546844
0.592,0.1729054,0.1549054
0.593,0.1731918,0.1551252
0.594,0.1734788,0.1553678
0.595,0.1737716,0.1555998
0.596,0.1740482,0.1558322
0.597,0.1743318,0.1560754
0.598,0.1746118,0.1563008
0.599,0.1748696,0.1565368
0.6,0.1751672,0.156771
0.601,0.1754522,0.1570024
0.602,0.175732,0.1572368
0.603,0.176018,0.1574662
0.604,0.1762886,0.1576978
0.605,0.176575,0.1579202
0.606,0.1768596,0.158153
0.607,0.1771484,0.1583888
0.608,0.1774452,0.158606
0.609,0.1777422,0.1588274
0.61,0.178042,0.159065
0.611,0.178328,0.1592968
0.612,0.178608,0.1595262
0.613,0.1789174,0.159761
0.614,0.1792106,0.160004
0.615,0.1794786,0.1602244
0.616,0.179768,0.160447
0.617,0.1800572,0.160696
0.618,0.1803438,0.1609348
0.619,0.1806416,0.1611682
0.62,0.1809268,0.1613908
0.621,0.1812178,0.161612
0.622,0.1815062,0.1618386
0.623,0.181806,0.1620552
0.624,0.1820958,0.1622694
0.625,0.1823802,0.1624898
0.626,0.1826704,0.1627114
0.627,0.18295,0.1629334
0.628,0.1832366,0.1631656
0.629,0.1835254,0.1633998
0.63,0.1838204,0.1636288
0.631,0.1841016,0.1638518
0.632,0.1844012,0.1640898
0.633,0.1846902,0.164318
0.634,0.1849888,0.1645386
0.635,0.1852966,0.164747
0.636,0.185588,0.1649822
0.637,0.185858,0.1651932
0.638,0.1861306,0.1654192
0.639,0.1864232,0.1656356
0.64,0.1867012,0.1658442
0.641,0.186988,0.1660796
0.642,0.187264,0.1663094
0.643,0.1875622,0.1665286
0.644,0.1878494,0.1667558
0.645,0.188149,0.1669786
0.646,0.1884588,0.1672042
0.647,0.1887354,0.1674298
0.648,0.1890256,0.1676566
0.649,0.1893074,0.1678706
0.65,0.1896064,0.1680798
0.651,0.1898984,0.1683054
0.652,0.19019,0.1685464
0.653,0.190478,0.1687716
0.654,0.1907618,0.1689936
0.655,0.1910528,0.1692106
0.656,0.191355,0.1694316
0.657,0.1916496,0.1696672
0.658,0.1919334,0.169902
0.659,0.192234,0.1701104
0.66,0.1925206,0.1703444
0.661,0.192803,0.1705574
0.662,0.1931076,0.170792
0.663,0.193376,0.17102
0.664,0.1936612,0.1712408
0.665,0.1939586,0.1714592
0.666,0.1942622,0.171685
0.667,0.1945464,0.17193
0.668,0.1948472,0.1721698
0.669,0.1951306,0.1724076
0.67,0.1954144,0.1726438
0.671,0.195712,0.1728738
0.672,0.1959862,0.173071
0.673,0.1962652,0.1732894
0.674,0.1965364,0.1735088
0.675,0.1968374,0.173725
0.676,0.197129,0.1739466
0.677,0.1973948,0.1741762
0.678,0.197668,0.174412
0.679,0.1979556,0.1746264
0.68,0.198232,0.1748326
0.681,0.198522,0.175052
0.682,0.1988106,0.1752796
0.683,0.199083,0.1755128
0.684,0.1993598,0.1757296
0.685,0.1996546,0.1759416
0.686,0.199948,0.176173
0.687,0.2002092,0.1763798
0.688,0.2004976,0.1766052
0.689,0.2007762,0.1768188
0.69,0.2010456,0.1770434
0.691,0.2013204,0.1772684
0.692,0.2016044,0.1774892
0.693,0.2018958,0.1776916
0.694,0.2021854,0.1779146
0.695,0.2024722,0.1781168
0.696,0.2027644,0.1783294
0.697,0.2030524,0.1785184
0.698,0.2033268,0.1787444
0.699,0.2036164,0.1789628
0.7,0.203902,0.1791998
0.701,0.2041912,0.1794154
0.702,0.2044784,0.1796332
0.703,0.204762,0.1798544
0.704,0.2050344,0.1800682
0.705,0.205313,0.180275
0.706,0.2056048,0.1805094
0.707,0.205883,0.1807278
0.708,0.2061536,0.180945
0.709,0.2064484,0.1811692
0.71,0.2067222,0.1813958
0.711,0.206998,0.1816154
0.712,0.2072712,0.1818366
0.713,0.2075598,0.1820518
0.714,0.2078532,0.1822722
0.715,0.2081274,0.1824974
0.716,0.2084062,0.1827208
0.717,0.208691,0.1829438
0.718,0.2089636,0.183151
0.719,0.20926,0.1833532
0.72,0.2095288,0.1835722
0.721,0.2098076,0.183773
0.722,0.2100896,0.183976
0.723,0.2103808,0.1841758
0.724,0.210662,0.1843778
0.725,0.2109564,0.1846068
0.726,0.2112136,0.1848268
0.727,0.211502,0.1850358
0.728,0.2117826,0.1852432
0.729,0.2120764,0.1854578
0.73,0.2123654,0.185679
0.731,0.212648,0.185906
0.732,0.2129218,0.1861192
0.733,0.2132052,0.1863362
0.734,0.2134914,0.1865532
0.735,0.2137934,0.1867768
0.736,0.2140694,0.1869826
0.737,0.2143614,0.1871932
0.738,0.214641,0.1874126
0.739,0.214933,0.1876334
0.74,0.2152186,0.1878326
0.741,0.2155186,0.1880404
0.742,0.2158108,0.1882552
0.743,0.2161062,0.188477
0.744,0.2163766,0.1886992
0.745,0.2166806,0.1889016
0.746,0.2169766,0.1890882
0.747,0.2172466,0.1893076
0.748,0.217528,0.1895174
0.749,0.2178132,0.189734
0.75,0.2180926,0.1899454
0.751,0.2183708,0.1901522
0.752,0.2186452,0.1903646
0.753,0.2189356,0.1905788
0.754,0.219218,0.1907954
0.755,0.2194994,0.1910128
0.756,0.219774,0.1912224
0.757,0.2200712,0.1914226
0.758,0.2203506,0.1916256
0.759,0.2206286,0.1918358
0.76,0.220899,0.1920322
0.761,0.221174,0.1922396
0.762,0.2214474,0.1924556
0.763,0.2217112,0.1926736
0.764,0.2219856,0.1928924
0.765,0.2222632,0.1930988
0.766,0.2225598,0.1933164
0.767,0.2228402,0.1935162
0.768,0.2231244,0.1937342
0.769,0.2234008,0.1939436
0.77,0.2236874,0.1941422
0.771,0.223975,0.1943372
0.772,0.2242406,0.1945308
0.773,0.2245324,0.1947446
0.774,0.2248204,0.1949334
0.775,0.2251068,0.1951358
0.776,0.2253752,0.1953236
0.777,0.2256512,0.195529
0.778,0.225939,0.1957342
0.779,0.2262146,0.1959622
0.78,0.2264916,0.196164
0.781,0.2267768,0.1963628
0.782,0.2270546,0.1965868
0.783,0.2273282,0.1967884
0.784,0.2276064,0.1969942
0.785,0.2278876,0.1971922
0.786,0.228165,0.1974124
0.787,0.228434,0.1976262
0.788,0.2287054,0.1978404
0.789,0.2289798,0.1980608
0.79,0.2292718,0.198253
0.791,0.2295648,0.1984712
0.792,0.229869,0.1986976
0.793,0.2301546,0.1989048
0.794,0.2304504,0.1991074
0.795,0.2307294,0.1993102
0.796,0.2309958,0.1995166
0.797,0.231289,0.1997128
0.798,0.2315702,0.1999142
0.799,0.2318372,0.200107
0.8,0.2321262,0.2003116
0.801,0.23239,0.2005178
0.802,0.2326812,0.2007296
0.803,0.2329672,0.2009288
0.804,0.2332322,0.2011364
0.805,0.2335198,0.2013496
0.806,0.2338014,0.2015566
0.807,0.2340894,0.201765
0.808,0.2343722,0.2019562
0.809,0.2346688,0.2021602
0.81,0.2349608,0.2023824
0.811,0.2352302,0.2025864
0.812,0.2355194,0.2027996
0.813,0.2358178,0.203015
0.814,0.2361086,0.2032186
0.815,0.2363774,0.2034034
0.816,0.2366624,0.2036356
0.817,0.2369472,0.2038284
0.818,0.2372066,0.2040372
0.819,0.2374844,0.2042456
0.82,0.237759,0.2044388
0.821,0.238035,0.2046514
0.822,0.2383196,0.2048478
0.823,0.238597,0.2050578
0.824,0.2388846,0.2052438
0.825,0.2391714,0.205463
0.826,0.239457,0.2056684
0.827,0.2397404,0.2058638
0.828,0.2400202,0.2060574
0.829,0.2402844,0.2062608
0.83,0.2405534,0.2064682
0.831,0.2408456,0.206683
0.832,0.2411226,0.2068744
0.833,0.2414288,0.2070636
0.834,0.2416944,0.2072604
0.835,0.2419712,0.207468
0.836,0.2422652,0.2076726
0.837,0.242553,0.2078702
0.838,0.2428152,0.2080704
0.839,0.24311,0.2082728
0.84,0.243396,0.2084706
0.841,0.2436692,0.20867
0.842,0.243939,0.2088706
0.843,0.244226,0.2090654
0.844,0.2445028,0.2092596
0.845,0.2447768,0.2094614
0.846,0.2450444,0.2096634
0.847,0.2453254,0.2098526
0.848,0.2455826,0.210056
0.849,0.2458612,0.2102828
0.85,0.2461362,0.2104718
0.851,0.2464082,0.2106686
0.852,0.2466792,0.210857
0.853,0.2469624,0.2110604
0.854,0.2472504,0.2112692
0.855,0.2475158,0.2114636
0.856,0.2478036,0.2116812
0.857,0.248082,0.2118708
0.858,0.2483584,0.2120698
0.859,0.2486552,0.212275
0.86,0.248928,0.2124704
0.861,0.2492226,0.2126672
0.862,0.249493,0.212877
0.863,0.2497692,0.2130656
0.864,0.2500452,0.213244
0.865,0.2503292,0.2134304
0.866,0.250591,0.2136246
0.867,0.2508626,0.2138232
0.868,0.2511512,0.2140248
0.869,0.2514408,0.2142242
0.87,0.2517162,0.214409
0.871,0.2519908,0.214616
0.872,0.2522586,0.2147994
0.873,0.252536,0.2149916
0.874,0.252818,0.2151966
0.875,0.2531074,0.215398
0.876,0.2533778,0.2155988
0.877,0.2536602,0.215799
0.878,0.2539306,0.2159852
0.879,0.2541894,0.2161972
0.88,0.2544544,0.2163902
0.881,0.2547376,0.2165956
0.882,0.2550066,0.2167964
0.883,0.2552748,0.2169938
0.884,0.2555454,0.2171842
0.885,0.255831,0.2174014
0.886,0.2561116,0.2176084
0.887,0.2563826,0.2178058
0.888,0.2566478,0.217993
0.889,0.2569196,0.2181878
0.89,0.2571992,0.2183804
0.891,0.2574732,0.2185696
0.892,0.257758,0.2187654
0.893,0.258033,0.2189688
0.894,0.2583186,0.2191708
0.895,0.2586022,0.2193622
0.896,0.2588866,0.219541
0.897,0.2591626,0.2197336
0.898,0.2594498,0.2199242
0.899,0.259714,0.2201198
0.9,0.2599966,0.2203158
0.901,0.2602634,0.2205024
0.902,0.2605446,0.22069
0.903,0.2607976,0.2208802
0.904,0.2610834,0.221082
0.905,0.2613618,0.221285
0.906,0.2616318,0.2214742
0.907,0.2619092,0.221673
0.908,0.26218,0.2218778
0.909,0.2624632,0.2220624
0.91,0.2627548,0.2222598
0.911,0.2630392,0.2224732
0.912,0.2633022,0.2226694
0.913,0.2635694,0.2228618
0.914,0.2638404,0.2230484
0.915,0.2641104,0.2232398
0.916,0.2643736,0.2234226
0.917,0.2646584,0.223612
0.918,0.264921,0.223802
0.919,0.2652082,0.2239982
0.92,0.265485,0.2241792
0.921,0.2657752,0.2243648
0.922,0.2660526,0.2245672
0.923,0.2663216,0.2247472
0.924,0.2665912,0.2249358
0.925,0.2668764,0.2251248
0.926,0.2671548,0.2253184
0.927,0.2674064,0.225512
0.928,0.2676684,0.2257092
0.929,0.26794,0.2258894
0.93,0.26822,0.2260872
0.931,0.2684834,0.226278
0.932,0.268765,0.2264628
0.933,0.2690408,0.226648
0.934,0.269325,0.2268388
0.935,0.2695972,0.2270364
0.936,0.2698628,0.2272242
0.937,0.270125,0.2274148
0.938,0.2704192,0.2276034
0.939,0.2707076,0.2277862
0.94,0.2709936,0.2279754
0.941,0.2712728,0.2281646
0.942,0.271551,0.2283552
0.943,0.2718218,0.2285394
0.944,0.2721004,0.2287212
0.945,0.2723724,0.2288984
0.946,0.2726576,0.229078
0.947,0.2729302,0.2292664
0.948,0.2732014,0.229459
0.949,0.2734634,0.2296446
0.95,0.2737444,0.2298268
0.951,0.274017,0.230016
0.952,0.2742822,0.2302142
0.953,0.2745382,0.2303914
0.954,0.2748118,0.2305704
0.955,0.2750952,0.2307688
0.956,0.2753632,0.2309484
0.957,0.2756384,0.2311418
0.958,0.2759186,0.2313268
0.959,0.2762036,0.2315242
0.96,0.2764682,0.2317228
0.961,0.27675,0.231895
0.962,0.2770068,0.2320754
0.963,0.2772816,0.2322602
0.964,0.2775534,0.232442
0.965,0.2778218,0.2326328
0.966,0.2780982,0.2328188
0.967,0.278363,0.2330192
0.968,0.278644,0.2332146
0.969,0.278897,0.233405
0.97,0.2791718,0.2335964
0.971,0.2794456,0.2337746
0.972,0.2797116,0.233959
0.973,0.2799824,0.234153
0.974,0.2802544,0.2343446
0.975,0.2805,0.2345176
0.976,0.2807694,0.2347036
0.977,0.2810258,0.2348804
0.978,0.2813156,0.235063
0.979,0.2815678,0.235258
0.98,0.2818404,0.2354388
0.981,0.2821246,0.2356102
0.982,0.282397,0.2357852
0.983,0.2826668,0.2359894
0.984,0.282924,0.2361758
0.985,0.2831748,0.2363552
0.986,0.2834588,0.2365268
0.987,0.2837208,0.2367192
0.988,0.2839896,0.236906
0.989,0.284261,0.2370848
0.99,0.2845384,0.2372592
0.991,0.2848066,0.2374506
0.992,0.2850658,0.2376296
0.993,0.2853344,0.2378128
0.994,0.285603,0.237974
0.995,0.2858842,0.238156
0.996,0.286154,0.2383234
0.997,0.286437,0.2385088
0.998,0.2867254,0.2386886
0.999,0.2870016,0.2388682
1.0,0.287275,0.2390534
1.001,0.2875418,0.2392374
1.002,0.2878278,0.2394118
1.003,0.2880772,0.239609
1.004,0.2883622,0.2397832
1.005,0.288648,0.239966
1.006,0.2889178,0.2401464
1.007,0.289192,0.2403352
1.008,0.2894526,0.2405134
1.009,0.2897384,0.2406886
1.01,0.2900256,0.2408578
1.011,0.2902904,0.241041
1.012,0.290563,0.2412238
1.013,0.2908376,0.241404
1.014,0.2911042,0.2415728
1.015,0.2913678,0.2417504
1.016,0.2916466,0.2419238
1.017,0.2918934,0.2421024
1.018,0.2921738,0.2422732
1.019,0.2924578,0.2424538
1.02,0.2927338,0.2426336
1.021,0.293003,0.242801
1.022,0.2932742,0.2429986
1.023,0.2935434,0.2431808
1.024,0.2938122,0.243359
1.025,0.2940718,0.2435334
1.026,0.294343,0.2437018
1.027,0.294604,0.2438932
1.028,0.2948652,0.2440776
1.029,0.2951254,0.2442478
1.03,0.2953956,0.2444272
1.031,0.2956748,0.244598
1.032,0.2959312,0.2447688
1.033,0.296223,0.2449458
1.034,0.2964794,0.2451266
1.035,0.2967508,0.2453048
1.036,0.297021,0.2454908
1.037,0.2972578,0.2456752
1.038,0.2975374,0.2458538
1.039,0.2978016,0.2460296
1.04,0.2980888,0.246203
1.041,0.2983418,0.2463822
1.042,0.2986052,0.2465586
1.043,0.2988746,0.246731
1.044,0.2991422,0.2469012
1.045,0.2994032,0.247075
1.046,0.2996742,0.2472458
1.047,0.2999458,0.2474432
1.048,0.3002116,0.2476058
1.049,0.3004952,0.2477916
1.05,0.3007798,0.2479668
1.051,0.3010714,0.2481444
1.052,0.3013322,0.2483284
1.053,0.3016014,0.2484918
1.054,0.301868,0.248668
1.055,0.302138,0.2488448
1.056,0.302397,0.249018
1.057,0.3026532,0.2491876
1.058,0.302913,0.2493524
1.059,0.3031902,0.2495226
1.06,0.3034626,0.249688
1.061,0.3037168,0.2498622
1.062,0.3039896,0.2500368
1.063,0.304259,0.250195
1.064,0.3045124,0.2503726
1.065,0.3047632,0.2505484
1.066,0.3050524,0.2507204
1.067,0.3053354,0.2509056
1.068,0.305623,0.2510856
1.069,0.3058786,0.2512396
1.07,0.3061524,0.251405
1.071,0.306425,0.2515776
1.072,0.3066732,0.251743
1.073,0.306925,0.2519256
1.074,0.307177,0.2520982
1.075,0.3074434,0.252258
1.076,0.3077082,0.2524382
1.077,0.307982,0.2525972
1.078,0.3082502,0.2527734
1.079,0.3085092,0.2529552
1.08,0.3087948,0.2531212
1.081,0.30906,0.25329
1.082,0.3093182,0.2534696
1.083,0.3095896,0.2536462
1.084,0.3098682,0.2538106
1.085,0.3101278,0.2539724
1.086,0.3104028,0.2541374
1.087,0.31066,0.254301
1.088,0.310909,0.2544736
1.089,0.3111662,0.2546406
1.09,0.31143,0.2548132
1.091,0.3116952,0.2549906
1.092,0.3119692,0.2551588
1.093,0.3122358,0.2553372
1.094,0.312504,0.2555088
1.095,0.3127648,0.2556666
1.096,0.3130482,0.2558342
1.097,0.3133076,0.2560122
1.098,0.3135866,0.2561778
1.099,0.3138476,0.2563452
1.1,0.3141204,0.2565168
1.101,0.3144014,0.2566906
1.102,0.3146628,0.2568598
1.103,0.3149112,0.2570148
1.104,0.3151778,0.2571798
1.105,0.3154534,0.2573548
1.106,0.315721,0.2575264
1.107,0.3159804,0.2576856
1.108,0.3162334,0.2578504
1.109,0.3165088,0.258019
1.11,0.3167674,0.2581916
1.111,0.3170182,0.2583718
1.112,0.3172958,0.2585378
1.113,0.3175666,0.258692
1.114,0.3178264,0.2588708
1.115,0.3180846,0.2590394
1.116,0.3183444,0.2592062
1.117,0.318598,0.2593718
1.118,0.3188598,0.259522
1.119,0.3191234,0.2597014
1.12,0.3193756,0.259859
1.121,0.319647,0.2600372
1.122,0.3199192,0.2602132
1.123,0.3201782,0.2603776
1.124,0.320447,0.2605396
1.125,0.3207446,0.2607054
1.126,0.3210028,0.260874
1.127,0.3212626,0.2610432
1.128,0.3215428,0.2612312
1.129,0.3218158,0.261409
1.13,0.3220746,0.2615728
1.131,0.3223372,0.261737
1.132,0.3225998,0.261903
1.133,0.3228696,0.262068
1.134,0.3231348,0.2622256
1.135,0.3233864,0.2623796
1.136,0.3236346,0.2625334
1.137,0.3238784,0.2627082
1.138,0.3241396,0.2628702
1.139,0.3244042,0.2630274
1.14,0.3246646,0.263197
1.141,0.3249064,0.263365
1.142,0.3251782,0.2635098
1.143,0.3254356,0.2636822
1.144,0.3256996,0.2638406
1.145,0.325953,0.2640006
1.146,0.3262286,0.2641612
1.147,0.326507,0.2643322
1.148,0.3267646,0.2644946
1.149,0.3269958,0.2646548
1.15,0.3272458,0.2648184
1.151,0.3274916,0.2649954
1.152,0.3277538,0.2651484
1.153,0.3280072,0.2653106
1.154,0.328259,0.2654738
1.155,0.3285098,0.2656362
1.156,0.328776,0.2658028
1.157,0.329015,0.2659708
1.158,0.329283,0.2661238
1.159,0.3295378,0.2662754
1.16,0.329777,0.26645
1.161,0.330041,0.2666152
1.162,0.3303044,0.2667768
1.163,0.3305764,0.266936
1.164,0.3308456,0.267097
1.165,0.3310962,0.2672578
1.166,0.3313668,0.267423
1.167,0.3316234,0.2675838
1.168,0.3318732,0.267751
1.169,0.3321366,0.2679294
1.17,0.3323886,0.2680844
1.171,0.3326346,0.2682436
1.172,0.332908,0.2684022
1.173,0.333164,0.2685608
1.174,0.3334314,0.2687278
1.175,0.3337008,0.2688882
1.176,0.3339484,0.2690524
1.177,0.3341972,0.26921
1.178,0.3344528,0.2693642
1.179,0.3347262,0.2695194
1.18,0.3349828,0.2696686
1.181,0.3352644,0.2698352
1.182,0.335537,0.2700166
1.183,0.3357946,0.2701782
1.184,0.336041,0.2703384
1.185,0.3362962,0.2704982
1.186,0.33655,0.2706682
1.187,0.3368042,0.270825
1.188,0.3370566,0.2709788
1.189,0.3373008,0.2711354
1.19,0.3375576,0.2713022
1.191,0.3378168,0.2714628
1.192,0.3380762,0.2716044
1.193,0.33834,0.2717594
1.194,0.3386044,0.271929
1.195,0.3388732,0.2720898
1.196,0.3391192,0.2722606
1.197,0.3393706,0.2724184
1.198,0.3396334,0.2725788
1.199,0.3398904,0.2727424
1.2,0.3401484,0.2729068
1.201,0.3404092,0.2730606
1.202,0.3406586,0.2732022
1.203,0.3409236,0.2733534
1.204,0.3411848,0.2735018
1.205,0.341427,0.2736586
1.206,0.3416886,0.2738024
1.207,0.341964,0.2739568
1.208,0.3422216,0.2741106
1.209,0.342469,0.274264
1.21,0.3427156,0.2744346
1.211,0.3429716,0.2745908
1.212,0.3432372,0.2747468
1.213,0.3434928,0.2749006
1.214,0.3437584,0.275069
1.215,0.3440044,0.275229
1.216,0.3442458,0.2753828
1.217,0.3445006,0.2755408
1.218,0.344762,0.2756876
1.219,0.3450092,0.2758376
1.22,0.345249,0.2759862
1.221,0.3454968,0.2761436
1.222,0.3457498,0.2762922
1.223,0.3459932,0.2764472
1.224,0.3462478,0.2765944
1.225,0.3465146,0.2767538
1.226,0.3467742,0.2769102
1.227,0.3470508,0.2770586
1.228,0.3473188,0.2771962
1.229,0.347571,0.2773504
1.23,0.3478266,0.2775078
1.231,0.3480796,0.2776494
1.232,0.348331,0.277799
1.233,0.3485834,0.2779618
1.234,0.348838,0.27812
1.235,0.3491026,0.2782882
1.236,0.3493626,0.2784456
1.237,0.3496306,0.2786094
1.238,0.3499068,0.278767
1.239,0.3501802,0.2789106
1.24,0.3504334,0.2790614
1.241,0.3506802,0.2792162
1.242,0.3509364,0.279369
1.243,0.3511766,0.2795236
1.244,0.3514572,0.2796846
1.245,0.3517228,0.279823
1.246,0.3519922,0.2799654
1.247,0.3522148,0.2801186
1.248,0.3524814,0.280271
1.249,0.3527422,0.2804186
1.25,0.3530018,0.280569
1.251,0.3532638,0.2807204
1.252,0.3535102,0.2808792
1.253,0.3537802,0.2810188
1.254,0.354038,0.2811686
1.255,0.3543074,0.2813144
1.256,0.3545534,0.2814626
1.257,0.3548066,0.2816122
1.258,0.3550608,0.2817578
1.259,0.3553086,0.281901
1.26,0.35556,0.2820488
1.261,0.355827,0.2821852
1.262,0.3560794,0.2823204
1.263,0.3563316,0.282465
1.264,0.3565762,0.2826134
1.265,0.3568194,0.2827606
1.266,0.3570552,0.2829026
1.267,0.3573064,0.2830374
1.268,0.3575388,0.2831812
1.269,0.357787,0.2833162
1.27,0.3580348,0.2834716
1.271,0.3582976,0.2836138
1.272,0.3585504,0.2837714
1.273,0.35881,0.2839196
1.274,0.3590606,0.2840696
1.275,0.3593206,0.2842158
1.276,0.3595738,0.2843752
1.277,0.3598134,0.2845228
1.278,0.3600744,0.2846764
1.279,0.3603294,0.284829
1.28,0.3605806,0.284976
1.281,0.360838,0.2851232
1.282,0.3610834,0.285264
1.283,0.3613176,0.2854066
1.284,0.361565,0.2855506
1.285,0.361809,0.2856986
1.286,0.36206,0.285845
1.287,0.3623142,0.2859988
1.288,0.3625668,0.2861498
1.289,0.3628002,0.2863096
1.29,0.363045,0.2864582
1.291,0.363286,0.2866042
1.292,0.3635422,0.2867578
1.293,0.3637906,0.286908
1.294,0.364056,0.2870468
1.295,0.3643096,0.2871932
1.296,0.3645486,0.2873414
1.297,0.364785,0.2875036
1.298,0.3650288,0.2876432
1.299,0.365284,0.2877944
1.3,0.365538,0.2879268
1.301,0.3657998,0.2880652
1.302,0.3660552,0.2881974
1.303,0.3663048,0.2883438
1.304,0.3665638,0.2884826
1.305,0.3668184,0.288636
1.306,0.367064,0.288784
1.307,0.3672976,0.2889208
1.308,0.3675456,0.2890516
1.309,0.367792,0.289181
1.31,0.3680416,0.2893198
1.311,0.368285,0.2894704
1.312,0.368544,0.2895968
1.313,0.3687938,0.2897392
1.314,0.3690146,0.2898892
1.315,0.3692592,0.2900444
1.316,0.3695254,0.2901864
1.317,0.3697524,0.2903184
1.318,0.3699926,0.2904472
1.319,0.3702398,0.2905916
1.32,0.3704758,0.2907238
1.321,0.3707268,0.2908638
1.322,0.37098,0.2910094
1.323,0.3712262,0.2911496
1.324,0.3714748,0.291298
1.325,0.3717152,0.2914354
1.326,0.3719464,0.2915734
1.327,0.37219,0.291708
1.328,0.372438,0.2918454
1.329,0.3726972,0.2919916
1.33,0.3729396,0.2921412
1.331,0.3731768,0.292278
1.332,0.3734294,0.2924188
1.333,0.3736808,0.2925456
1.334,0.3739342,0.292676
1.335,0.3741798,0.292809
1.336,0.3744318,0.2929476
1.337,0.3746716,0.2930774
1.338,0.3749232,0.2932248
1.339,0.375177,0.2933644
1.34,0.375423,0.2935176
1.341,0.3756768,0.293658
1.342,0.37593,0.2937904
1.343,0.3761674,0.2939242
1.344,0.3764066,0.294066
1.345,0.3766416,0.2942008
1.346,0.376885,0.2943362
1.347,0.3771262,0.2944802
1.348,0.3773674,0.294615
1.349,0.3776142,0.2947446
1.35,0.3778542,0.2948788
1.351,0.3781004,0.2950014
1.352,0.3783584,0.295142
1.353,0.378607,0.2952926
1.354,0.3788624,0.2954354
1.355,0.379106,0.2955916
1.356,0.3793304,0.2957218
1.357,0.379569,0.2958526
1.358,0.3798024,0.2960024
1.359,0.380046,0.296152
1.36,0.3802862,0.2962946
1.361,0.3805324,0.296431
1.362,0.3807806,0.2965652
1.363,0.3810254,0.2967154
1.364,0.3812798,0.296852
1.365,0.3815188,0.2969954
1.366,0.3817812,0.2971366
1.367,0.3820148,0.2972848
1.368,0.3822542,0.2974084
1.369,0.382498,0.2975478
1.37,0.3827318,0.2976912
1.371,0.382966,0.297836
1.372,0.3832226,0.2979642
1.373,0.3834658,0.298107
1.374,0.3837008,0.2982336
1.375,0.3839492,0.2983568
1.376,0.3841932,0.2984882
1.377,0.3844274,0.2986204
1.378,0.3846738,0.2987476
1.379,0.3849088,0.2988734
1.38,0.3851484,0.2990142
1.381,0.3853802,0.2991458
1.382,0.3856348,0.2992846
1.383,0.3858964,0.2994038
1.384,0.3861344,0.2995394
1.385,0.3863776,0.299689
1.386,0.3866238,0.299813
1.387,0.3868654,0.2999424
1.388,0.3870996,0.3000828
1.389,0.3873346,0.3002092
1.39,0.3875864,0.3003544
1.391,0.387846,0.3004886
1.392,0.3880762,0.3006256
1.393,0.3883044,0.3007594
1.394,0.3885596,0.300877
1.395,0.3887886,0.3010062
1.396,0.3890476,0.3011444
1.397,0.3892816,0.3012922
1.398,0.3895476,0.3014262
1.399,0.3897824,0.3015636
1.4,0.390024,0.3016894
1.401,0.3902864,0.3018168
1.402,0.3905284,0.3019458
1.403,0.390779,0.302092
1.404,0.3910062,0.302226
1.405,0.391252,0.3023654
1.406,0.3915044,0.3024954
1.407,0.3917378,0.3026208
1.408,0.391975,0.3027506
1.409,0.392229,0.30289
1.41,0.3924678,0.3030158
1.411,0.392697,0.303141
1.412,0.3929328,0.3032844
1.413,0.3931604,0.3034188
1.414,0.3934172,0.3035424
1.415,0.3936534,0.3036658
1.416,0.3939046,0.3038012
1.417,0.3941502,0.3039244
1.418,0.394397,0.304044
1.419,0.3946366,0.3041906
1.42,0.3948682,0.3043204
1.421,0.3951024,0.3044558
1.422,0.3953356,0.3045826
1.423,0.3955804,0.304717
1.424,0.3958404,0.3048442
1.425,0.3960634,0.3049602
1.426,0.396308,0.3050924
1.427,0.3965524,0.3052306
1.428,0.3967892,0.3053506
1.429,0.3970336,0.3054714
1.43,0.3972736,0.3056068
1.431,0.397516,0.3057286
1.432,0.3977454,0.3058576
1.433,0.3979862,0.30599
1.434,0.3982296,0.3061148
1.435,0.3984698,0.3062518
1.436,0.3987118,0.3063902
1.437,0.39895,0.3065248
1.438,0.3992022,0.3066584
1.439,0.3994284,0.3067902
1.44,0.3996684,0.306923
1.441,0.3999132,0.3070356
1.442,0.4001516,0.30716
1.443,0.4003942,0.3072808
1.444,0.400627,0.3074154
1.445,0.4008754,0.3075506
1.446,0.401108,0.3076854
1.447,0.4013446,0.3078286
1.448,0.4015866,0.3079594
1.449,0.4018298,0.3080882
1.45,0.4020642,0.3082148
1.451,0.4023026,0.3083418
1.452,0.4025506,0.3084776
1.453,0.4027958,0.3086168
1.454,0.4030256,0.3087362
1.455,0.4032552,0.30886
1.456,0.4034804,0.3089768
1.457,0.4037326,0.3090974
1.458,0.4039724,0.3092252
1.459,0.4042028,0.3093412
1.46,0.4044614,0.3094616
1.461,0.4046984,0.3095882
1.462,0.4049514,0.3097164
1.463,0.405182,0.3098376
1.464,0.405422,0.3099618
1.465,0.4056678,0.3100812
1.466,0.405904,0.3102136
1.467,0.4061498,0.3103416
1.468,0.4064066,0.310461
1.469,0.40666,0.310584
1.47,0.4068882,0.3106968
1.471,0.4071042,0.3108166
1.472,0.4073426,0.3109422
1.473,0.4075728,0.3110634
1.474,0.4078018,0.3111926
1.475,0.4080422,0.311313
1.476,0.4082598,0.3114354
1.477,0.4084868,0.311568
1.478,0.4087116,0.3117046
1.479,0.408948,0.31182
1.48,0.4091876,0.3119492
1.481,0.4094064,0.3120648
1.482,0.4096402,0.312189
1.483,0.4098622,0.3123022
1.484,0.4101096,0.3124198
1.485,0.4103432,0.3125498
1.486,0.4105608,0.3126664
1.487,0.4107852,0.3127894
1.488,0.411015,0.3129038
1.489,0.4112632,0.3130272
1.49,0.4114938,0.3131424
1.491,0.4117014,0.3132606
1.492,0.4119336,0.3133804
1.493,0.4121664,0.3135054
1.494,0.4123882,0.3136326
1.495,0.4126014,0.3137584
1.496,0.4128276,0.3138854
1.497,0.4130624,0.3140048
1.498,0.413296,0.314123
1.499,0.4135306,0.3142446
1.5,0.41377,0.3143694
1.501,0.4140194,0.3144872
1.502,0.41426,0.314597
1.503,0.4144834,0.3147208
1.504,0.4147182,0.3148538
1.505,0.4149536,0.314976
1.506,0.415182,0.315074
1.507,0.41539,0.3152032
1.508,0.4156146,0.315334
1.509,0.4158514,0.3154546
1.51,0.4160782,0.3155744
1.511,0.4163084,0.315691
1.512,0.4165526,0.315807
1.513,0.416786,0.3159186
1.514,0.4170124,0.316035
1.515,0.41724,0.3161444
1.516,0.4174774,0.3162634
1.517,0.4176956,0.31638
1.518,0.4179168,0.3164968
1.519,0.4181544,0.3166108
1.52,0.4183932,0.3167246
1.521,0.4186218,0.3168546
1.522,0.4188474,0.3169706
1.523,0.4190732,0.3171006
1.524,0.4193026,0.317217
1.525,0.419529,0.3173286
1.526,0.4197558,0.31744
1.527,0.419989,0.3175604
1.528,0.4202108,0.3176836
1.529,0.4204512,0.3178036
1.53,0.4206968,0.317927
1.531,0.4209206,0.3180328
1.532,0.4211526,0.3181584
1.533,0.4213858,0.318277
1.534,0.421599,0.3183914
1.535,0.421814,0.3185182
1.536,0.4220422,0.3186346
1.537,0.4222658,0.3187554
1.538,0.4224986,0.3188842
1.539,0.4227286,0.318998
1.54,0.4229704,0.3191138
1.541,0.4231884,0.3192228
1.542,0.4234022,0.3193452
1.543,0.4236308,0.319462
1.544,0.4238596,0.3195814
1.545,0.4240742,0.3196884
1.546,0.4243066,0.3197954
1.547,0.4245286,0.3199136
1.548,0.4247514,0.3200424
1.549,0.4249874,0.3201618
1.55,0.42521,0.320274
1.551,0.4254466,0.3203902
1.552,0.425671,0.320515
1.553,0.4258984,0.3206246
1.554,0.426133,0.3207314
1.555,0.4263618,0.3208376
1.556,0.4265848,0.320946
1.557,0.4267964,0.3210526
1.558,0.427012,0.3211704
1.559,0.4272408,0.321291
1.56,0.4274618,0.3214062
1.561,0.4276832,0.321528
1.562,0.4279254,0.3216374
1.563,0.428167,0.3217484
1.564,0.4284008,0.3218504
1.565,0.4286334,0.3219578
1.566,0.428863,0.3220676
1.567,0.4290968,0.3221716
1.568,0.4293206,0.3222816
1.569,0.4295516,0.3223882
1.57,0.4297818,0.322501
1.571,0.4299872,0.3226086
1.572,0.4302154,0.3227152
1.573,0.4304454,0.322831
1.574,0.430673,0.3229366
1.575,0.430877,0.3230472
1.576,0.431095,0.323156
1.577,0.4313258,0.3232744
1.578,0.4315422,0.3233854
1.579,0.4317766,0.3234892
1.58,0.4319992,0.3236028
1.581,0.432225,0.3237154
1.582,0.4324536,0.323825
1.583,0.432675,0.3239392
1.584,0.43289,0.324058
1.585,0.4331214,0.3241624
1.586,0.4333482,0.324283
1.587,0.433571,0.3243938
1.588,0.4337946,0.3244918
1.589,0.4340036,0.3245858
1.59,0.4342306,0.3246898
1.591,0.434469,0.3247938
1.592,0.4346898,0.3248982
1.593,0.434912,0.325002
1.594,0.43513,0.3251204
1.595,0.435365,0.325229
1.596,0.43557,0.3253398
1.597,0.4357896,0.3254488
1.598,0.4360116,0.3255498
1.599,0.4362426,0.3256564
1.6,0.4364506,0.3257576
1.601,0.4366688,0.3258618
1.602,0.436893,0.3259722
1.603,0.4371006,0.3260794
1.604,0.4373316,0.326185
1.605,0.437542,0.3262784
1.606,0.437761,0.326383
1.607,0.437986,0.326495
1.608,0.4382186,0.326607
1.609,0.4384324,0.3267156
1.61,0.4386554,0.3268178
1.611,0.4388914,0.3269302
1.612,0.4390936,0.327035
1.613,0.4393298,0.3271368
1.614,0.4395396,0.3272284
1.615,0.4397552,0.327338
1.616,0.43997,0.3274478
1.617,0.4401912,0.3275542
1.618,0.4404064,0.3276656
1.619,0.440621,0.3277686
1.62,0.440841,0.327869
1.621,0.441059,0.3279822
1.622,0.4412712,0.3280866
1.623,0.4414996,0.3281792
1.624,0.4417366,0.3282792
1.625,0.441963,0.3283844
1.626,0.4421856,0.3284934
1.627,0.4424002,0.3285958
1.628,0.4426062,0.3286944
1.629,0.4428468,0.3288092
1.63,0.4430626,0.32891
1.631,0.4432982,0.329017
1.632,0.4435086,0.3291116
1.633,0.4437266,0.3292134
1.634,0.4439534,0.3293232
1.635,0.4441836,0.32942
1.636,0.4444014,0.3295292
1.637,0.4446312,0.3296334
1.638,0.4448546,0.329739
1.639,0.4450612,0.3298422
1.64,0.4452858,0.3299426
1.641,0.4455048,0.3300396
1.642,0.4457136,0.3301378
1.643,0.4459366,0.3302424
1.644,0.4461492,0.3303406
1.645,0.4463696,0.3304438
1.646,0.4465908,0.330546
1.647,0.446811,0.3306516
1.648,0.4470378,0.330759
1.649,0.447267,0.3308814
1.65,0.4474762,0.3309932
1.651,0.4476908,0.3310994
1.652,0.4478972,0.3312044
1.653,0.4481172,0.331302
1.654,0.448346,0.3314002
1.655,0.4485694,0.331512
1.656,0.4488024,0.3316178
1.657,0.4490384,0.331707
1.658,0.4492508,0.3318064
1.659,0.4494828,0.3319088
1.66,0.4496988,0.3320106
1.661,0.449917,0.3321092
1.662,0.4501248,0.3322048
1.663,0.4503374,0.3323074
1.664,0.4505532,0.33242
1.665,0.4507678,0.3325324
1.666,0.4509972,0.3326392
1.667,0.451223,0.3327444
1.668,0.4514324,0.3328468
1.669,0.4516602,0.3329408
1.67,0.45188,0.3330416
1.671,0.4521036,0.333138
1.672,0.4523056,0.3332444
1.673,0.4525118,0.3333466
1.674,0.452734,0.333455
1.675,0.4529386,0.333552
1.676,0.4531568,0.3336592
1.677,0.4533626,0.333766
1.678,0.4535846,0.3338746
1.679,0.4537964,0.3339796
1.68,0.4540244,0.3340762
1.681,0.4542508,0.3341792
1.682,0.4544816,0.3342808
1.683,0.4546876,0.3343798
1.684,0.4548834,0.3344746
1.685,0.4550996,0.3345708
1.686,0.455319,0.3346604
1.687,0.455535,0.3347548
1.688,0.4557352,0.334855
1.689,0.4559626,0.3349512
1.69,0.4561712,0.3350582
1.691,0.4563802,0.3351636
1.692,0.4566008,0.3352624
1.693,0.456838,0.335357
1.694,0.4570586,0.3354514
1.695,0.4572644,0.33555
1.696,0.4575034,0.33564
1.697,0.4577274,0.3357272
1.698,0.4579346,0.3358246
1.699,0.4581438,0.3359174
1.7,0.4583548,0.3360092
1.701,0.4585676,0.3361072
1.702,0.4587788,0.3362074
1.703,0.4589978,0.336309
1.704,0.4592176,0.336409
1.705,0.4594486,0.3365082
1.706,0.4596598,0.3366036
1.707,0.4598968,0.3367002
1.708,0.460102,0.3367854
1.709,0.460309,0.336884
1.71,0.4605408,0.3369886
1.711,0.4607594,0.3370696
1.712,0.4609688,0.3371652
1.713,0.4611924,0.3372606
1.714,0.461415,0.3373492
1.715,0.4616256,0.337454
1.716,0.4618552,0.337539
1.717,0.4620576,0.3376304
1.718,0.4622734,0.337719
1.719,0.4624908,0.3378152
1.72,0.4626966,0.337905
1.721,0.4629044,0.3380058
1.722,0.4631208,0.3380894
1.723,0.463327,0.3381848
1.724,0.4635334,0.3382768
1.725,0.4637468,0.3383702
1.726,0.463964,0.3384662
1.727,0.4641842,0.338551
1.728,0.4643968,0.3386448
1.729,0.4646032,0.3387308
1.73,0.4648106,0.3388182
1.731,0.465022,0.3389178
1.732,0.4652366,0.3390164
1.733,0.4654332,0.3391022
1.734,0.4656582,0.339195
1.735,0.465882,0.3392958
1.736,0.4661042,0.3393848
1.737,0.4663042,0.339486
1.738,0.4665156,0.3395818
1.739,0.4667374,0.3396754
1.74,0.4669424,0.3397764
1.741,0.467142,0.339856
1.742,0.4673526,0.3399526
1.743,0.4675528,0.3400554
1.744,0.4677858,0.3401404
1.745,0.4680046,0.3402328
1.746,0.4682156,0.3403186
1.747,0.4684262,0.340414
1.748,0.4686282,0.340495
1.749,0.4688144,0.3405942
1.75,0.469018,0.3406806
1.751,0.4692456,0.3407748
1.752,0.4694624,0.3408616
1.753,0.46966,0.340952
1.754,0.4698814,0.3410344
1.755,0.470073,0.341125
1.756,0.4702876,0.341211
1.757,0.4704994,0.3412942
1.758,0.4707164,0.341379
1.759,0.4709158,0.3414836
1.76,0.4711192,0.3415714
1.761,0.4713306,0.3416692
1.762,0.471543,0.341747
1.763,0.4717476,0.3418374
1.764,0.4719462,0.34193
1.765,0.472161,0.3420284
1.766,0.4723872,0.3421162
1.767,0.4725862,0.3422118
1.768,0.4727994,0.342298
1.769,0.473,0.342375
1.77,0.4732034,0.3424744
1.771,0.4734116,0.3425728
1.772,0.473616,0.3426672
1.773,0.4738186,0.342756
1.774,0.4740216,0.3428416
1.775,0.4742112,0.342929
1.776,0.4744308,0.3430156
1.777,0.4746354,0.3431028
1.778,0.4748198,0.3431918
1.779,0.475029,0.343286
1.78,0.4752198,0.3433758
1.781,0.4754322,0.3434712
1.782,0.4756472,0.3435756
1.783,0.4758452,0.3436654
1.784,0.4760708,0.3437446
1.785,0.4762798,0.343828
1.786,0.4764866,0.343918
1.787,0.4767056,0.3440132
1.788,0.4769088,0.344101
1.789,0.4770988,0.3441864
1.79,0.4773094,0.3442706
1.791,0.4774952,0.344357
1.792,0.4776974,0.3444374
1.793,0.477909,0.3445094
1.794,0.4781032,0.344592
1.795,0.4783172,0.3446778
1.796,0.4785102,0.3447588
1.797,0.478707,0.344847
1.798,0.478906,0.3449392
1.799,0.479122,0.3450358
1.8,0.4793322,0.345117
1.801,0.4795334,0.3451998
1.802,0.479719,0.3452798
1.803,0.4799248,0.345365
1.804,0.480135,0.3454418
1.805,0.4803368,0.3455188
1.806,0.480539,0.345608
1.807,0.480734,0.345703
1.808,0.4809426,0.3457856
1.809,0.4811396,0.3458754
1.81,0.4813338,0.3459698
1.811,0.4815262,0.3460494
1.812,0.481727,0.3461392
1.813,0.4819316,0.346217
1.814,0.4821346,0.346301
1.815,0.4823296,0.3463836
1.816,0.4825354,0.3464688
1.817,0.4827372,0.3465532
1.818,0.4829404,0.3466358
1.819,0.4831422,0.346716
1.82,0.483337,0.3467908
1.821,0.4835422,0.3468694
1.822,0.4837402,0.3469468
1.823,0.4839364,0.3470312
1.824,0.4841396,0.347104
1.825,0.4843378,0.3471918
1.826,0.48453,0.3472786
1.827,0.4847236,0.3473636
1.828,0.4849278,0.3474334
1.829,0.485124,0.347516
1.83,0.485336,0.3476082
1.831,0.4855334,0.3476914
1.832,0.485733,0.3477594
1.833,0.4859464,0.3478354
1.834,0.4861534,0.347908
1.835,0.4863522,0.3479956
1.836,0.4865618,0.3480788
1.837,0.4867568,0.348154
1.838,0.4869568,0.348235
1.839,0.487146,0.3483168
1.84,0.4873598,0.348397
1.841,0.48756,0.3484748
1.842,0.4877666,0.3485658
1.843,0.4879544,0.3486558
1.844,0.4881428,0.3487406
1.845,0.4883272,0.3488158
1.846,0.4885196,0.3488902
1.847,0.4887342,0.3489628
1.848,0.4889264,0.3490502
1.849,0.4891212,0.3491314
1.85,0.4893404,0.3492014
1.851,0.4895418,0.3492736
1.852,0.48973,0.3493516
1.853,0.4899188,0.349427
1.854,0.4900982,0.3494964
1.855,0.4902706,0.3495664
1.856,0.490455,0.3496474
1.857,0.4906616,0.3497286
1.858,0.4908442,0.3497998
1.859,0.4910416,0.3498734
1.86,0.4912354,0.3499376
1.861,0.4914412,0.3500198
1.862,0.4916294,0.3500958
1.863,0.4918358,0.3501956
1.864,0.4920268,0.3502722
1.865,0.492242,0.3503462
1.866,0.492444,0.3504174
1.867,0.4926388,0.350502
1.868,0.4928322,0.3505792
1.869,0.4930326,0.3506632
1.87,0.4932326,0.3507362
1.871,0.4933932,0.3508248
1.872,0.4936112,0.3509014
1.873,0.4938024,0.3509804
1.874,0.493997,0.3510494
1.875,0.4941844,0.3511284
1.876,0.4943822,0.3512062
1.877,0.4945794,0.3512798
1.878,0.4947728,0.3513608
1.879,0.4949726,0.351441
1.88,0.495152,0.3515128
1.881,0.4953384,0.3515862
1.882,0.4955372,0.351656
1.883,0.495725,0.3517246
1.884,0.4959146,0.3517942
1.885,0.4960972,0.3518658
1.886,0.496292,0.3519408
1.887,0.496485,0.3520174
1.888,0.4966842,0.3520936
1.889,0.4968872,0.3521698
1.89,0.4970952,0.35225
1.891,0.4973022,0.3523244
1.892,0.4974922,0.3524004
1.893,0.4976888,0.3524758
1.894,0.4978846,0.3525572
1.895,0.4980822,0.3526396
1.896,0.4982776,0.3527128
1.897,0.4984598,0.3527854
1.898,0.4986362,0.352857
1.899,0.4988288,0.3529392
1.9,0.4990218,0.3530136
1.901,0.4992088,0.3530928
1.902,0.4994066,0.3531708
1.903,0.4995904,0.353246
1.904,0.4997734,0.3533146
1.905,0.4999578,0.3533842
1.906,0.5001438,0.3534592
1.907,0.5003446,0.3535314
1.908,0.5005334,0.3536022
1.909,0.500735,0.3536734
1.91,0.5009202,0.3537524
1.911,0.5011064,0.3538264
1.912,0.501328,0.353903
1.913,0.5015316,0.3539868
1.914,0.501709,0.354063
1.915,0.5019138,0.3541442
1.916,0.502116,0.354219
1.917,0.502275,0.3542932
1.918,0.5024698,0.3543596
1.919,0.5026642,0.3544422
1.92,0.502847,0.3545208
1.921,0.5030308,0.3545936
1.922,0.503211,0.3546684
1.923,0.5034022,0.3547354
1.924,0.503572,0.3548132
1.925,0.5037564,0.3548902
1.926,0.503944,0.3549666
1.927,0.5041336,0.355036
1.928,0.5043348,0.3551182
1.929,0.5045282,0.3551944
1.93,0.5047104,0.355263
1.931,0.504897,0.3553368
1.932,0.5050844,0.3554136
1.933,0.5052638,0.3554802
1.934,0.5054738,0.3555496
1.935,0.505662,0.355624
1.936,0.5058608,0.355693
1.937,0.50604,0.355753
1.938,0.5062196,0.3558176
1.939,0.5063972,0.3558828
1.94,0.5065858,0.3559558
1.941,0.50678,0.3560336
1.942,0.5069668,0.3561002
1.943,0.5071582,0.3561704
1.944,0.5073484,0.3562414
1.945,0.5075456,0.3563126
1.946,0.507743,0.356383
1.947,0.5079288,0.3564496
1.948,0.5081184,0.3565138
1.949,0.5083104,0.3565794
1.95,0.5085036,0.356646
1.951,0.5086848,0.3567098
1.952,0.5088676,0.3567844
1.953,0.5090448,0.3568458
1.954,0.5092286,0.3569128
1.955,0.5094156,0.3569822
1.956,0.5095978,0.3570546
1.957,0.5097792,0.3571198
1.958,0.5099554,0.357188
1.959,0.5101416,0.3572502
1.96,0.5103254,0.3573232
1.961,0.5105214,0.357402
1.962,0.5106974,0.3574686
1.963,0.5108862,0.3575358
1.964,0.5110732,0.3576058
1.965,0.5112642,0.3576798
1.966,0.5114434,0.3577526
1.967,0.5116158,0.3578254
1.968,0.5117944,0.3578926
1.969,0.5119752,0.3579536
1.97,0.5121682,0.3580272
1.971,0.5123394,0.3580924
1.972,0.5125136,0.3581532
1.973,0.5126916,0.3582246
1.974,0.5128742,0.3582928
1.975,0.513056,0.3583528
1.976,0.5132358,0.3584196
1.977,0.513421,0.3584908
1.978,0.5135958,0.358558
1.979,0.5137778,0.3586254
1.98,0.5139732,0.3586878
1.981,0.514158,0.3587484
1.982,0.5143378,0.3588206
1.983,0.5145164,0.3588904
1.984,0.5146898,0.358959
1.985,0.5148842,0.3590222
1.986,0.515058,0.3590876
1.987,0.5152362,0.3591622
1.988,0.5154192,0.3592196
1.989,0.5155876,0.3592808
1.99,0.515759,0.3593428
1.991,0.5159462,0.3594138
1.992,0.516134,0.3594808
1.993,0.5163054,0.3595418
1.994,0.5164746,0.359612
1.995,0.5166602,0.359668
1.996,0.5168262,0.359732
1.997,0.5170264,0.3598106
1.998,0.5172084,0.3598704
1.999,0.517382,0.359934
2.0,0.5175678,0.3600036
2.001,0.517742,0.3600648
2.002,0.5179266,0.3601366
2.003,0.518095,0.360194
2.004,0.5182754,0.3602626
2.005,0.5184596,0.3603226
2.006,0.5186408,0.3603884
2.007,0.5188146,0.3604498
2.008,0.5189984,0.360513
2.009,0.5191914,0.3605712
2.01,0.5193794,0.3606426
2.011,0.5195636,0.3607058
2.012,0.5197472,0.3607612
2.013,0.5199274,0.3608336
2.014,0.5200934,0.360893
2.015,0.5202722,0.3609558
2.016,0.5204528,0.3610072
2.017,0.520628,0.3610762
2.018,0.520789,0.3611356
2.019,0.5209824,0.361207
2.02,0.521151,0.3612782
2.021,0.5213286,0.3613428
2.022,0.5215038,0.361408
2.023,0.5216802,0.3614696
2.024,0.5218602,0.3615322
2.025,0.5220346,0.3615988
2.026,0.5222146,0.3616548
2.027,0.522395,0.3617178
2.028,0.5225734,0.3617886
2.029,0.5227588,0.3618394
2.03,0.522936,0.3618954
2.031,0.5231158,0.3619588
2.032,0.5232886,0.362014
2.033,0.5234636,0.3620712
2.034,0.5236456,0.3621326
2.035,0.5238286,0.3621966
2.036,0.5240062,0.3622476
2.037,0.5241946,0.3623062
2.038,0.5243684,0.3623706
2.039,0.5245498,0.3624268
2.04,0.5247356,0.3624822
2.041,0.524926,0.362544
2.042,0.525103,0.3626016
2.043,0.525274,0.3626622
2.044,0.525443,0.362722
2.045,0.5256152,0.3627836
2.046,0.5257844,0.3628486
2.047,0.52596,0.3629074
2.048,0.5261382,0.3629674
2.049,0.5263316,0.363027
2.05,0.5264852,0.3630882
2.051,0.5266494,0.3631456
2.052,0.5268184,0.3631968
2.053,0.5269888,0.3632544
2.054,0.527166,0.3633088
2.055,0.5273528,0.3633754
2.056,0.527517,0.3634416
2.057,0.5276972,0.3635088
2.058,0.5278608,0.3635676
2.059,0.5280232,0.3636332
2.06,0.5281952,0.3636842
2.061,0.5283612,0.3637466
2.062,0.528534,0.3638006
2.063,0.5287166,0.3638566
2.064,0.528888,0.3639116
2.065,0.5290544,0.363965
2.066,0.529234,0.3640318
2.067,0.5294118,0.3640858
2.068,0.5295936,0.3641494
2.069,0.5297708,0.3642082
2.07,0.529941,0.3642648
2.071,0.5301038,0.3643158
2.072,0.5302656,0.3643754
2.073,0.530425,0.3644284
2.074,0.5305736,0.3644848
2.075,0.530747,0.3645414
2.076,0.530916,0.3646042
2.077,0.5310974,0.3646668
2.078,0.5312676,0.364726
2.079,0.5314384,0.3647874
2.08,0.5316108,0.3648382
2.081,0.5318004,0.3648952
2.082,0.5319654,0.3649538
2.083,0.5321408,0.3650038
2.084,0.5323198,0.3650656
2.085,0.5324974,0.365127
2.086,0.532666,0.3651832
2.087,0.5328276,0.365242
2.088,0.5329972,0.3652974
2.089,0.5331666,0.3653454
2.09,0.5333456,0.3653962
2.091,0.5335048,0.3654504
2.092,0.533675,0.3655004
2.093,0.533856,0.365562
2.094,0.5340276,0.3656156
2.095,0.53419,0.3656694
2.096,0.5343552,0.365725
2.097,0.5345246,0.3657788
2.098,0.5346966,0.3658438
2.099,0.5348642,0.3659006
2.1,0.6340432,0.3659568
2.101,0.6340432,0.3659568
2.102,0.6340432,0.3659568
2.103,0.6340432,0.3659568
2.104,0.6340432,0.3659568
2.105,0.6340432,0.3659568
2.106,0.6340432,0.3659568
2.107,0.6340432,0.3659568
2.108,0.6340432,0.3659568
2.109,0.6340432,0.3659568
2.11,0.6340432,0.3659568
2.111,0.6340432,0.3659568
2.112,0.6340432,0.3659568
2.113,0.6340432,0.3659568
2.114,0.6340432,0.3659568
2.115,0.6340432,0.3659568
2.116,0.6340432,0.3659568
2.117,0.6340432,0.3659568
2.118,0.6340432,0.3659568
2.119,0.6340432,0.3659568
2.12,0.6340432,0.3659568
2.121,0.6340432,0.3659568
2.122,0.6340432,0.3659568
2.123,0.6340432,0.3659568
2.124,0.6340432,0.3659568
2.125,0.6340432,0.3659568
2.126,0.6340432,0.3659568
2.127,0.6340432,0.3659568
2.128,0.6340432,0.3659568
2.129,0.6340432,0.3659568
2.13,0.6340432,0.3659568
2.131,0.6340432,0.3659568
2.132,0.6340432,0.3659568
2.133,0.6340432,0.3659568
2.134,0.6340432,0.3659568
2.135,0.6340432,0.3659568
2.136,0.6340432,0.3659568
2.137,0.6340432,0.3659568
2.138,0.6340432,0.3659568
2.139,0.6340432,0.3659568
2.14,0.6340432,0.3659568
2.141,0.6340432,0.3659568
2.142,0.6340432,0.3659568
2.143,0.6340432,0.3659568
2.144,0.6340432,0.3659568
2.145,0.6340432,0.3659568
2.146,0.6340432,0.3659568
2.147,0.6340432,0.3659568
2.148,0.6340432,0.3659568
2.149,0.6340432,0.3659568
2.15,0.6340432,0.3659568
2.151,0.6340432,0.3659568
2.152,0.6340432,0.3659568
2.153,0.6340432,0.3659568
2.154,0.6340432,0.3659568
2.155,0.6340432,0.3659568
2.156,0.6340432,0.3659568
2.157,0.6340432,0.3659568
2.158,0.6340432,0.3659568
2.159,0.6340432,0.3659568
2.16,0.6340432,0.3659568
2.161,0.6340432,0.3659568
2.162,0.6340432,0.3659568
2.163,0.6340432,0.3659568
2.164,0.6340432,0.3659568
2.165,0.6340432,0.3659568
2.166,0.6340432,0.3659568
2.167,0.6340432,0.3659568
2.168,0.6340432,0.3659568
2.169,0.6340432,0.3659568
2.17,0.6340432,0.3659568
2.171,0.6340432,0.3659568
2.172,0.6340432,0.3659568
2.173,0.6340432,0.3659568
2.174,0.6340432,0.3659568
2.175,0.6340432,0.3659568
2.176,0.6340432,0.3659568
2.177,0.6340432,0.3659568
2.178,0.6340432,0.3659568
2.179,0.6340432,0.3659568
2.18,0.6340432,0.3659568
2.181,0.6340432,0.3659568
2.182,0.6340432,0.3659568
2.183,0.6340432,0.3659568
2.184,0.6340432,0.3659568
2.185,0.6340432,0.3659568
2.186,0.6340432,0.3659568
2.187,0.6340432,0.3659568
2.188,0.6340432,0.3659568
2.189,0.6340432,0.3659568
2.19,0.6340432,0.3659568
2.191,0.6340432,0.3659568
2.192,0.6340432,0.3659568
2.193,0.6340432,0.3659568
2.194,0.6340432,0.3659568
2.195,0.6340432,0.3659568
2.196,0.6340432,0.3659568
2.197,0.6340432,0.3659568
2.198,0.6340432,0.3659568
2.199,0.6340432,0.3659568
2.2,0.6340432,0.3659568
2.201,0.6340432,0.3659568
2.202,0.6340432,0.3659568
2.203,0.6340432,0.3659568
2.204,0.6340432,0.3659568
2.205,0.6340432,0.3659568
2.206,0.6340432,0.3659568
2.207,0.6340432,0.3659568
2.208,0.6340432,0.3659568
2.209,0.6340432,0.3659568
2.21,0.6340432,0.3659568
2.211,0.6340432,0.3659568
2.212,0.6340432,0.3659568
2.213,0.6340432,0.3659568
2.214,0.6340432,0.3659568
2.215,0.6340432,0.3659568
2.216,0.6340432,0.3659568
2.217,0.6340432,0.3659568
2.218,0.6340432,0.3659568
2.219,0.6340432,0.3659568
2.22,0.6340432,0.3659568
2.221,0.6340432,0.3659568
2.222,0.6340432,0.3659568
2.223,0.6340432,0.3659568
2.224,0.6340432,0.3659568
2.225,0.6340432,0.3659568
2.226,0.6340432,0.3659568
2.227,0.6340432,0.3659568
2.228,0.6340432,0.3659568
2.229,0.6340432,0.3659568
2.23,0.6340432,0.3659568
2.231,0.6340432,0.3659568
2.232,0.6340432,0.3659568
2.233,0.6340432,0.3659568
2.234,0.6340432,0.3659568
2.235,0.6340432,0.3659568
2.236,0.6340432,0.3659568
2.237,0.6340432,0.3659568
2.238,0.6340432,0.3659568
2.239,0.6340432,0.3659568
2.24,0.6340432,0.3659568
2.241,0.6340432,0.3659568
2.242,0.6340432,0.3659568
2.243,0.6340432,0.3659568
2.244,0.6340432,0.3659568
2.245,0.6340432,0.3659568
2.246,0.6340432,0.3659568
2.247,0.6340432,0.3659568
2.248,0.6340432,0.3659568
2.249,0.6340432,0.3659568
2.25,0.6340432,0.3659568
2.251,0.6340432,0.3659568
2.252,0.6340432,0.3659568
2.253,0.6340432,0.3659568
2.254,0.6340432,0.3659568
2.255,0.6340432,0.3659568
2.256,0.6340432,0.3659568
2.257,0.6340432,0.3659568
2.258,0.6340432,0.3659568
2.259,0.6340432,0.3659568
2.26,0.6340432,0.3659568
2.261,0.6340432,0.3659568
2.262,0.6340432,0.3659568
2.263,0.6340432,0.3659568
2.264,0.6340432,0.3659568
2.265,0.6340432,0.3659568
2.266,0.6340432,0.3659568
2.267,0.6340432,0.3659568
2.268,0.6340432,0.3659568
2.269,0.6340432,0.3659568
2.27,0.6340432,0.3659568
2.271,0.6340432,0.3659568
2.272,0.6340432,0.3659568
2.273,0.6340432,0.3659568
2.274,0.6340432,0.3659568
2.275,0.6340432,0.3659568
2.276,0.6340432,0.3659568
2.277,0.6340432,0.3659568
2.278,0.6340432,0.3659568
2.279,0.6340432,0.3659568
2.28,0.6340432,0.3659568
2.281,0.6340432,0.3659568
2.282,0.6340432,0.3659568
2.283,0.6340432,0.3659568
2.284,0.6340432,0.3659568
2.285,0.6340432,0.3659568
2.286,0.6340432,0.3659568
2.287,0.6340432,0.3659568
2.288,0.6340432,0.3659568
2.289,0.6340432,0.3659568
2.29,0.6340432,0.3659568
2.291,0.6340432,0.3659568
2.292,0.6340432,0.3659568
2.293,0.6340432,0.3659568
2.294,0.6340432,0.3659568
2.295,0.6340432,0.3659568
2.296,0.6340432,0.3659568
2.297,0.6340432,0.3659568
2.298,0.6340432,0.3659568
2.299,0.6340432,0.3659568
2.3,0.6340432,0.3659568
2.301,0.6340432,0.3659568
2.302,0.6340432,0.3659568
2.303,0.6340432,0.3659568
2.304,0.6340432,0.3659568
2.305,0.6340432,0.3659568
2.306,0.6340432,0.3659568
2.307,0.6340432,0.3659568
2.308,0.6340432,0.3659568
2.309,0.6340432,0.3659568
2.31,0.6340432,0.3659568
2.311,0.6340432,0.3659568
2.312,0.6340432,0.3659568
2.313,0.6340432,0.3659568
2.314,0.6340432,0.3659568
2.315,0.6340432,0.3659568
2.316,0.6340432,0.3659568
2.317,0.6340432,0.3659568
2.318,0.6340432,0.3659568
2.319,0.6340432,0.3659568
2.32,0.6340432,0.3659568
2.321,0.6340432,0.3659568
2.322,0.6340432,0.3659568
2.323,0.6340432,0.3659568
2.324,0.6340432,0.3659568
2.325,0.6340432,0.3659568
2.326,0.6340432,0.3659568
2.327,0.6340432,0.3659568
2.328,0.6340432,0.3659568
2.329,0.6340432,0.3659568
2.33,0.6340432,0.3659568
2.331,0.6340432,0.3659568
2.332,0.6340432,0.3659568
2.333,0.6340432,0.3659568
2.334,0.6340432,0.3659568
2.335,0.6340432,0.3659568
2.336,0.6340432,0.3659568
2.337,0.6340432,0.3659568
2.338,0.6340432,0.3659568
2.339,0.6340432,0.3659568
2.34,0.6340432,0.3659568
2.341,0.6340432,0.3659568
2.342,0.6340432,0.3659568
2.343,0.6340432,0.3659568
2.344,0.6340432,0.3659568
2.345,0.6340432,0.3659568
2.346,0.6340432,0.3659568
2.347,0.6340432,0.3659568
2.348,0.6340432,0.3659568
2.349,0.6340432,0.3659568
2.35,0.6340432,0.3659568
2.351,0.6340432,0.3659568
2.352,0.6340432,0.3659568
2.353,0.6340432,0.3659568
2.354,0.6340432,0.3659568
2.355,0.6340432,0.3659568
2.356,0.6340432,0.3659568
2.357,0.6340432,0.3659568
2.358,0.6340432,0.3659568
2.359,0.6340432,0.3659568
2.36,0.6340432,0.3659568
2.361,0.6340432,0.3659568
2.362,0.6340432,0.3659568
2.363,0.6340432,0.3659568
2.364,0.6340432,0.3659568
2.365,0.6340432,0.3659568
2.366,0.6340432,0.3659568
2.367,0.6340432,0.3659568
2.368,0.6340432,0.3659568
2.369,0.6340432,0.3659568
2.37,0.6340432,0.3659568
2.371,0.6340432,0.3659568
2.372,0.6340432,0.3659568
2.373,0.6340432,0.3659568
2.374,0.6340432,0.3659568
2.375,0.6340432,0.3659568
2.376,0.6340432,0.3659568
2.377,0.6340432,0.3659568
2.378,0.6340432,0.3659568
2.379,0.6340432,0.3659568
2.38,0.6340432,0.3659568
2.381,0.6340432,0.3659568
2.382,0.6340432,0.3659568
2.383,0.6340432,0.3659568
2.384,0.6340432,0.3659568
2.385,0.6340432,0.3659568
2.386,0.6340432,0.3659568
2.387,0.6340432,0.3659568
2.388,0.6340432,0.3659568
2.389,0.6340432,0.3659568
2.39,0.6340432,0.3659568
2.391,0.6340432,0.3659568
2.392,0.6340432,0.3659568
2.393,0.6340432,0.3659568
2.394,0.6340432,0.3659568
2.395,0.6340432,0.3659568
2.396,0.6340432,0.3659568
2.397,0.6340432,0.3659568
2.398,0.6340432,0.3659568
2.399,0.6340432,0.3659568
2.4,0.6340432,0.3659568
2.401,0.6340432,0.3659568
2.402,0.6340432,0.3659568
2.403,0.6340432,0.3659568
2.404,0.6340432,0.3659568
2.405,0.6340432,0.3659568
2.406,0.6340432,0.3659568
2.407,0.6340432,0.3659568
2.408,0.6340432,0.3659568
2.409,0.6340432,0.3659568
2.41,0.6340432,0.3659568
2.411,0.6340432,0.3659568
2.412,0.6340432,0.3659568
2.413,0.6340432,0.3659568
2.414,0.6340432,0.3659568
2.415,0.6340432,0.3659568
2.416,0.6340432,0.3659568
2.417,0.6340432,0.3659568
2.418,0.6340432,0.3659568
2.419,0.6340432,0.3659568
2.42,0.6340432,0.3659568
2.421,0.6340432,0.3659568
2.422,0.6340432,0.3659568
2.423,0.6340432,0.3659568
2.424,0.6340432,0.3659568
2.425,0.6340432,0.3659568
2.426,0.6340432,0.3659568
2.427,0.6340432,0.3659568
2.428,0.6340432,0.3659568
2.429,0.6340432,0.3659568
2.43,0.6340432,0.3659568
2.431,0.6340432,0.3659568
2.432,0.6340432,0.3659568
2.433,0.6340432,0.3659568
2.434,0.6340432,0.3659568
2.435,0.6340432,0.3659568
2.436,0.6340432,0.3659568
2.437,0.6340432,0.3659568
2.438,0.6340432,0.3659568
2.439,0.6340432,0.3659568
2.44,0.6340432,0.3659568
2.441,0.6340432,0.3659568
2.442,0.6340432,0.3659568
2.443,0.6340432,0.3659568
2.444,0.6340432,0.3659568
2.445,0.6340432,0.3659568
2.446,0.6340432,0.3659568
2.447,0.6340432,0.3659568
2.448,0.6340432,0.3659568
2.449,0.6340432,0.3659568
2.45,0.6340432,0.3659568
2.451,0.6340432,0.3659568
2.452,0.6340432,0.3659568
2.453,0.6340432,0.3659568
2.454,0.6340432,0.3659568
2.455,0.6340432,0.3659568
2.456,0.6340432,0.3659568
2.457,0.6340432,0.3659568
2.458,0.6340432,0.3659568
2.459,0.6340432,0.3659568
2.46,0.6340432,0.3659568
2.461,0.6340432,0.3659568
2.462,0.6340432,0.3659568
2.463,0.6340432,0.3659568
2.464,0.6340432,0.3659568
2.465,0.6340432,0.3659568
2.466,0.6340432,0.3659568
2.467,0.6340432,0.3659568
2.468,0.6340432,0.3659568
2.469,0.6340432,0.3659568
2.47,0.6340432,0.3659568
2.471,0.6340432,0.3659568
2.472,0.6340432,0.3659568
2.473,0.6340432,0.3659568
2.474,0.6340432,0.3659568
2.475,0.6340432,0.3659568
2.476,0.6340432,0.3659568
2.477,0.6340432,0.3659568
2.478,0.6340432,0.3659568
2.479,0.6340432,0.3659568
2.48,0.6340432,0.3659568
2.481,0.6340432,0.3659568
2.482,0.6340432,0.3659568
2.483,0.6340432,0.3659568
2.484,0.6340432,0.3659568
2.485,0.6340432,0.3659568
2.486,0.6340432,0.3659568
2.487,0.6340432,0.3659568
2.488,0.6340432,0.3659568
2.489,0.6340432,0.3659568
2.49,0.6340432,0.3659568
2.491,0.6340432,0.3659568
2.492,0.6340432,0.3659568
2.493,0.6340432,0.3659568
2.494,0.6340432,0.3659568
2.495,0.6340432,0.3659568
2.496,0.6340432,0.3659568
2.497,0.6340432,0.3659568
2.498,0.6340432,0.3659568
2.499,0.6340432,0.3659568
2.5,0.6340432,0.3659568
2.501,0.6340432,0.3659568
2.502,0.6340432,0.3659568
2.503,0.6340432,0.3659568
2.504,0.6340432,0.3659568
2.505,0.6340432,0.3659568
2.506,0.6340432,0.3659568
2.507,0.6340432,0.3659568
2.508,0.6340432,0.3659568
2.509,0.6340432,0.3659568
2.51,0.6340432,0.3659568
2.511,0.6340432,0.3659568
2.512,0.6340432,0.3659568
2.513,0.6340432,0.3659568
2.514,0.6340432,0.3659568
2.515,0.6340432,0.3659568
2.516,0.6340432,0.3659568
2.517,0.6340432,0.3659568
2.518,0.6340432,0.3659568
2.519,0.6340432,0.3659568
2.52,0.6340432,0.3659568
2.521,0.6340432,0.3659568
2.522,0.6340432,0.3659568
2.523,0.6340432,0.3659568
2.524,0.6340432,0.3659568
2.525,0.6340432,0.3659568
2.526,0.6340432,0.3659568
2.527,0.6340432,0.3659568
2.528,0.6340432,0.3659568
2.529,0.6340432,0.3659568
2.53,0.6340432,0.3659568
2.531,0.6340432,0.3659568
2.532,0.6340432,0.3659568
2.533,0.6340432,0.3659568
2.534,0.6340432,0.3659568
2.535,0.6340432,0.3659568
2.536,0.6340432,0.3659568
2.537,0.6340432,0.3659568
2.538,0.6340432,0.3659568
2.539,0.6340432,0.3659568
2.54,0.6340432,0.3659568
2.541,0.6340432,0.3659568
2.542,0.6340432,0.3659568
2.543,0.6340432,0.3659568
2.544,0.6340432,0.3659568
2.545,0.6340432,0.3659568
2.546,0.6340432,0.3659568
2.547,0.6340432,0.3659568
2.548,0.6340432,0.3659568
2.549,0.6340432,0.3659568
2.55,0.6340432,0.3659568
2.551,0.6340432,0.3659568
2.552,0.6340432,0.3659568
2.553,0.6340432,0.3659568
2.554,0.6340432,0.3659568
2.555,0.6340432,0.3659568
2.556,0.6340432,0.3659568
2.557,0.6340432,0.3659568
2.558,0.6340432,0.3659568
2.559,0.6340432,0.3659568
2.56,0.6340432,0.3659568
2.561,0.6340432,0.3659568
2.562,0.6340432,0.3659568
2.563,0.6340432,0.3659568
2.564,0.6340432,0.3659568
2.565,0.6340432,0.3659568
2.566,0.6340432,0.3659568
2.567,0.6340432,0.3659568
2.568,0.6340432,0.3659568
2.569,0.6340432,0.3659568
2.57,0.6340432,0.3659568
2.571,0.6340432,0.3659568
2.572,0.6340432,0.3659568
2.573,0.6340432,0.3659568
2.574,0.6340432,0.3659568
2.575,0.6340432,0.3659568
2.576,0.6340432,0.3659568
2.577,0.6340432,0.3659568
2.578,0.6340432,0.3659568
2.579,0.6340432,0.3659568
2.58,0.6340432,0.3659568
2.581,0.6340432,0.3659568
2.582,0.6340432,0.3659568
2.583,0.6340432,0.3659568
2.584,0.6340432,0.3659568
2.585,0.6340432,0.3659568
2.586,0.6340432,0.3659568
2.587,0.6340432,0.3659568
2.588,0.6340432,0.3659568
2.589,0.6340432,0.3659568
2.59,0.6340432,0.3659568
2.591,0.6340432,0.3659568
2.592,0.6340432,0.3659568
2.593,0.6340432,0.3659568
2.594,0.6340432,0.3659568
2.595,0.6340432,0.3659568
2.596,0.6340432,0.3659568
2.597,0.6340432,0.3659568
2.598,0.6340432,0.3659568
2.599,0.6340432,0.3659568
2.6,0.6340432,0.3659568
2.601,0.6340432,0.3659568
2.602,0.6340432,0.3659568
2.603,0.6340432,0.3659568
2.604,0.6340432,0.3659568
2.605,0.6340432,0.3659568
2.606,0.6340432,0.3659568
2.607,0.6340432,0.3659568
2.608,0.6340432,0.3659568
2.609,0.6340432,0.3659568
2.61,0.6340432,0.3659568
2.611,0.6340432,0.3659568
2.612,0.6340432,0.3659568
2.613,0.6340432,0.3659568
2.614,0.6340432,0.3659568
2.615,0.6340432,0.3659568
2.616,0.6340432,0.3659568
2.617,0.6340432,0.3659568
2.618,0.6340432,0.3659568
2.619,0.6340432,0.3659568
2.62,0.6340432,0.3659568
2.621,0.6340432,0.3659568
2.622,0.6340432,0.3659568
2.623,0.6340432,0.3659568
2.624,0.6340432,0.3659568
2.625,0.6340432,0.3659568
2.626,0.6340432,0.3659568
2.627,0.6340432,0.3659568
2.628,0.6340432,0.3659568
2.629,0.6340432,0.3659568
2.63,0.6340432,0.3659568
2.631,0.6340432,0.3659568
2.632,0.6340432,0.3659568
2.633,0.6340432,0.3659568
2.634,0.6340432,0.3659568
2.635,0.6340432,0.3659568
2.636,0.6340432,0.3659568
2.637,0.6340432,0.3659568
2.638,0.6340432,0.3659568
2.639,0.6340432,0.3659568
2.64,0.6340432,0.3659568
2.641,0.6340432,0.3659568
2.642,0.6340432,0.3659568
2.643,0.6340432,0.3659568
2.644,0.6340432,0.3659568
2.645,0.6340432,0.3659568
2.646,0.6340432,0.3659568
2.647,0.6340432,0.3659568
2.648,0.6340432,0.3659568
2.649,0.6340432,0.3659568
2.65,0.6340432,0.3659568
2.651,0.6340432,0.3659568
2.652,0.6340432,0.3659568
2.653,0.6340432,0.3659568
2.654,0.6340432,0.3659568
2.655,0.6340432,0.3659568
2.656,0.6340432,0.3659568
2.657,0.6340432,0.3659568
2.658,0.6340432,0.3659568
2.659,0.6340432,0.3659568
2.66,0.6340432,0.3659568
2.661,0.6340432,0.3659568
2.662,0.6340432,0.3659568
2.663,0.6340432,0.3659568
2.664,0.6340432,0.3659568
2.665,0.6340432,0.3659568
2.666,0.6340432,0.3659568
2.667,0.6340432,0.3659568
2.668,0.6340432,0.3659568
2.669,0.6340432,0.3659568
2.67,0.6340432,0.3659568
2.671,0.6340432,0.3659568
2.672,0.6340432,0.3659568
2.673,0.6340432,0.3659568
2.674,0.6340432,0.3659568
2.675,0.6340432,0.3659568
2.676,0.6340432,0.3659568
2.677,0.6340432,0.3659568
2.678,0.6340432,0.3659568
2.679,0.6340432,0.3659568
2.68,0.6340432,0.3659568
2.681,0.6340432,0.3659568
2.682,0.6340432,0.3659568
2.683,0.6340432,0.3659568
2.684,0.6340432,0.3659568
2.685,0.6340432,0.3659568
2.686,0.6340432,0.3659568
2.687,0.6340432,0.3659568
2.688,0.6340432,0.3659568
2.689,0.6340432,0.3659568
2.69,0.6340432,0.3659568
2.691,0.6340432,0.3659568
2.692,0.6340432,0.3659568
2.693,0.6340432,0.3659568
2.694,0.6340432,0.3659568
2.695,0.6340432,0.3659568
2.696,0.6340432,0.3659568
2.697,0.6340432,0.3659568
2.698,0.6340432,0.3659568
2.699,0.6340432,0.3659568
2.7,0.6340432,0.3659568
2.701,0.6340432,0.3659568
2.702,0.6340432,0.3659568
2.703,0.6340432,0.3659568
2.704,0.6340432,0.3659568
2.705,0.6340432,0.3659568
2.706,0.6340432,0.3659568
2.707,0.6340432,0.3659568
2.708,0.6340432,0.3659568
2.709,0.6340432,0.3659568
2.71,0.6340432,0.3659568
2.711,0.6340432,0.3659568
2.712,0.6340432,0.3659568
2.713,0.6340432,0.3659568
2.714,0.6340432,0.3659568
2.715,0.6340432,0.3659568
2.716,0.6340432,0.3659568
2.717,0.6340432,0.3659568
2.718,0.6340432,0.3659568
2.719,0.6340432,0.3659568
2.72,0.6340432,0.3659568
2.721,0.6340432,0.3659568
2.722,0.6340432,0.3659568
2.723,0.6340432,0.3659568
2.724,0.6340432,0.3659568
2.725,0.6340432,0.3659568
2.726,0.6340432,0.3659568
2.727,0.6340432,0.3659568
2.728,0.6340432,0.3659568
2.729,0.6340432,0.3659568
2.73,0.6340432,0.3659568
2.731,0.6340432,0.3659568
2.732,0.6340432,0.3659568
2.733,0.6340432,0.3659568
2.734,0.6340432,0.3659568
2.735,0.6340432,0.3659568
2.736,0.6340432,0.3659568
2.737,0.6340432,0.3659568
2.738,0.6340432,0.3659568
2.739,0.6340432,0.3659568
2.74,0.6340432,0.3659568
2.741,0.6340432,0.3659568
2.742,0.6340432,0.3659568
2.743,0.6340432,0.3659568
2.744,0.6340432,0.3659568
2.745,0.6340432,0.3659568
2.746,0.6340432,0.3659568
2.747,0.6340432,0.3659568
2.748,0.6340432,0.3659568
2.749,0.6340432,0.3659568
2.75,0.6340432,0.3659568
2.751,0.6340432,0.3659568
2.752,0.6340432,0.3659568
2.753,0.6340432,0.3659568
2.754,0.6340432,0.3659568
2.755,0.6340432,0.3659568
2.756,0.6340432,0.3659568
2.757,0.6340432,0.3659568
2.758,0.6340432,0.3659568
2.759,0.6340432,0.3659568
2.76,0.6340432,0.3659568
2.761,0.6340432,0.3659568
2.762,0.6340432,0.3659568
2.763,0.6340432,0.3659568
2.764,0.6340432,0.3659568
2.765,0.6340432,0.3659568
2.766,0.6340432,0.3659568
2.767,0.6340432,0.3659568
2.768,0.6340432,0.3659568
2.769,0.6340432,0.3659568
2.77,0.6340432,0.3659568
2.771,0.6340432,0.3659568
2.772,0.6340432,0.3659568
2.773,0.6340432,0.3659568
2.774,0.6340432,0.3659568
2.775,0.6340432,0.3659568
2.776,0.6340432,0.3659568
2.777,0.6340432,0.3659568
2.778,0.6340432,0.3659568
2.779,0.6340432,0.3659568
2.78,0.6340432,0.3659568
2.781,0.6340432,0.3659568
2.782,0.6340432,0.3659568
2.783,0.6340432,0.3659568
2.784,0.6340432,0.3659568
2.785,0.6340432,0.3659568
2.786,0.6340432,0.3659568
2.787,0.6340432,0.3659568
2.788,0.6340432,0.3659568
2.789,0.6340432,0.3659568
2.79,0.6340432,0.3659568
2.791,0.6340432,0.3659568
2.792,0.6340432,0.3659568
2.793,0.6340432,0.3659568
2.794,0.6340432,0.3659568
2.795,0.6340432,0.3659568
2.796,0.6340432,0.3659568
2.797,0.6340432,0.3659568
2.798,0.6340432,0.3659568
2.799,0.6340432,0.3659568
2.8,0.6340432,0.3659568
2.801,0.6340432,0.3659568
2.802,0.6340432,0.3659568
2.803,0.6340432,0.3659568
2.804,0.6340432,0.3659568
2.805,0.6340432,0.3659568
2.806,0.6340432,0.3659568
2.807,0.6340432,0.3659568
2.808,0.6340432,0.3659568
2.809,0.6340432,0.3659568
2.81,0.6340432,0.3659568
2.811,0.6340432,0.3659568
2.812,0.6340432,0.3659568
2.813,0.6340432,0.3659568
2.814,0.6340432,0.3659568
2.815,0.6340432,0.3659568
2.816,0.6340432,0.3659568
2.817,0.6340432,0.3659568
2.818,0.6340432,0.3659568
2.819,0.6340432,0.3659568
2.82,0.6340432,0.3659568
2.821,0.6340432,0.3659568
2.822,0.6340432,0.3659568
2.823,0.6340432,0.3659568
2.824,0.6340432,0.3659568
2.825,0.6340432,0.3659568
2.826,0.6340432,0.3659568
2.827,0.6340432,0.3659568
2.828,0.6340432,0.3659568
2.829,0.6340432,0.3659568
2.83,0.6340432,0.3659568
2.831,0.6340432,0.3659568
2.832,0.6340432,0.3659568
2.833,0.6340432,0.3659568
2.834,0.6340432,0.3659568
2.835,0.6340432,0.3659568
2.836,0.6340432,0.3659568
2.837,0.6340432,0.3659568
2.838,0.6340432,0.3659568
2.839,0.6340432,0.3659568
2.84,0.6340432,0.3659568
2.841,0.6340432,0.3659568
2.842,0.6340432,0.3659568
2.843,0.6340432,0.3659568
2.844,0.6340432,0.3659568
2.845,0.6340432,0.3659568
2.846,0.6340432,0.3659568
2.847,0.6340432,0.3659568
2.848,0.6340432,0.3659568
2.849,0.6340432,0.3659568
2.85,0.6340432,0.3659568
2.851,0.6340432,0.3659568
2.852,0.6340432,0.3659568
2.853,0.6340432,0.3659568
2.854,0.6340432,0.3659568
2.855,0.6340432,0.3659568
2.856,0.6340432,0.3659568
2.857,0.6340432,0.3659568
2.858,0.6340432,0.3659568
2.859,0.6340432,0.3659568
2.86,0.6340432,0.3659568
2.861,0.6340432,0.3659568
2.862,0.6340432,0.3659568
2.863,0.6340432,0.3659568
2.864,0.6340432,0.3659568
2.865,0.6340432,0.3659568
2.866,0.6340432,0.3659568
2.867,0.6340432,0.3659568
2.868,0.6340432,0.3659568
2.869,0.6340432,0.3659568
2.87,0.6340432,0.3659568
2.871,0.6340432,0.3659568
2.872,0.6340432,0.3659568
2.873,0.6340432,0.3659568
2.874,0.6340432,0.3659568
2.875,0.6340432,0.3659568
2.876,0.6340432,0.3659568
2.877,0.6340432,0.3659568
2.878,0.6340432,0.3659568
2.879,0.6340432,0.3659568
2.88,0.6340432,0.3659568
2.881,0.6340432,0.3659568
2.882,0.6340432,0.3659568
2.883,0.6340432,0.3659568
2.884,0.6340432,0.3659568
2.885,0.6340432,0.3659568
2.886,0.6340432,0.3659568
2.887,0.6340432,0.3659568
2.888,0.6340432,0.3659568
2.889,0.6340432,0.3659568
2.89,0.6340432,0.3659568
2.891,0.6340432,0.3659568
2.892,0.6340432,0.3659568
2.893,0.6340432,0.3659568
2.894,0.6340432,0.3659568
2.895,0.6340432,0.3659568
2.896,0.6340432,0.3659568
2.897,0.6340432,0.3659568
2.898,0.6340432,0.3659568
2.899,0.6340432,0.3659568
2.9,0.6340432,0.3659568
2.901,0.6340432,0.3659568
2.902,0.6340432,0.3659568
2.903,0.6340432,0.3659568
2.904,0.6340432,0.3659568
2.905,0.6340432,0.3659568
2.906,0.6340432,0.3659568
2.907,0.6340432,0.3659568
2.908,0.6340432,0.3659568
2.909,0.6340432,0.3659568
2.91,0.6340432,0.3659568
2.911,0.6340432,0.3659568
2.912,0.6340432,0.3659568
2.913,0.6340432,0.3659568
2.914,0.6340432,0.3659568
2.915,0.6340432,0.3659568
2.916,0.6340432,0.3659568
2.917,0.6340432,0.3659568
2.918,0.6340432,0.3659568
2.919,0.6340432,0.3659568
2.92,0.6340432,0.3659568
2.921,0.6340432,0.3659568
2.922,0.6340432,0.3659568
2.923,0.6340432,0.3659568
2.924,0.6340432,0.3659568
2.925,0.6340432,0.3659568
2.926,0.6340432,0.3659568
2.927,0.6340432,0.3659568
2.928,0.6340432,0.3659568
2.929,0.6340432,0.3659568
2.93,0.6340432,0.3659568
2.931,0.6340432,0.3659568
2.932,0.6340432,0.3659568
2.933,0.6340432,0.3659568
2.934,0.6340432,0.3659568
2.935,0.6340432,0.3659568
2.936,0.6340432,0.3659568
2.937,0.6340432,0.3659568
2.938,0.6340432,0.3659568
2.939,0.6340432,0.3659568
2.94,0.6340432,0.3659568
2.941,0.6340432,0.3659568
2.942,0.6340432,0.3659568
2.943,0.6340432,0.3659568
2.944,0.6340432,0.3659568
2.945,0.6340432,0.3659568
2.946,0.6340432,0.3659568
2.947,0.6340432,0.3659568
2.948,0.6340432,0.3659568
2.949,0.6340432,0.3659568
2.95,0.6340432,0.3659568
2.951,0.6340432,0.3659568
2.952,0.6340432,0.3659568
2.953,0.6340432,0.3659568
2.954,0.6340432,0.3659568
2.955,0.6340432,0.3659568
2.956,0.6340432,0.3659568
2.957,0.6340432,0.3659568
2.958,0.6340432,0.3659568
2.959,0.6340432,0.3659568
2.96,0.6340432,0.3659568
2.961,0.6340432,0.3659568
2.962,0.6340432,0.3659568
2.963,0.6340432,0.3659568
2.964,0.6340432,0.3659568
2.965,0.6340432,0.3659568
2.966,0.6340432,0.3659568
2.967,0.6340432,0.3659568
2.968,0.6340432,0.3659568
2.969,0.6340432,0.3659568
2.97,0.6340432,0.3659568
2.971,0.6340432,0.3659568
2.972,0.6340432,0.3659568
2.973,0.6340432,0.3659568
2.974,0.6340432,0.3659568
2.975,0.6340432,0.3659568
2.976,0.6340432,0.3659568
2.977,0.6340432,0.3659568
2.978,0.6340432,0.3659568
2.979,0.6340432,0.3659568
2.98,0.6340432,0.3659568
2.981,0.6340432,0.3659568
2.982,0.6340432,0.3659568
2.983,0.6340432,0.3659568
2.984,0.6340432,0.3659568
2.985,0.6340432,0.3659568
2.986,0.6340432,0.3659568
2.987,0.6340432,0.3659568
2.988,0.6340432,0.3659568
2.989,0.6340432,0.3659568
2.99,0.6340432,0.3659568
2.991,0.6340432,0.3659568
2.992,0.6340432,0.3659568
2.993,0.6340432,0.3659568
2.994,0.6340432,0.3659568
2.995,0.6340432,0.3659568
2.996,0.6340432,0.3659568
2.997,0.6340432,0.3659568
2.998,0.6340432,0.3659568
2.999,0.6340432,0.3659568
3.0,0.6340432,0.3659568
3.001,0.6340432,0.3659568
3.002,0.6340432,0.3659568
3.003,0.6340432,0.3659568
3.004,0.6340432,0.3659568
3.005,0.6340432,0.3659568
3.006,0.6340432,0.3659568
3.007,0.6340432,0.3659568
3.008,0.6340432,0.3659568
3.009,0.6340432,0.3659568
3.01,0.6340432,0.3659568
3.011,0.6340432,0.3659568
3.012,0.6340432,0.3659568
3.013,0.6340432,0.3659568
3.014,0.6340432,0.3659568
3.015,0.6340432,0.3659568
3.016,0.6340432,0.3659568
3.017,0.6340432,0.3659568
3.018,0.6340432,0.3659568
3.019,0.6340432,0.3659568
3.02,0.6340432,0.3659568
3.021,0.6340432,0.3659568
3.022,0.6340432,0.3659568
3.023,0.6340432,0.3659568
3.024,0.6340432,0.3659568
3.025,0.6340432,0.3659568
3.026,0.6340432,0.3659568
3.027,0.6340432,0.3659568
3.028,0.6340432,0.3659568
3.029,0.6340432,0.3659568
3.03,0.6340432,0.3659568
3.031,0.6340432,0.3659568
3.032,0.6340432,0.3659568
3.033,0.6340432,0.3659568
3.034,0.6340432,0.3659568
3.035,0.6340432,0.3659568
3.036,0.6340432,0.3659568
3.037,0.6340432,0.3659568
3.038,0.6340432,0.3659568
3.039,0.6340432,0.3659568
3.04,0.6340432,0.3659568
3.041,0.6340432,0.3659568
3.042,0.6340432,0.3659568
3.043,0.6340432,0.3659568
3.044,0.6340432,0.3659568
3.045,0.6340432,0.3659568
3.046,0.6340432,0.3659568
3.047,0.6340432,0.3659568
3.048,0.6340432,0.3659568
3.049,0.6340432,0.3659568
3.05,0.6340432,0.3659568
3.051,0.6340432,0.3659568
3.052,0.6340432,0.3659568
3.053,0.6340432,0.3659568
3.054,0.6340432,0.3659568
3.055,0.6340432,0.3659568
3.056,0.6340432,0.3659568
3.057,0.6340432,0.3659568
3.058,0.6340432,0.3659568
3.059,0.6340432,0.3659568
3.06,0.6340432,0.3659568
3.061,0.6340432,0.3659568
3.062,0.6340432,0.3659568
3.063,0.6340432,0.3659568
3.064,0.6340432,0.3659568
3.065,0.6340432,0.3659568
3.066,0.6340432,0.3659568
3.067,0.6340432,0.3659568
3.068,0.6340432,0.3659568
3.069,0.6340432,0.3659568
3.07,0.6340432,0.3659568
3.071,0.6340432,0.3659568
3.072,0.6340432,0.3659568
3.073,0.6340432,0.3659568
3.074,0.6340432,0.3659568
3.075,0.6340432,0.3659568
3.076,0.6340432,0.3659568
3.077,0.6340432,0.3659568
3.078,0.6340432,0.3659568
3.079,0.6340432,0.3659568
3.08,0.6340432,0.3659568
3.081,0.6340432,0.3659568
3.082,0.6340432,0.3659568
3.083,0.6340432,0.3659568
3.084,0.6340432,0.3659568
3.085,0.6340432,0.3659568
3.086,0.6340432,0.3659568
3.087,0.6340432,0.3659568
3.088,0.6340432,0.3659568
3.089,0.6340432,0.3659568
3.09,0.6340432,0.3659568
3.091,0.6340432,0.3659568
3.092,0.6340432,0.3659568
3.093,0.6340432,0.3659568
3.094,0.6340432,0.3659568
3.095,0.6340432,0.3659568
3.096,0.6340432,0.3659568
3.097,0.6340432,0.3659568
3.098,0.6340432,0.3659568
3.099,0.6340432,0.3659568
3.1,0.6340432,0.3659568
3.101,0.6340432,0.3659568
3.102,0.6340432,0.3659568
3.103,0.6340432,0.3659568
3.104,0.6340432,0.3659568
3.105,0.6340432,0.3659568
3.106,0.6340432,0.3659568
3.107,0.6340432,0.3659568
3.108,0.6340432,0.3659568
3.109,0.6340432,0.3659568
3.11,0.6340432,0.3659568
3.111,0.6340432,0.3659568
3.112,0.6340432,0.3659568
3.113,0.6340432,0.3659568
3.114,0.6340432,0.3659568
3.115,0.6340432,0.3659568
3.116,0.6340432,0.3659568
3.117,0.6340432,0.3659568
3.118,0.6340432,0.3659568
3.119,0.6340432,0.3659568
3.12,0.6340432,0.3659568
3.121,0.6340432,0.3659568
3.122,0.6340432,0.3659568
3.123,0.6340432,0.3659568
3.124,0.6340432,0.3659568
3.125,0.6340432,0.3659568
3.126,0.6340432,0.3659568
3.127,0.6340432,0.3659568
3.128,0.6340432,0.3659568
3.129,0.6340432,0.3659568
3.13,0.6340432,0.3659568
3.131,0.6340432,0.3659568
3.132,0.6340432,0.3659568
3.133,0.6340432,0.3659568
3.134,0.6340432,0.3659568
3.135,0.6340432,0.3659568
3.136,0.6340432,0.3659568
3.137,0.6340432,0.3659568
3.138,0.6340432,0.3659568
3.139,0.6340432,0.3659568
3.14,0.6340432,0.3659568
3.141,0.6340432,0.3659568
3.142,0.6340432,0.3659568
3.143,0.6340432,0.3659568
3.144,0.6340432,0.3659568
3.145,0.6340432,0.3659568
3.146,0.6340432,0.3659568
3.147,0.6340432,0.3659568
3.148,0.6340432,0.3659568
3.149,0.6340432,0.3659568
3.15,0.6340432,0.3659568
3.151,0.6340432,0.3659568
3.152,0.6340432,0.3659568
3.153,0.6340432,0.3659568
3.154,0.6340432,0.3659568
3.155,0.6340432,0.3659568
3.156,0.6340432,0.3659568
3.157,0.6340432,0.3659568
3.158,0.6340432,0.3659568
3.159,0.6340432,0.3659568
3.16,0.6340432,0.3659568
3.161,0.6340432,0.3659568
3.162,0.6340432,0.3659568
3.163,0.6340432,0.3659568
3.164,0.6340432,0.3659568
3.165,0.6340432,0.3659568
3.166,0.6340432,0.3659568
3.167,0.6340432,0.3659568
3.168,0.6340432,0.3659568
3.169,0.6340432,0.3659568
3.17,0.6340432,0.3659568
3.171,0.6340432,0.3659568
3.172,0.6340432,0.3659568
3.173,0.6340432,0.3659568
3.174,0.6340432,0.3659568
3.175,0.6340432,0.3659568
3.176,0.6340432,0.3659568
3.177,0.6340432,0.3659568
3.178,0.6340432,0.3659568
3.179,0.6340432,0.3659568
3.18,0.6340432,0.3659568
3.181,0.6340432,0.3659568
3.182,0.6340432,0.3659568
3.183,0.6340432,0.3659568
3.184,0.6340432,0.3659568
3.185,0.6340432,0.3659568
3.186,0.6340432,0.3659568
3.187,0.6340432,0.3659568
3.188,0.6340432,0.3659568
3.189,0.6340432,0.3659568
3.19,0.6340432,0.3659568
3.191,0.6340432,0.3659568
3.192,0.6340432,0.3659568
3.193,0.6340432,0.3659568
3.194,0.6340432,0.3659568
3.195,0.6340432,0.3659568
3.196,0.6340432,0.3659568
3.197,0.6340432,0.3659568
3.198,0.6340432,0.3659568
3.199,0.6340432,0.3659568
3.2,0.6340432,0.3659568
3.201,0.6340432,0.3659568
3.202,0.6340432,0.3659568
3.203,0.6340432,0.3659568
3.204,0.6340432,0.3659568
3.205,0.6340432,0.3659568
3.206,0.6340432,0.3659568
3.207,0.6340432,0.3659568
3.208,0.6340432,0.3659568
3.209,0.6340432,0.3659568
3.21,0.6340432,0.3659568
3.211,0.6340432,0.3659568
3.212,0.6340432,0.3659568
3.213,0.6340432,0.3659568
3.214,0.6340432,0.3659568
3.215,0.6340432,0.3659568
3.216,0.6340432,0.3659568
3.217,0.6340432,0.3659568
3.218,0.6340432,0.3659568
3.219,0.6340432,0.3659568
3.22,0.6340432,0.3659568
3.221,0.6340432,0.3659568
3.222,0.6340432,0.3659568
3.223,0.6340432,0.3659568
3.224,0.6340432,0.3659568
3.225,0.6340432,0.3659568
3.226,0.6340432,0.3659568
3.227,0.6340432,0.3659568
3.228,0.6340432,0.3659568
3.229,0.6340432,0.3659568
3.23,0.6340432,0.3659568
3.231,0.6340432,0.3659568
3.232,0.6340432,0.3659568
3.233,0.6340432,0.3659568
3.234,0.6340432,0.3659568
3.235,0.6340432,0.3659568
3.236,0.6340432,0.3659568
3.237,0.6340432,0.3659568
3.238,0.6340432,0.3659568
3.239,0.6340432,0.3659568
3.24,0.6340432,0.3659568
3.241,0.6340432,0.3659568
3.242,0.6340432,0.3659568
3.243,0.6340432,0.3659568
3.244,0.6340432,0.3659568
3.245,0.6340432,0.3659568
3.246,0.6340432,0.3659568
3.247,0.6340432,0.3659568
3.248,0.6340432,0.3659568
3.249,0.6340432,0.3659568
3.25,0.6340432,0.3659568
3.251,0.6340432,0.3659568
3.252,0.6340432,0.3659568
3.253,0.6340432,0.3659568
3.254,0.6340432,0.3659568
3.255,0.6340432,0.3659568
3.256,0.6340432,0.3659568
3.257,0.6340432,0.3659568
3.258,0.6340432,0.3659568
3.259,0.6340432,0.3659568
3.26,0.6340432,0.3659568
3.261,0.6340432,0.3659568
3.262,0.6340432,0.3659568
3.263,0.6340432,0.3659568
3.264,0.6340432,0.3659568
3.265,0.6340432,0.3659568
3.266,0.6340432,0.3659568
3.267,0.6340432,0.3659568
3.268,0.6340432,0.3659568
3.269,0.6340432,0.3659568
3.27,0.6340432,0.3659568
3.271,0.6340432,0.3659568
3.272,0.6340432,0.3659568
3.273,0.6340432,0.3659568
3.274,0.6340432,0.3659568
3.275,0.6340432,0.3659568
3.276,0.6340432,0.3659568
3.277,0.6340432,0.3659568
3.278,0.6340432,0.3659568
3.279,0.6340432,0.3659568
3.28,0.6340432,0.3659568
3.281,0.6340432,0.3659568
3.282,0.6340432,0.3659568
3.283,0.6340432,0.3659568
3.284,0.6340432,0.3659568
3.285,0.6340432,0.3659568
3.286,0.6340432,0.3659568
3.287,0.6340432,0.3659568
3.288,0.6340432,0.3659568
3.289,0.6340432,0.3659568
3.29,0.6340432,0.3659568
3.291,0.6340432,0.3659568
3.292,0.6340432,0.3659568
3.293,0.6340432,0.3659568
3.294,0.6340432,0.3659568
3.295,0.6340432,0.3659568
3.296,0.6340432,0.3659568
3.297,0.6340432,0.3659568
3.298,0.6340432,0.3659568
3.299,0.6340432,0.3659568
3.3,0.6340432,0.3659568
3.301,0.6340432,0.3659568
3.302,0.6340432,0.3659568
3.303,0.6340432,0.3659568
3.304,0.6340432,0.3659568
3.305,0.6340432,0.3659568
3.306,0.6340432,0.3659568
3.307,0.6340432,0.3659568
3.308,0.6340432,0.3659568
3.309,0.6340432,0.3659568
3.31,0.6340432,0.3659568
3.311,0.6340432,0.3659568
3.312,0.6340432,0.3659568
3.313,0.6340432,0.3659568
3.314,0.6340432,0.3659568
3.315,0.6340432,0.3659568
3.316,0.6340432,0.3659568
3.317,0.6340432,0.3659568
3.318,0.6340432,0.3659568
3.319,0.6340432,0.3659568
3.32,0.6340432,0.3659568
3.321,0.6340432,0.3659568
3.322,0.6340432,0.3659568
3.323,0.6340432,0.3659568
3.324,0.6340432,0.3659568
3.325,0.6340432,0.3659568
3.326,0.6340432,0.3659568
3.327,0.6340432,0.3659568
3.328,0.6340432,0.3659568
3.329,0.6340432,0.3659568
3.33,0.6340432,0.3659568
3.331,0.6340432,0.3659568
3.332,0.6340432,0.3659568
3.333,0.6340432,0.3659568
3.334,0.6340432,0.3659568
3.335,0.6340432,0.3659568
3.336,0.6340432,0.3659568
3.337,0.6340432,0.3659568
3.338,0.6340432,0.3659568
3.339,0.6340432,0.3659568
3.34,0.6340432,0.3659568
3.341,0.6340432,0.3659568
3.342,0.6340432,0.3659568
3.343,0.6340432,0.3659568
3.344,0.6340432,0.3659568
3.345,0.6340432,0.3659568
3.346,0.6340432,0.3659568
3.347,0.6340432,0.3659568
3.348,0.6340432,0.3659568
3.349,0.6340432,0.3659568
3.35,0.6340432,0.3659568
3.351,0.6340432,0.3659568
3.352,0.6340432,0.3659568
3.353,0.6340432,0.3659568
3.354,0.6340432,0.3659568
3.355,0.6340432,0.3659568
3.356,0.6340432,0.3659568
3.357,0.6340432,0.3659568
3.358,0.6340432,0.3659568
3.359,0.6340432,0.3659568
3.36,0.6340432,0.3659568
3.361,0.6340432,0.3659568
3.362,0.6340432,0.3659568
3.363,0.6340432,0.3659568
3.364,0.6340432,0.3659568
3.365,0.6340432,0.3659568
3.366,0.6340432,0.3659568
3.367,0.6340432,0.3659568
3.368,0.6340432,0.3659568
3.369,0.6340432,0.3659568
3.37,0.6340432,0.3659568
3.371,0.6340432,0.3659568
3.372,0.6340432,0.3659568
3.373,0.6340432,0.3659568
3.374,0.6340432,0.3659568
3.375,0.6340432,0.3659568
3.376,0.6340432,0.3659568
3.377,0.6340432,0.3659568
3.378,0.6340432,0.3659568
3.379,0.6340432,0.3659568
3.38,0.6340432,0.3659568
3.381,0.6340432,0.3659568
3.382,0.6340432,0.3659568
3.383,0.6340432,0.3659568
3.384,0.6340432,0.3659568
3.385,0.6340432,0.3659568
3.386,0.6340432,0.3659568
3.387,0.6340432,0.3659568
3.388,0.6340432,0.3659568
3.389,0.6340432,0.3659568
3.39,0.6340432,0.3659568
3.391,0.6340432,0.3659568
3.392,0.6340432,0.3659568
3.393,0.6340432,0.3659568
3.394,0.6340432,0.3659568
3.395,0.6340432,0.3659568
3.396,0.6340432,0.3659568
3.397,0.6340432,0.3659568
3.398,0.6340432,0.3659568
3.399,0.6340432,0.3659568
3.4,0.6340432,0.3659568
3.401,0.6340432,0.3659568
3.402,0.6340432,0.3659568
3.403,0.6340432,0.3659568
3.404,0.6340432,0.3659568
3.405,0.6340432,0.3659568
3.406,0.6340432,0.3659568
3.407,0.6340432,0.3659568
3.408,0.6340432,0.3659568
3.409,0.6340432,0.3659568
3.41,0.6340432,0.3659568
3.411,0.6340432,0.3659568
3.412,0.6340432,0.3659568
3.413,0.6340432,0.3659568
3.414,0.6340432,0.3659568
3.415,0.6340432,0.3659568
3.416,0.6340432,0.3659568
3.417,0.6340432,0.3659568
3.418,0.6340432,0.3659568
3.419,0.6340432,0.3659568
3.42,0.6340432,0.3659568
3.421,0.6340432,0.3659568
3.422,0.6340432,0.3659568
3.423,0.6340432,0.3659568
3.424,0.6340432,0.3659568
3.425,0.6340432,0.3659568
3.426,0.6340432,0.3659568
3.427,0.6340432,0.3659568
3.428,0.6340432,0.3659568
3.429,0.6340432,0.3659568
3.43,0.6340432,0.3659568
3.431,0.6340432,0.3659568
3.432,0.6340432,0.3659568
3.433,0.6340432,0.3659568
3.434,0.6340432,0.3659568
3.435,0.6340432,0.3659568
3.436,0.6340432,0.3659568
3.437,0.6340432,0.3659568
3.438,0.6340432,0.3659568
3.439,0.6340432,0.3659568
3.44,0.6340432,0.3659568
3.441,0.6340432,0.3659568
3.442,0.6340432,0.3659568
3.443,0.6340432,0.3659568
3.444,0.6340432,0.3659568
3.445,0.6340432,0.3659568
3.446,0.6340432,0.3659568
3.447,0.6340432,0.3659568
3.448,0.6340432,0.3659568
3.449,0.6340432,0.3659568
3.45,0.6340432,0.3659568
3.451,0.6340432,0.3659568
3.452,0.6340432,0.3659568
3.453,0.6340432,0.3659568
3.454,0.6340432,0.3659568
3.455,0.6340432,0.3659568
3.456,0.6340432,0.3659568
3.457,0.6340432,0.3659568
3.458,0.6340432,0.3659568
3.459,0.6340432,0.3659568
3.46,0.6340432,0.3659568
3.461,0.6340432,0.3659568
3.462,0.6340432,0.3659568
3.463,0.6340432,0.3659568
3.464,0.6340432,0.3659568
3.465,0.6340432,0.3659568
3.466,0.6340432,0.3659568
3.467,0.6340432,0.3659568
3.468,0.6340432,0.3659568
3.469,0.6340432,0.3659568
3.47,0.6340432,0.3659568
3.471,0.6340432,0.3659568
3.472,0.6340432,0.3659568
3.473,0.6340432,0.3659568
3.474,0.6340432,0.3659568
3.475,0.6340432,0.3659568
3.476,0.6340432,0.3659568
3.477,0.6340432,0.3659568
3.478,0.6340432,0.3659568
3.479,0.6340432,0.3659568
3.48,0.6340432,0.3659568
3.481,0.6340432,0.3659568
3.482,0.6340432,0.3659568
3.483,0.6340432,0.3659568
3.484,0.6340432,0.3659568
3.485,0.6340432,0.3659568
3.486,0.6340432,0.3659568
3.487,0.6340432,0.3659568
3.488,0.6340432,0.3659568
3.489,0.6340432,0.3659568
3.49,0.6340432,0.3659568
3.491,0.6340432,0.3659568
3.492,0.6340432,0.3659568
3.493,0.6340432,0.3659568
3.494,0.6340432,0.3659568
3.495,0.6340432,0.3659568
3.496,0.6340432,0.3659568
3.497,0.6340432,0.3659568
3.498,0.6340432,0.3659568
3.499,0.6340432,0.3659568
3.5,0.6340432,0.3659568
3.501,0.6340432,0.3659568
3.502,0.6340432,0.3659568
3.503,0.6340432,0.3659568
3.504,0.6340432,0.3659568
3.505,0.6340432,0.3659568
3.506,0.6340432,0.3659568
3.507,0.6340432,0.3659568
3.508,0.6340432,0.3659568
3.509,0.6340432,0.3659568
3.51,0.6340432,0.3659568
3.511,0.6340432,0.3659568
3.512,0.6340432,0.3659568
3.513,0.6340432,0.3659568
3.514,0.6340432,0.3659568
3.515,0.6340432,0.3659568
3.516,0.6340432,0.3659568
3.517,0.6340432,0.3659568
3.518,0.6340432,0.3659568
3.519,0.6340432,0.3659568
3.52,0.6340432,0.3659568
3.521,0.6340432,0.3659568
3.522,0.6340432,0.3659568
3.523,0.6340432,0.3659568
3.524,0.6340432,0.3659568
3.525,0.6340432,0.3659568
3.526,0.6340432,0.3659568
3.527,0.6340432,0.3659568
3.528,0.6340432,0.3659568
3.529,0.6340432,0.3659568
3.53,0.6340432,0.3659568
3.531,0.6340432,0.3659568
3.532,0.6340432,0.3659568
3.533,0.6340432,0.3659568
3.534,0.6340432,0.3659568
3.535,0.6340432,0.3659568
3.536,0.6340432,0.3659568
3.537,0.6340432,0.3659568
3.538,0.6340432,0.3659568
3.539,0.6340432,0.3659568
3.54,0.6340432,0.3659568
3.541,0.6340432,0.3659568
3.542,0.6340432,0.3659568
3.543,0.6340432,0.3659568
3.544,0.6340432,0.3659568
3.545,0.6340432,0.3659568
3.546,0.6340432,0.3659568
3.547,0.6340432,0.3659568
3.548,0.6340432,0.3659568
3.549,0.6340432,0.3659568
3.55,0.6340432,0.3659568
3.551,0.6340432,0.3659568
3.552,0.6340432,0.3659568
3.553,0.6340432,0.3659568
3.554,0.6340432,0.3659568
3.555,0.6340432,0.3659568
3.556,0.6340432,0.3659568
3.557,0.6340432,0.3659568
3.558,0.6340432,0.3659568
3.559,0.6340432,0.3659568
3.56,0.6340432,0.3659568
3.561,0.6340432,0.3659568
3.562,0.6340432,0.3659568
3.563,0.6340432,0.3659568
3.564,0.6340432,0.3659568
3.565,0.6340432,0.3659568
3.566,0.6340432,0.3659568
3.567,0.6340432,0.3659568
3.568,0.6340432,0.3659568
3.569,0.6340432,0.3659568
3.57,0.6340432,0.3659568
3.571,0.6340432,0.3659568
3.572,0.6340432,0.3659568
3.573,0.6340432,0.3659568
3.574,0.6340432,0.3659568
3.575,0.6340432,0.3659568
3.576,0.6340432,0.3659568
3.577,0.6340432,0.3659568
3.578,0.6340432,0.3659568
3.579,0.6340432,0.3659568
3.58,0.6340432,0.3659568
3.581,0.6340432,0.3659568
3.582,0.6340432,0.3659568
3.583,0.6340432,0.3659568
3.584,0.6340432,0.3659568
3.585,0.6340432,0.3659568
3.586,0.6340432,0.3659568
3.587,0.6340432,0.3659568
3.588,0.6340432,0.3659568
3.589,0.6340432,0.3659568
3.59,0.6340432,0.3659568
3.591,0.6340432,0.3659568
3.592,0.6340432,0.3659568
3.593,0.6340432,0.3659568
3.594,0.6340432,0.3659568
3.595,0.6340432,0.3659568
3.596,0.6340432,0.3659568
3.597,0.6340432,0.3659568
3.598,0.6340432,0.3659568
3.599,0.6340432,0.3659568
3.6,0.6340432,0.3659568
3.601,0.6340432,0.3659568
3.602,0.6340432,0.3659568
3.603,0.6340432,0.3659568
3.604,0.6340432,0.3659568
3.605,0.6340432,0.3659568
3.606,0.6340432,0.3659568
3.607,0.6340432,0.3659568
3.608,0.6340432,0.3659568
3.609,0.6340432,0.3659568
3.61,0.6340432,0.3659568
3.611,0.6340432,0.3659568
3.612,0.6340432,0.3659568
3.613,0.6340432,0.3659568
3.614,0.6340432,0.3659568
3.615,0.6340432,0.3659568
3.616,0.6340432,0.3659568
3.617,0.6340432,0.3659568
3.618,0.6340432,0.3659568
3.619,0.6340432,0.3659568
3.62,0.6340432,0.3659568
3.621,0.6340432,0.3659568
3.622,0.6340432,0.3659568
3.623,0.6340432,0.3659568
3.624,0.6340432,0.3659568
3.625,0.6340432,0.3659568
3.626,0.6340432,0.3659568
3.627,0.6340432,0.3659568
3.628,0.6340432,0.3659568
3.629,0.6340432,0.3659568
3.63,0.6340432,0.3659568
3.631,0.6340432,0.3659568
3.632,0.6340432,0.3659568
3.633,0.6340432,0.3659568
3.634,0.6340432,0.3659568
3.635,0.6340432,0.3659568
3.636,0.6340432,0.3659568
3.637,0.6340432,0.3659568
3.638,0.6340432,0.3659568
3.639,0.6340432,0.3659568
3.64,0.6340432,0.3659568
3.641,0.6340432,0.3659568
3.642,0.6340432,0.3659568
3.643,0.6340432,0.3659568
3.644,0.6340432,0.3659568
3.645,0.6340432,0.3659568
3.646,0.6340432,0.3659568
3.647,0.6340432,0.3659568
3.648,0.6340432,0.3659568
3.649,0.6340432,0.3659568
3.65,0.6340432,0.3659568
3.651,0.6340432,0.3659568
3.652,0.6340432,0.3659568
3.653,0.6340432,0.3659568
3.654,0.6340432,0.3659568
3.655,0.6340432,0.3659568
3.656,0.6340432,0.3659568
3.657,0.6340432,0.3659568
3.658,0.6340432,0.3659568
3.659,0.6340432,0.3659568
3.66,0.6340432,0.3659568
3.661,0.6340432,0.3659568
3.662,0.6340432,0.3659568
3.663,0.6340432,0.3659568
3.664,0.6340432,0.3659568
3.665,0.6340432,0.3659568
3.666,0.6340432,0.3659568
3.667,0.6340432,0.3659568
3.668,0.6340432,0.3659568
3.669,0.6340432,0.3659568
3.67,0.6340432,0.3659568
3.671,0.6340432,0.3659568
3.672,0.6340432,0.3659568
3.673,0.6340432,0.3659568
3.674,0.6340432,0.3659568
3.675,0.6340432,0.3659568
3.676,0.6340432,0.3659568
3.677,0.6340432,0.3659568
3.678,0.6340432,0.3659568
3.679,0.6340432,0.3659568
3.68,0.6340432,0.3659568
3.681,0.6340432,0.3659568
3.682,0.6340432,0.3659568
3.683,0.6340432,0.3659568
3.684,0.6340432,0.3659568
3.685,0.6340432,0.3659568
3.686,0.6340432,0.3659568
3.687,0.6340432,0.3659568
3.688,0.6340432,0.3659568
3.689,0.6340432,0.3659568
3.69,0.6340432,0.3659568
3.691,0.6340432,0.3659568
3.692,0.6340432,0.3659568
3.693,0.6340432,0.3659568
3.694,0.6340432,0.3659568
3.695,0.6340432,0.3659568
3.696,0.6340432,0.3659568
3.697,0.6340432,0.3659568
3.698,0.6340432,0.3659568
3.699,0.6340432,0.3659568
3.7,0.6340432,0.3659568
3.701,0.6340432,0.3659568
3.702,0.6340432,0.3659568
3.703,0.6340432,0.3659568
3.704,0.6340432,0.3659568
3.705,0.6340432,0.3659568
3.706,0.6340432,0.3659568
3.707,0.6340432,0.3659568
3.708,0.6340432,0.3659568
3.709,0.6340432,0.3659568
3.71,0.6340432,0.3659568
3.711,0.6340432,0.3659568
3.712,0.6340432,0.3659568
3.713,0.6340432,0.3659568
3.714,0.6340432,0.3659568
3.715,0.6340432,0.3659568
3.716,0.6340432,0.3659568
3.717,0.6340432,0.3659568
3.718,0.6340432,0.3659568
3.719,0.6340432,0.3659568
3.72,0.6340432,0.3659568
3.721,0.6340432,0.3659568
3.722,0.6340432,0.3659568
3.723,0.6340432,0.3659568
3.724,0.6340432,0.3659568
3.725,0.6340432,0.3659568
3.726,0.6340432,0.3659568
3.727,0.6340432,0.3659568
3.728,0.6340432,0.3659568
3.729,0.6340432,0.3659568
3.73,0.6340432,0.3659568
3.731,0.6340432,0.3659568
3.732,0.6340432,0.3659568
3.733,0.6340432,0.3659568
3.734,0.6340432,0.3659568
3.735,0.6340432,0.3659568
3.736,0.6340432,0.3659568
3.737,0.6340432,0.3659568
3.738,0.6340432,0.3659568
3.739,0.6340432,0.3659568
3.74,0.6340432,0.3659568
3.741,0.6340432,0.3659568
3.742,0.6340432,0.3659568
3.743,0.6340432,0.3659568
3.744,0.6340432,0.3659568
3.745,0.6340432,0.3659568
3.746,0.6340432,0.3659568
3.747,0.6340432,0.3659568
3.748,0.6340432,0.3659568
3.749,0.6340432,0.3659568
3.75,0.6340432,0.3659568
3.751,0.6340432,0.3659568
3.752,0.6340432,0.3659568
3.753,0.6340432,0.3659568
3.754,0.6340432,0.3659568
3.755,0.6340432,0.3659568
3.756,0.6340432,0.3659568
3.757,0.6340432,0.3659568
3.758,0.6340432,0.3659568
3.759,0.6340432,0.3659568
3.76,0.6340432,0.3659568
3.761,0.6340432,0.3659568
3.762,0.6340432,0.3659568
3.763,0.6340432,0.3659568
3.764,0.6340432,0.3659568
3.765,0.6340432,0.3659568
3.766,0.6340432,0.3659568
3.767,0.6340432,0.3659568
3.768,0.6340432,0.3659568
3.769,0.6340432,0.3659568
3.77,0.6340432,0.3659568
3.771,0.6340432,0.3659568
3.772,0.6340432,0.3659568
3.773,0.6340432,0.3659568
3.774,0.6340432,0.3659568
3.775,0.6340432,0.3659568
3.776,0.6340432,0.3659568
3.777,0.6340432,0.3659568
3.778,0.6340432,0.3659568
3.779,0.6340432,0.3659568
3.78,0.6340432,0.3659568
3.781,0.6340432,0.3659568
3.782,0.6340432,0.3659568
3.783,0.6340432,0.3659568
3.784,0.6340432,0.3659568
3.785,0.6340432,0.3659568
3.786,0.6340432,0.3659568
3.787,0.6340432,0.3659568
3.788,0.6340432,0.3659568
3.789,0.6340432,0.3659568
3.79,0.6340432,0.3659568
3.791,0.6340432,0.3659568
3.792,0.6340432,0.3659568
3.793,0.6340432,0.3659568
3.794,0.6340432,0.3659568
3.795,0.6340432,0.3659568
3.796,0.6340432,0.3659568
3.797,0.6340432,0.3659568
3.798,0.6340432,0.3659568
3.799,0.6340432,0.3659568
3.8,0.6340432,0.3659568
3.801,0.6340432,0.3659568
3.802,0.6340432,0.3659568
3.803,0.6340432,0.3659568
3.804,0.6340432,0.3659568
3.805,0.6340432,0.3659568
3.806,0.6340432,0.3659568
3.807,0.6340432,0.3659568
3.808,0.6340432,0.3659568
3.809,0.6340432,0.3659568
3.81,0.6340432,0.3659568
3.811,0.6340432,0.3659568
3.812,0.6340432,0.3659568
3.813,0.6340432,0.3659568
3.814,0.6340432,0.3659568
3.815,0.6340432,0.3659568
3.816,0.6340432,0.3659568
3.817,0.6340432,0.3659568
3.818,0.6340432,0.3659568
3.819,0.6340432,0.3659568
3.82,0.6340432,0.3659568
3.821,0.6340432,0.3659568
3.822,0.6340432,0.3659568
3.823,0.6340432,0.3659568
3.824,0.6340432,0.3659568
3.825,0.6340432,0.3659568
3.826,0.6340432,0.3659568
3.827,0.6340432,0.3659568
3.828,0.6340432,0.3659568
3.829,0.6340432,0.3659568
3.83,0.6340432,0.3659568
3.831,0.6340432,0.3659568
3.832,0.6340432,0.3659568
3.833,0.6340432,0.3659568
3.834,0.6340432,0.3659568
3.835,0.6340432,0.3659568
3.836,0.6340432,0.3659568
3.837,0.6340432,0.3659568
3.838,0.6340432,0.3659568
3.839,0.6340432,0.3659568
3.84,0.6340432,0.3659568
3.841,0.6340432,0.3659568
3.842,0.6340432,0.3659568
3.843,0.6340432,0.3659568
3.844,0.6340432,0.3659568
3.845,0.6340432,0.3659568
3.846,0.6340432,0.3659568
3.847,0.6340432,0.3659568
3.848,0.6340432,0.3659568
3.849,0.6340432,0.3659568
3.85,0.6340432,0.3659568
3.851,0.6340432,0.3659568
3.852,0.6340432,0.3659568
3.853,0.6340432,0.3659568
3.854,0.6340432,0.3659568
3.855,0.6340432,0.3659568
3.856,0.6340432,0.3659568
3.857,0.6340432,0.3659568
3.858,0.6340432,0.3659568
3.859,0.6340432,0.3659568
3.86,0.6340432,0.3659568
3.861,0.6340432,0.3659568
3.862,0.6340432,0.3659568
3.863,0.6340432,0.3659568
3.864,0.6340432,0.3659568
3.865,0.6340432,0.3659568
3.866,0.6340432,0.3659568
3.867,0.6340432,0.3659568
3.868,0.6340432,0.3659568
3.869,0.6340432,0.3659568
3.87,0.6340432,0.3659568
3.871,0.6340432,0.3659568
3.872,0.6340432,0.3659568
3.873,0.6340432,0.3659568
3.874,0.6340432,0.3659568
3.875,0.6340432,0.3659568
3.876,0.6340432,0.3659568
3.877,0.6340432,0.3659568
3.878,0.6340432,0.3659568
3.879,0.6340432,0.3659568
3.88,0.6340432,0.3659568
3.881,0.6340432,0.3659568
3.882,0.6340432,0.3659568
3.883,0.6340432,0.3659568
3.884,0.6340432,0.3659568
3.885,0.6340432,0.3659568
3.886,0.6340432,0.3659568
3.887,0.6340432,0.3659568
3.888,0.6340432,0.3659568
3.889,0.6340432,0.3659568
3.89,0.6340432,0.3659568
3.891,0.6340432,0.3659568
3.892,0.6340432,0.3659568
3.893,0.6340432,0.3659568
3.894,0.6340432,0.3659568
3.895,0.6340432,0.3659568
3.896,0.6340432,0.3659568
3.897,0.6340432,0.3659568
3.898,0.6340432,0.3659568
3.899,0.6340432,0.3659568
3.9,0.6340432,0.3659568
3.901,0.6340432,0.3659568
3.902,0.6340432,0.3659568
3.903,0.6340432,0.3659568
3.904,0.6340432,0.3659568
3.905,0.6340432,0.3659568
3.906,0.6340432,0.3659568
3.907,0.6340432,0.3659568
3.908,0.6340432,0.3659568
3.909,0.6340432,0.3659568
3.91,0.6340432,0.3659568
3.911,0.6340432,0.3659568
3.912,0.6340432,0.3659568
3.913,0.6340432,0.3659568
3.914,0.6340432,0.3659568
3.915,0.6340432,0.3659568
3.916,0.6340432,0.3659568
3.917,0.6340432,0.3659568
3.918,0.6340432,0.3659568
3.919,0.6340432,0.3659568
3.92,0.6340432,0.3659568
3.921,0.6340432,0.3659568
3.922,0.6340432,0.3659568
3.923,0.6340432,0.3659568
3.924,0.6340432,0.3659568
3.925,0.6340432,0.3659568
3.926,0.6340432,0.3659568
3.927,0.6340432,0.3659568
3.928,0.6340432,0.3659568
3.929,0.6340432,0.3659568
3.93,0.6340432,0.3659568
3.931,0.6340432,0.3659568
3.932,0.6340432,0.3659568
3.933,0.6340432,0.3659568
3.934,0.6340432,0.3659568
3.935,0.6340432,0.3659568
3.936,0.6340432,0.3659568
3.937,0.6340432,0.3659568
3.938,0.6340432,0.3659568
3.939,0.6340432,0.3659568
3.94,0.6340432,0.3659568
3.941,0.6340432,0.3659568
3.942,0.6340432,0.3659568
3.943,0.6340432,0.3659568
3.944,0.6340432,0.3659568
3.945,0.6340432,0.3659568
3.946,0.6340432,0.3659568
3.947,0.6340432,0.3659568
3.948,0.6340432,0.3659568
3.949,0.6340432,0.3659568
3.95,0.6340432,0.3659568
3.951,0.6340432,0.3659568
3.952,0.6340432,0.3659568
3.953,0.6340432,0.3659568
3.954,0.6340432,0.3659568
3.955,0.6340432,0.3659568
3.956,0.6340432,0.3659568
3.957,0.6340432,0.3659568
3.958,0.6340432,0.3659568
3.959,0.6340432,0.3659568
3.96,0.6340432,0.3659568
3.961,0.6340432,0.3659568
3.962,0.6340432,0.3659568
3.963,0.6340432,0.3659568
3.964,0.6340432,0.3659568
3.965,0.6340432,0.3659568
3.966,0.6340432,0.3659568
3.967,0.6340432,0.3659568
3.968,0.6340432,0.3659568
3.969,0.6340432,0.3659568
3.97,0.6340432,0.3659568
3.971,0.6340432,0.3659568
3.972,0.6340432,0.3659568
3.973,0.6340432,0.3659568
3.974,0.6340432,0.3659568
3.975,0.6340432,0.3659568
3.976,0.6340432,0.3659568
3.977,0.6340432,0.3659568
3.978,0.6340432,0.3659568
3.979,0.6340432,0.3659568
3.98,0.6340432,0.3659568
3.981,0.6340432,0.3659568
3.982,0.6340432,0.3659568
3.983,0.6340432,0.3659568
3.984,0.6340432,0.3659568
3.985,0.6340432,0.3659568
3.986,0.6340432,0.3659568
3.987,0.6340432,0.3659568
3.988,0.6340432,0.3659568
3.989,0.6340432,0.3659568
3.99,0.6340432,0.3659568
3.991,0.6340432,0.3659568
3.992,0.6340432,0.3659568
3.993,0.6340432,0.3659568
3.994,0.6340432,0.3659568
3.995,0.6340432,0.3659568
3.996,0.6340432,0.3659568
3.997,0.6340432,0.3659568
3.998,0.6340432,0.3659568
3.999,0.6340432,0.3659568
4.0,0.6340432,0.3659568
4.001,0.6340432,0.3659568
4.002,0.6340432,0.3659568
4.003,0.6340432,0.3659568
4.004,0.6340432,0.3659568
4.005,0.6340432,0.3659568
4.006,0.6340432,0.3659568
4.007,0.6340432,0.3659568
4.008,0.6340432,0.3659568
4.009,0.6340432,0.3659568
4.01,0.6340432,0.3659568
4.011,0.6340432,0.3659568
4.012,0.6340432,0.3659568
4.013,0.6340432,0.3659568
4.014,0.6340432,0.3659568
4.015,0.6340432,0.3659568
4.016,0.6340432,0.3659568
4.017,0.6340432,0.3659568
4.018,0.6340432,0.3659568
4.019,0.6340432,0.3659568
4.02,0.6340432,0.3659568
4.021,0.6340432,0.3659568
4.022,0.6340432,0.3659568
4.023,0.6340432,0.3659568
4.024,0.6340432,0.3659568
4.025,0.6340432,0.3659568
4.026,0.6340432,0.3659568
4.027,0.6340432,0.3659568
4.028,0.6340432,0.3659568
4.029,0.6340432,0.3659568
4.03,0.6340432,0.3659568
4.031,0.6340432,0.3659568
4.032,0.6340432,0.3659568
4.033,0.6340432,0.3659568
4.034,0.6340432,0.3659568
4.035,0.6340432,0.3659568
4.036,0.6340432,0.3659568
4.037,0.6340432,0.3659568
4.038,0.6340432,0.3659568
4.039,0.6340432,0.3659568
4.04,0.6340432,0.3659568
4.041,0.6340432,0.3659568
4.042,0.6340432,0.3659568
4.043,0.6340432,0.3659568
4.044,0.6340432,0.3659568
4.045,0.6340432,0.3659568
4.046,0.6340432,0.3659568
4.047,0.6340432,0.3659568
4.048,0.6340432,0.3659568
4.049,0.6340432,0.3659568
4.05,0.6340432,0.3659568
4.051,0.6340432,0.3659568
4.052,0.6340432,0.3659568
4.053,0.6340432,0.3659568
4.054,0.6340432,0.3659568
4.055,0.6340432,0.3659568
4.056,0.6340432,0.3659568
4.057,0.6340432,0.3659568
4.058,0.6340432,0.3659568
4.059,0.6340432,0.3659568
4.06,0.6340432,0.3659568
4.061,0.6340432,0.3659568
4.062,0.6340432,0.3659568
4.063,0.6340432,0.3659568
4.064,0.6340432,0.3659568
4.065,0.6340432,0.3659568
4.066,0.6340432,0.3659568
4.067,0.6340432,0.3659568
4.068,0.6340432,0.3659568
4.069,0.6340432,0.3659568
4.07,0.6340432,0.3659568
4.071,0.6340432,0.3659568
4.072,0.6340432,0.3659568
4.073,0.6340432,0.3659568
4.074,0.6340432,0.3659568
4.075,0.6340432,0.3659568
4.076,0.6340432,0.3659568
4.077,0.6340432,0.3659568
4.078,0.6340432,0.3659568
4.079,0.6340432,0.3659568
4.08,0.6340432,0.3659568
4.081,0.6340432,0.3659568
4.082,0.6340432,0.3659568
4.083,0.6340432,0.3659568
4.084,0.6340432,0.3659568
4.085,0.6340432,0.3659568
4.086,0.6340432,0.3659568
4.087,0.6340432,0.3659568
4.088,0.6340432,0.3659568
4.089,0.6340432,0.3659568
4.09,0.6340432,0.3659568
4.091,0.6340432,0.3659568
4.092,0.6340432,0.3659568
4.093,0.6340432,0.3659568
4.094,0.6340432,0.3659568
4.095,0.6340432,0.3659568
4.096,0.6340432,0.3659568
4.097,0.6340432,0.3659568
4.098,0.6340432,0.3659568
4.099,0.6340432,0.3659568
4.1,0.6340432,0.3659568
4.101,0.6340432,0.3659568
4.102,0.6340432,0.3659568
4.103,0.6340432,0.3659568
4.104,0.6340432,0.3659568
4.105,0.6340432,0.3659568
4.106,0.6340432,0.3659568
4.107,0.6340432,0.3659568
4.108,0.6340432,0.3659568
4.109,0.6340432,0.3659568
4.11,0.6340432,0.3659568
4.111,0.6340432,0.3659568
4.112,0.6340432,0.3659568
4.113,0.6340432,0.3659568
4.114,0.6340432,0.3659568
4.115,0.6340432,0.3659568
4.116,0.6340432,0.3659568
4.117,0.6340432,0.3659568
4.118,0.6340432,0.3659568
4.119,0.6340432,0.3659568
4.12,0.6340432,0.3659568
4.121,0.6340432,0.3659568
4.122,0.6340432,0.3659568
4.123,0.6340432,0.3659568
4.124,0.6340432,0.3659568
4.125,0.6340432,0.3659568
4.126,0.6340432,0.3659568
4.127,0.6340432,0.3659568
4.128,0.6340432,0.3659568
4.129,0.6340432,0.3659568
4.13,0.6340432,0.3659568
4.131,0.6340432,0.3659568
4.132,0.6340432,0.3659568
4.133,0.6340432,0.3659568
4.134,0.6340432,0.3659568
4.135,0.6340432,0.3659568
4.136,0.6340432,0.3659568
4.137,0.6340432,0.3659568
4.138,0.6340432,0.3659568
4.139,0.6340432,0.3659568
4.14,0.6340432,0.3659568
4.141,0.6340432,0.3659568
4.142,0.6340432,0.3659568
4.143,0.6340432,0.3659568
4.144,0.6340432,0.3659568
4.145,0.6340432,0.3659568
4.146,0.6340432,0.3659568
4.147,0.6340432,0.3659568
4.148,0.6340432,0.3659568
4.149,0.6340432,0.3659568
4.15,0.6340432,0.3659568
4.151,0.6340432,0.3659568
4.152,0.6340432,0.3659568
4.153,0.6340432,0.3659568
4.154,0.6340432,0.3659568
4.155,0.6340432,0.3659568
4.156,0.6340432,0.3659568
4.157,0.6340432,0.3659568
4.158,0.6340432,0.3659568
4.159,0.6340432,0.3659568
4.16,0.6340432,0.3659568
4.161,0.6340432,0.3659568
4.162,0.6340432,0.3659568
4.163,0.6340432,0.3659568
4.164,0.6340432,0.3659568
4.165,0.6340432,0.3659568
4.166,0.6340432,0.3659568
4.167,0.6340432,0.3659568
4.168,0.6340432,0.3659568
4.169,0.6340432,0.3659568
4.17,0.6340432,0.3659568
4.171,0.6340432,0.3659568
4.172,0.6340432,0.3659568
4.173,0.6340432,0.3659568
4.174,0.6340432,0.3659568
4.175,0.6340432,0.3659568
4.176,0.6340432,0.3659568
4.177,0.6340432,0.3659568
4.178,0.6340432,0.3659568
4.179,0.6340432,0.3659568
4.18,0.6340432,0.3659568
4.181,0.6340432,0.3659568
4.182,0.6340432,0.3659568
4.183,0.6340432,0.3659568
4.184,0.6340432,0.3659568
4.185,0.6340432,0.3659568
4.186,0.6340432,0.3659568
4.187,0.6340432,0.3659568
4.188,0.6340432,0.3659568
4.189,0.6340432,0.3659568
4.19,0.6340432,0.3659568
4.191,0.6340432,0.3659568
4.192,0.6340432,0.3659568
4.193,0.6340432,0.3659568
4.194,0.6340432,0.3659568
4.195,0.6340432,0.3659568
4.196,0.6340432,0.3659568
4.197,0.6340432,0.3659568
4.198,0.6340432,0.3659568
4.199,0.6340432,0.3659568
4.2,0.6340432,0.3659568
4.201,0.6340432,0.3659568
4.202,0.6340432,0.3659568
4.203,0.6340432,0.3659568
4.204,0.6340432,0.3659568
4.205,0.6340432,0.3659568
4.206,0.6340432,0.3659568
4.207,0.6340432,0.3659568
4.208,0.6340432,0.3659568
4.209,0.6340432,0.3659568
4.21,0.6340432,0.3659568
4.211,0.6340432,0.3659568
4.212,0.6340432,0.3659568
4.213,0.6340432,0.3659568
4.214,0.6340432,0.3659568
4.215,0.6340432,0.3659568
4.216,0.6340432,0.3659568
4.217,0.6340432,0.3659568
4.218,0.6340432,0.3659568
4.219,0.6340432,0.3659568
4.22,0.6340432,0.3659568
4.221,0.6340432,0.3659568
4.222,0.6340432,0.3659568
4.223,0.6340432,0.3659568
4.224,0.6340432,0.3659568
4.225,0.6340432,0.3659568
4.226,0.6340432,0.3659568
4.227,0.6340432,0.3659568
4.228,0.6340432,0.3659568
4.229,0.6340432,0.3659568
4.23,0.6340432,0.3659568
4.231,0.6340432,0.3659568
4.232,0.6340432,0.3659568
4.233,0.6340432,0.3659568
4.234,0.6340432,0.3659568
4.235,0.6340432,0.3659568
4.236,0.6340432,0.3659568
4.237,0.6340432,0.3659568
4.238,0.6340432,0.3659568
4.239,0.6340432,0.3659568
4.24,0.6340432,0.3659568
4.241,0.6340432,0.3659568
4.242,0.6340432,0.3659568
4.243,0.6340432,0.3659568
4.244,0.6340432,0.3659568
4.245,0.6340432,0.3659568
4.246,0.6340432,0.3659568
4.247,0.6340432,0.3659568
4.248,0.6340432,0.3659568
4.249,0.6340432,0.3659568
4.25,0.6340432,0.3659568
4.251,0.6340432,0.3659568
4.252,0.6340432,0.3659568
4.253,0.6340432,0.3659568
4.254,0.6340432,0.3659568
4.255,0.6340432,0.3659568
4.256,0.6340432,0.3659568
4.257,0.6340432,0.3659568
4.258,0.6340432,0.3659568
4.259,0.6340432,0.3659568
4.26,0.6340432,0.3659568
4.261,0.6340432,0.3659568
4.262,0.6340432,0.3659568
4.263,0.6340432,0.3659568
4.264,0.6340432,0.3659568
4.265,0.6340432,0.3659568
4.266,0.6340432,0.3659568
4.267,0.6340432,0.3659568
4.268,0.6340432,0.3659568
4.269,0.6340432,0.3659568
4.27,0.6340432,0.3659568
4.271,0.6340432,0.3659568
4.272,0.6340432,0.3659568
4.273,0.6340432,0.3659568
4.274,0.6340432,0.3659568
4.275,0.6340432,0.3659568
4.276,0.6340432,0.3659568
4.277,0.6340432,0.3659568
4.278,0.6340432,0.3659568
4.279,0.6340432,0.3659568
4.28,0.6340432,0.3659568
4.281,0.6340432,0.3659568
4.282,0.6340432,0.3659568
4.283,0.6340432,0.3659568
4.284,0.6340432,0.3659568
4.285,0.6340432,0.3659568
4.286,0.6340432,0.3659568
4.287,0.6340432,0.3659568
4.288,0.6340432,0.3659568
4.289,0.6340432,0.3659568
4.29,0.6340432,0.3659568
4.291,0.6340432,0.3659568
4.292,0.6340432,0.3659568
4.293,0.6340432,0.3659568
4.294,0.6340432,0.3659568
4.295,0.6340432,0.3659568
4.296,0.6340432,0.3659568
4.297,0.6340432,0.3659568
4.298,0.6340432,0.3659568
4.299,0.6340432,0.3659568
4.3,0.6340432,0.3659568
4.301,0.6340432,0.3659568
4.302,0.6340432,0.3659568
4.303,0.6340432,0.3659568
4.304,0.6340432,0.3659568
4.305,0.6340432,0.3659568
4.306,0.6340432,0.3659568
4.307,0.6340432,0.3659568
4.308,0.6340432,0.3659568
4.309,0.6340432,0.3659568
4.31,0.6340432,0.3659568
4.311,0.6340432,0.3659568
4.312,0.6340432,0.3659568
4.313,0.6340432,0.3659568
4.314,0.6340432,0.3659568
4.315,0.6340432,0.3659568
4.316,0.6340432,0.3659568
4.317,0.6340432,0.3659568
4.318,0.6340432,0.3659568
4.319,0.6340432,0.3659568
4.32,0.6340432,0.3659568
4.321,0.6340432,0.3659568
4.322,0.6340432,0.3659568
4.323,0.6340432,0.3659568
4.324,0.6340432,0.3659568
4.325,0.6340432,0.3659568
4.326,0.6340432,0.3659568
4.327,0.6340432,0.3659568
4.328,0.6340432,0.3659568
4.329,0.6340432,0.3659568
4.33,0.6340432,0.3659568
4.331,0.6340432,0.3659568
4.332,0.6340432,0.3659568
4.333,0.6340432,0.3659568
4.334,0.6340432,0.3659568
4.335,0.6340432,0.3659568
4.336,0.6340432,0.3659568
4.337,0.6340432,0.3659568
4.338,0.6340432,0.3659568
4.339,0.6340432,0.3659568
4.34,0.6340432,0.3659568
4.341,0.6340432,0.3659568
4.342,0.6340432,0.3659568
4.343,0.6340432,0.3659568
4.344,0.6340432,0.3659568
4.345,0.6340432,0.3659568
4.346,0.6340432,0.3659568
4.347,0.6340432,0.3659568
4.348,0.6340432,0.3659568
4.349,0.6340432,0.3659568
4.35,0.6340432,0.3659568
4.351,0.6340432,0.3659568
4.352,0.6340432,0.3659568
4.353,0.6340432,0.3659568
4.354,0.6340432,0.3659568
4.355,0.6340432,0.3659568
4.356,0.6340432,0.3659568
4.357,0.6340432,0.3659568
4.358,0.6340432,0.3659568
4.359,0.6340432,0.3659568
4.36,0.6340432,0.3659568
4.361,0.6340432,0.3659568
4.362,0.6340432,0.3659568
4.363,0.6340432,0.3659568
4.364,0.6340432,0.3659568
4.365,0.6340432,0.3659568
4.366,0.6340432,0.3659568
4.367,0.6340432,0.3659568
4.368,0.6340432,0.3659568
4.369,0.6340432,0.3659568
4.37,0.6340432,0.3659568
4.371,0.6340432,0.3659568
4.372,0.6340432,0.3659568
4.373,0.6340432,0.3659568
4.374,0.6340432,0.3659568
4.375,0.6340432,0.3659568
4.376,0.6340432,0.3659568
4.377,0.6340432,0.3659568
4.378,0.6340432,0.3659568
4.379,0.6340432,0.3659568
4.38,0.6340432,0.3659568
4.381,0.6340432,0.3659568
4.382,0.6340432,0.3659568
4.383,0.6340432,0.3659568
4.384,0.6340432,0.3659568
4.385,0.6340432,0.3659568
4.386,0.6340432,0.3659568
4.387,0.6340432,0.3659568
4.388,0.6340432,0.3659568
4.389,0.6340432,0.3659568
4.39,0.6340432,0.3659568
4.391,0.6340432,0.3659568
4.392,0.6340432,0.3659568
4.393,0.6340432,0.3659568
4.394,0.6340432,0.3659568
4.395,0.6340432,0.3659568
4.396,0.6340432,0.3659568
4.397,0.6340432,0.3659568
4.398,0.6340432,0.3659568
4.399,0.6340432,0.3659568
4.4,0.6340432,0.3659568
4.401,0.6340432,0.3659568
4.402,0.6340432,0.3659568
4.403,0.6340432,0.3659568
4.404,0.6340432,0.3659568
4.405,0.6340432,0.3659568
4.406,0.6340432,0.3659568
4.407,0.6340432,0.3659568
4.408,0.6340432,0.3659568
4.409,0.6340432,0.3659568
4.41,0.6340432,0.3659568
4.411,0.6340432,0.3659568
4.412,0.6340432,0.3659568
4.413,0.6340432,0.3659568
4.414,0.6340432,0.3659568
4.415,0.6340432,0.3659568
4.416,0.6340432,0.3659568
4.417,0.6340432,0.3659568
4.418,0.6340432,0.3659568
4.419,0.6340432,0.3659568
4.42,0.6340432,0.3659568
4.421,0.6340432,0.3659568
4.422,0.6340432,0.3659568
4.423,0.6340432,0.3659568
4.424,0.6340432,0.3659568
4.425,0.6340432,0.3659568
4.426,0.6340432,0.3659568
4.427,0.6340432,0.3659568
4.428,0.6340432,0.3659568
4.429,0.6340432,0.3659568
4.43,0.6340432,0.3659568
4.431,0.6340432,0.3659568
4.432,0.6340432,0.3659568
4.433,0.6340432,0.3659568
4.434,0.6340432,0.3659568
4.435,0.6340432,0.3659568
4.436,0.6340432,0.3659568
4.437,0.6340432,0.3659568
4.438,0.6340432,0.3659568
4.439,0.6340432,0.3659568
4.44,0.6340432,0.3659568
4.441,0.6340432,0.3659568
4.442,0.6340432,0.3659568
4.443,0.6340432,0.3659568
4.444,0.6340432,0.3659568
4.445,0.6340432,0.3659568
4.446,0.6340432,0.3659568
4.447,0.6340432,0.3659568
4.448,0.6340432,0.3659568
4.449,0.6340432,0.3659568
4.45,0.6340432,0.3659568
4.451,0.6340432,0.3659568
4.452,0.6340432,0.3659568
4.453,0.6340432,0.3659568
4.454,0.6340432,0.3659568
4.455,0.6340432,0.3659568
4.456,0.6340432,0.3659568
4.457,0.6340432,0.3659568
4.458,0.6340432,0.3659568
4.459,0.6340432,0.3659568
4.46,0.6340432,0.3659568
4.461,0.6340432,0.3659568
4.462,0.6340432,0.3659568
4.463,0.6340432,0.3659568
4.464,0.6340432,0.3659568
4.465,0.6340432,0.3659568
4.466,0.6340432,0.3659568
4.467,0.6340432,0.3659568
4.468,0.6340432,0.3659568
4.469,0.6340432,0.3659568
4.47,0.6340432,0.3659568
4.471,0.6340432,0.3659568
4.472,0.6340432,0.3659568
4.473,0.6340432,0.3659568
4.474,0.6340432,0.3659568
4.475,0.6340432,0.3659568
4.476,0.6340432,0.3659568
4.477,0.6340432,0.3659568
4.478,0.6340432,0.3659568
4.479,0.6340432,0.3659568
4.48,0.6340432,0.3659568
4.481,0.6340432,0.3659568
4.482,0.6340432,0.3659568
4.483,0.6340432,0.3659568
4.484,0.6340432,0.3659568
4.485,0.6340432,0.3659568
4.486,0.6340432,0.3659568
4.487,0.6340432,0.3659568
4.488,0.6340432,0.3659568
4.489,0.6340432,0.3659568
4.49,0.6340432,0.3659568
4.491,0.6340432,0.3659568
4.492,0.6340432,0.3659568
4.493,0.6340432,0.3659568
4.494,0.6340432,0.3659568
4.495,0.6340432,0.3659568
4.496,0.6340432,0.3659568
4.497,0.6340432,0.3659568
4.498,0.6340432,0.3659568
4.499,0.6340432,0.3659568
4.5,0.6340432,0.3659568
4.501,0.6340432,0.3659568
4.502,0.6340432,0.3659568
4.503,0.6340432,0.3659568
4.504,0.6340432,0.3659568
4.505,0.6340432,0.3659568
4.506,0.6340432,0.3659568
4.507,0.6340432,0.3659568
4.508,0.6340432,0.3659568
4.509,0.6340432,0.3659568
4.51,0.6340432,0.3659568
4.511,0.6340432,0.3659568
4.512,0.6340432,0.3659568
4.513,0.6340432,0.3659568
4.514,0.6340432,0.3659568
4.515,0.6340432,0.3659568
4.516,0.6340432,0.3659568
4.517,0.6340432,0.3659568
4.518,0.6340432,0.3659568
4.519,0.6340432,0.3659568
4.52,0.6340432,0.3659568
4.521,0.6340432,0.3659568
4.522,0.6340432,0.3659568
4.523,0.6340432,0.3659568
4.524,0.6340432,0.3659568
4.525,0.6340432,0.3659568
4.526,0.6340432,0.3659568
4.527,0.6340432,0.3659568
4.528,0.6340432,0.3659568
4.529,0.6340432,0.3659568
4.53,0.6340432,0.3659568
4.531,0.6340432,0.3659568
4.532,0.6340432,0.3659568
4.533,0.6340432,0.3659568
4.534,0.6340432,0.3659568
4.535,0.6340432,0.3659568
4.536,0.6340432,0.3659568
4.537,0.6340432,0.3659568
4.538,0.6340432,0.3659568
4.539,0.6340432,0.3659568
4.54,0.6340432,0.3659568
4.541,0.6340432,0.3659568
4.542,0.6340432,0.3659568
4.543,0.6340432,0.3659568
4.544,0.6340432,0.3659568
4.545,0.6340432,0.3659568
4.546,0.6340432,0.3659568
4.547,0.6340432,0.3659568
4.548,0.6340432,0.3659568
4.549,0.6340432,0.3659568
4.55,0.6340432,0.3659568
4.551,0.6340432,0.3659568
4.552,0.6340432,0.3659568
4.553,0.6340432,0.3659568
4.554,0.6340432,0.3659568
4.555,0.6340432,0.3659568
4.556,0.6340432,0.3659568
4.557,0.6340432,0.3659568
4.558,0.6340432,0.3659568
4.559,0.6340432,0.3659568
4.56,0.6340432,0.3659568
4.561,0.6340432,0.3659568
4.562,0.6340432,0.3659568
4.563,0.6340432,0.3659568
4.564,0.6340432,0.3659568
4.565,0.6340432,0.3659568
4.566,0.6340432,0.3659568
4.567,0.6340432,0.3659568
4.568,0.6340432,0.3659568
4.569,0.6340432,0.3659568
4.57,0.6340432,0.3659568
4.571,0.6340432,0.3659568
4.572,0.6340432,0.3659568
4.573,0.6340432,0.3659568
4.574,0.6340432,0.3659568
4.575,0.6340432,0.3659568
4.576,0.6340432,0.3659568
4.577,0.6340432,0.3659568
4.578,0.6340432,0.3659568
4.579,0.6340432,0.3659568
4.58,0.6340432,0.3659568
4.581,0.6340432,0.3659568
4.582,0.6340432,0.3659568
4.583,0.6340432,0.3659568
4.584,0.6340432,0.3659568
4.585,0.6340432,0.3659568
4.586,0.6340432,0.3659568
4.587,0.6340432,0.3659568
4.588,0.6340432,0.3659568
4.589,0.6340432,0.3659568
4.59,0.6340432,0.3659568
4.591,0.6340432,0.3659568
4.592,0.6340432,0.3659568
4.593,0.6340432,0.3659568
4.594,0.6340432,0.3659568
4.595,0.6340432,0.3659568
4.596,0.6340432,0.3659568
4.597,0.6340432,0.3659568
4.598,0.6340432,0.3659568
4.599,0.6340432,0.3659568
4.6,0.6340432,0.3659568
4.601,0.6340432,0.3659568
4.602,0.6340432,0.3659568
4.603,0.6340432,0.3659568
4.604,0.6340432,0.3659568
4.605,0.6340432,0.3659568
4.606,0.6340432,0.3659568
4.607,0.6340432,0.3659568
4.608,0.6340432,0.3659568
4.609,0.6340432,0.3659568
4.61,0.6340432,0.3659568
4.611,0.6340432,0.3659568
4.612,0.6340432,0.3659568
4.613,0.6340432,0.3659568
4.614,0.6340432,0.3659568
4.615,0.6340432,0.3659568
4.616,0.6340432,0.3659568
4.617,0.6340432,0.3659568
4.618,0.6340432,0.3659568
4.619,0.6340432,0.3659568
4.62,0.6340432,0.3659568
4.621,0.6340432,0.3659568
4.622,0.6340432,0.3659568
4.623,0.6340432,0.3659568
4.624,0.6340432,0.3659568
4.625,0.6340432,0.3659568
4.626,0.6340432,0.3659568
4.627,0.6340432,0.3659568
4.628,0.6340432,0.3659568
4.629,0.6340432,0.3659568
4.63,0.6340432,0.3659568
4.631,0.6340432,0.3659568
4.632,0.6340432,0.3659568
4.633,0.6340432,0.3659568
4.634,0.6340432,0.3659568
4.635,0.6340432,0.3659568
4.636,0.6340432,0.3659568
4.637,0.6340432,0.3659568
4.638,0.6340432,0.3659568
4.639,0.6340432,0.3659568
4.64,0.6340432,0.3659568
4.641,0.6340432,0.3659568
4.642,0.6340432,0.3659568
4.643,0.6340432,0.3659568
4.644,0.6340432,0.3659568
4.645,0.6340432,0.3659568
4.646,0.6340432,0.3659568
4.647,0.6340432,0.3659568
4.648,0.6340432,0.3659568
4.649,0.6340432,0.3659568
4.65,0.6340432,0.3659568
4.651,0.6340432,0.3659568
4.652,0.6340432,0.3659568
4.653,0.6340432,0.3659568
4.654,0.6340432,0.3659568
4.655,0.6340432,0.3659568
4.656,0.6340432,0.3659568
4.657,0.6340432,0.3659568
4.658,0.6340432,0.3659568
4.659,0.6340432,0.3659568
4.66,0.6340432,0.3659568
4.661,0.6340432,0.3659568
4.662,0.6340432,0.3659568
4.663,0.6340432,0.3659568
4.664,0.6340432,0.3659568
4.665,0.6340432,0.3659568
4.666,0.6340432,0.3659568
4.667,0.6340432,0.3659568
4.668,0.6340432,0.3659568
4.669,0.6340432,0.3659568
4.67,0.6340432,0.3659568
4.671,0.6340432,0.3659568
4.672,0.6340432,0.3659568
4.673,0.6340432,0.3659568
4.674,0.6340432,0.3659568
4.675,0.6340432,0.3659568
4.676,0.6340432,0.3659568
4.677,0.6340432,0.3659568
4.678,0.6340432,0.3659568
4.679,0.6340432,0.3659568
4.68,0.6340432,0.3659568
4.681,0.6340432,0.3659568
4.682,0.6340432,0.3659568
4.683,0.6340432,0.3659568
4.684,0.6340432,0.3659568
4.685,0.6340432,0.3659568
4.686,0.6340432,0.3659568
4.687,0.6340432,0.3659568
4.688,0.6340432,0.3659568
4.689,0.6340432,0.3659568
4.69,0.6340432,0.3659568
4.691,0.6340432,0.3659568
4.692,0.6340432,0.3659568
4.693,0.6340432,0.3659568
4.694,0.6340432,0.3659568
4.695,0.6340432,0.3659568
4.696,0.6340432,0.3659568
4.697,0.6340432,0.3659568
4.698,0.6340432,0.3659568
4.699,0.6340432,0.3659568
4.7,0.6340432,0.3659568
4.701,0.6340432,0.3659568
4.702,0.6340432,0.3659568
4.703,0.6340432,0.3659568
4.704,0.6340432,0.3659568
4.705,0.6340432,0.3659568
4.706,0.6340432,0.3659568
4.707,0.6340432,0.3659568
4.708,0.6340432,0.3659568
4.709,0.6340432,0.3659568
4.71,0.6340432,0.3659568
4.711,0.6340432,0.3659568
4.712,0.6340432,0.3659568
4.713,0.6340432,0.3659568
4.714,0.6340432,0.3659568
4.715,0.6340432,0.3659568
4.716,0.6340432,0.3659568
4.717,0.6340432,0.3659568
4.718,0.6340432,0.3659568
4.719,0.6340432,0.3659568
4.72,0.6340432,0.3659568
4.721,0.6340432,0.3659568
4.722,0.6340432,0.3659568
4.723,0.6340432,0.3659568
4.724,0.6340432,0.3659568
4.725,0.6340432,0.3659568
4.726,0.6340432,0.3659568
4.727,0.6340432,0.3659568
4.728,0.6340432,0.3659568
4.729,0.6340432,0.3659568
4.73,0.6340432,0.3659568
4.731,0.6340432,0.3659568
4.732,0.6340432,0.3659568
4.733,0.6340432,0.3659568
4.734,0.6340432,0.3659568
4.735,0.6340432,0.3659568
4.736,0.6340432,0.3659568
4.737,0.6340432,0.3659568
4.738,0.6340432,0.3659568
4.739,0.6340432,0.3659568
4.74,0.6340432,0.3659568
4.741,0.6340432,0.3659568
4.742,0.6340432,0.3659568
4.743,0.6340432,0.3659568
4.744,0.6340432,0.3659568
4.745,0.6340432,0.3659568
4.746,0.6340432,0.3659568
4.747,0.6340432,0.3659568
4.748,0.6340432,0.3659568
4.749,0.6340432,0.3659568
4.75,0.6340432,0.3659568
4.751,0.6340432,0.3659568
4.752,0.6340432,0.3659568
4.753,0.6340432,0.3659568
4.754,0.6340432,0.3659568
4.755,0.6340432,0.3659568
4.756,0.6340432,0.3659568
4.757,0.6340432,0.3659568
4.758,0.6340432,0.3659568
4.759,0.6340432,0.3659568
4.76,0.6340432,0.3659568
4.761,0.6340432,0.3659568
4.762,0.6340432,0.3659568
4.763,0.6340432,0.3659568
4.764,0.6340432,0.3659568
4.765,0.6340432,0.3659568
4.766,0.6340432,0.3659568
4.767,0.6340432,0.3659568
4.768,0.6340432,0.3659568
4.769,0.6340432,0.3659568
4.77,0.6340432,0.3659568
4.771,0.6340432,0.3659568
4.772,0.6340432,0.3659568
4.773,0.6340432,0.3659568
4.774,0.6340432,0.3659568
4.775,0.6340432,0.3659568
4.776,0.6340432,0.3659568
4.777,0.6340432,0.3659568
4.778,0.6340432,0.3659568
4.779,0.6340432,0.3659568
4.78,0.6340432,0.3659568
4.781,0.6340432,0.3659568
4.782,0.6340432,0.3659568
4.783,0.6340432,0.3659568
4.784,0.6340432,0.3659568
4.785,0.6340432,0.3659568
4.786,0.6340432,0.3659568
4.787,0.6340432,0.3659568
4.788,0.6340432,0.3659568
4.789,0.6340432,0.3659568
4.79,0.6340432,0.3659568
4.791,0.6340432,0.3659568
4.792,0.6340432,0.3659568
4.793,0.6340432,0.3659568
4.794,0.6340432,0.3659568
4.795,0.6340432,0.3659568
4.796,0.6340432,0.3659568
4.797,0.6340432,0.3659568
4.798,0.6340432,0.3659568
4.799,0.6340432,0.3659568
4.8,0.6340432,0.3659568
4.801,0.6340432,0.3659568
4.802,0.6340432,0.3659568
4.803,0.6340432,0.3659568
4.804,0.6340432,0.3659568
4.805,0.6340432,0.3659568
4.806,0.6340432,0.3659568
4.807,0.6340432,0.3659568
4.808,0.6340432,0.3659568
4.809,0.6340432,0.3659568
4.81,0.6340432,0.3659568
4.811,0.6340432,0.3659568
4.812,0.6340432,0.3659568
4.813,0.6340432,0.3659568
4.814,0.6340432,0.3659568
4.815,0.6340432,0.3659568
4.816,0.6340432,0.3659568
4.817,0.6340432,0.3659568
4.818,0.6340432,0.3659568
4.819,0.6340432,0.3659568
4.82,0.6340432,0.3659568
4.821,0.6340432,0.3659568
4.822,0.6340432,0.3659568
4.823,0.6340432,0.3659568
4.824,0.6340432,0.3659568
4.825,0.6340432,0.3659568
4.826,0.6340432,0.3659568
4.827,0.6340432,0.3659568
4.828,0.6340432,0.3659568
4.829,0.6340432,0.3659568
4.83,0.6340432,0.3659568
4.831,0.6340432,0.3659568
4.832,0.6340432,0.3659568
4.833,0.6340432,0.3659568
4.834,0.6340432,0.3659568
4.835,0.6340432,0.3659568
4.836,0.6340432,0.3659568
4.837,0.6340432,0.3659568
4.838,0.6340432,0.3659568
4.839,0.6340432,0.3659568
4.84,0.6340432,0.3659568
4.841,0.6340432,0.3659568
4.842,0.6340432,0.3659568
4.843,0.6340432,0.3659568
4.844,0.6340432,0.3659568
4.845,0.6340432,0.3659568
4.846,0.6340432,0.3659568
4.847,0.6340432,0.3659568
4.848,0.6340432,0.3659568
4.849,0.6340432,0.3659568
4.85,0.6340432,0.3659568
4.851,0.6340432,0.3659568
4.852,0.6340432,0.3659568
4.853,0.6340432,0.3659568
4.854,0.6340432,0.3659568
4.855,0.6340432,0.3659568
4.856,0.6340432,0.3659568
4.857,0.6340432,0.3659568
4.858,0.6340432,0.3659568
4.859,0.6340432,0.3659568
4.86,0.6340432,0.3659568
4.861,0.6340432,0.3659568
4.862,0.6340432,0.3659568
4.863,0.6340432,0.3659568
4.864,0.6340432,0.3659568
4.865,0.6340432,0.3659568
4.866,0.6340432,0.3659568
4.867,0.6340432,0.3659568
4.868,0.6340432,0.3659568
4.869,0.6340432,0.3659568
4.87,0.6340432,0.3659568
4.871,0.6340432,0.3659568
4.872,0.6340432,0.3659568
4.873,0.6340432,0.3659568
4.874,0.6340432,0.3659568
4.875,0.6340432,0.3659568
4.876,0.6340432,0.3659568
4.877,0.6340432,0.3659568
4.878,0.6340432,0.3659568
4.879,0.6340432,0.3659568
4.88,0.6340432,0.3659568
4.881,0.6340432,0.3659568
4.882,0.6340432,0.3659568
4.883,0.6340432,0.3659568
4.884,0.6340432,0.3659568
4.885,0.6340432,0.3659568
4.886,0.6340432,0.3659568
4.887,0.6340432,0.3659568
4.888,0.6340432,0.3659568
4.889,0.6340432,0.3659568
4.89,0.6340432,0.3659568
4.891,0.6340432,0.3659568
4.892,0.6340432,0.3659568
4.893,0.6340432,0.3659568
4.894,0.6340432,0.3659568
4.895,0.6340432,0.3659568
4.896,0.6340432,0.3659568
4.897,0.6340432,0.3659568
4.898,0.6340432,0.3659568
4.899,0.6340432,0.3659568
4.9,0.6340432,0.3659568
4.901,0.6340432,0.3659568
4.902,0.6340432,0.3659568
4.903,0.6340432,0.3659568
4.904,0.6340432,0.3659568
4.905,0.6340432,0.3659568
4.906,0.6340432,0.3659568
4.907,0.6340432,0.3659568
4.908,0.6340432,0.3659568
4.909,0.6340432,0.3659568
4.91,0.6340432,0.3659568
4.911,0.6340432,0.3659568
4.912,0.6340432,0.3659568
4.913,0.6340432,0.3659568
4.914,0.6340432,0.3659568
4.915,0.6340432,0.3659568
4.916,0.6340432,0.3659568
4.917,0.6340432,0.3659568
4.918,0.6340432,0.3659568
4.919,0.6340432,0.3659568
4.92,0.6340432,0.3659568
4.921,0.6340432,0.3659568
4.922,0.6340432,0.3659568
4.923,0.6340432,0.3659568
4.924,0.6340432,0.3659568
4.925,0.6340432,0.3659568
4.926,0.6340432,0.3659568
4.927,0.6340432,0.3659568
4.928,0.6340432,0.3659568
4.929,0.6340432,0.3659568
4.93,0.6340432,0.3659568
4.931,0.6340432,0.3659568
4.932,0.6340432,0.3659568
4.933,0.6340432,0.3659568
4.934,0.6340432,0.3659568
4.935,0.6340432,0.3659568
4.936,0.6340432,0.3659568
4.937,0.6340432,0.3659568
4.938,0.6340432,0.3659568
4.939,0.6340432,0.3659568
4.94,0.6340432,0.3659568
4.941,0.6340432,0.3659568
4.942,0.6340432,0.3659568
4.943,0.6340432,0.3659568
4.944,0.6340432,0.3659568
4.945,0.6340432,0.3659568
4.946,0.6340432,0.3659568
4.947,0.6340432,0.3659568
4.948,0.6340432,0.3659568
4.949,0.6340432,0.3659568
4.95,0.6340432,0.3659568
4.951,0.6340432,0.3659568
4.952,0.6340432,0.3659568
4.953,0.6340432,0.3659568
4.954,0.6340432,0.3659568
4.955,0.6340432,0.3659568
4.956,0.6340432,0.3659568
4.957,0.6340432,0.3659568
4.958,0.6340432,0.3659568
4.959,0.6340432,0.3659568
4.96,0.6340432,0.3659568
4.961,0.6340432,0.3659568
4.962,0.6340432,0.3659568
4.963,0.6340432,0.3659568
4.964,0.6340432,0.3659568
4.965,0.6340432,0.3659568
4.966,0.6340432,0.3659568
4.967,0.6340432,0.3659568
4.968,0.6340432,0.3659568
4.969,0.6340432,0.3659568
4.97,0.6340432,0.3659568
4.971,0.6340432,0.3659568
4.972,0.6340432,0.3659568
4.973,0.6340432,0.3659568
4.974,0.6340432,0.3659568
4.975,0.6340432,0.3659568
4.976,0.6340432,0.3659568
4.977,0.6340432,0.3659568
4.978,0.6340432,0.3659568
4.979,0.6340432,0.3659568
4.98,0.6340432,0.3659568
4.981,0.6340432,0.3659568
4.982,0.6340432,0.3659568
4.983,0.6340432,0.3659568
4.984,0.6340432,0.3659568
4.985,0.6340432,0.3659568
4.986,0.6340432,0.3659568
4.987,0.6340432,0.3659568
4.988,0.6340432,0.3659568
4.989,0.6340432,0.3659568
4.99,0.6340432,0.3659568
4.991,0.6340432,0.3659568
4.992,0.6340432,0.3659568
4.993,0.6340432,0.3659568
4.994,0.6340432,0.3659568
4.995,0.6340432,0.3659568
4.996,0.6340432,0.3659568
4.997,0.6340432,0.3659568
4.998,0.6340432,0.3659568
4.999,0.6340432,0.3659568
5.0,0.6340432,0.3659568
5.001,0.6340432,0.3659568
5.002,0.6340432,0.3659568
5.003,0.6340432,0.3659568
5.004,0.6340432,0.3659568
5.005,0.6340432,0.3659568
5.006,0.6340432,0.3659568
5.007,0.6340432,0.3659568
5.008,0.6340432,0.3659568
5.009,0.6340432,0.3659568
5.01,0.6340432,0.3659568
5.011,0.6340432,0.3659568
5.012,0.6340432,0.3659568
5.013,0.6340432,0.3659568
5.014,0.6340432,0.3659568
5.015,0.6340432,0.3659568
5.016,0.6340432,0.3659568
5.017,0.6340432,0.3659568
5.018,0.6340432,0.3659568
5.019,0.6340432,0.3659568
5.02,0.6340432,0.3659568
5.021,0.6340432,0.3659568
5.022,0.6340432,0.3659568
5.023,0.6340432,0.3659568
5.024,0.6340432,0.3659568
5.025,0.6340432,0.3659568
5.026,0.6340432,0.3659568
5.027,0.6340432,0.3659568
5.028,0.6340432,0.3659568
5.029,0.6340432,0.3659568
5.03,0.6340432,0.3659568
5.031,0.6340432,0.3659568
5.032,0.6340432,0.3659568
5.033,0.6340432,0.3659568
5.034,0.6340432,0.3659568
5.035,0.6340432,0.3659568
5.036,0.6340432,0.3659568
5.037,0.6340432,0.3659568
5.038,0.6340432,0.3659568
5.039,0.6340432,0.3659568
5.04,0.6340432,0.3659568
5.041,0.6340432,0.3659568
5.042,0.6340432,0.3659568
5.043,0.6340432,0.3659568
5.044,0.6340432,0.3659568
5.045,0.6340432,0.3659568
5.046,0.6340432,0.3659568
5.047,0.6340432,0.3659568
5.048,0.6340432,0.3659568
5.049,0.6340432,0.3659568
5.05,0.6340432,0.3659568
5.051,0.6340432,0.3659568
5.052,0.6340432,0.3659568
5.053,0.6340432,0.3659568
5.054,0.6340432,0.3659568
5.055,0.6340432,0.3659568
5.056,0.6340432,0.3659568
5.057,0.6340432,0.3659568
5.058,0.6340432,0.3659568
5.059,0.6340432,0.3659568
5.06,0.6340432,0.3659568
5.061,0.6340432,0.3659568
5.062,0.6340432,0.3659568
5.063,0.6340432,0.3659568
5.064,0.6340432,0.3659568
5.065,0.6340432,0.3659568
5.066,0.6340432,0.3659568
5.067,0.6340432,0.3659568
5.068,0.6340432,0.3659568
5.069,0.6340432,0.3659568
5.07,0.6340432,0.3659568
5.071,0.6340432,0.3659568
5.072,0.6340432,0.3659568
5.073,0.6340432,0.3659568
5.074,0.6340432,0.3659568
5.075,0.6340432,0.3659568
5.076,0.6340432,0.3659568
5.077,0.6340432,0.3659568
5.078,0.6340432,0.3659568
5.079,0.6340432,0.3659568
5.08,0.6340432,0.3659568
5.081,0.6340432,0.3659568
5.082,0.6340432,0.3659568
5.083,0.6340432,0.3659568
5.084,0.6340432,0.3659568
5.085,0.6340432,0.3659568
5.086,0.6340432,0.3659568
5.087,0.6340432,0.3659568
5.088,0.6340432,0.3659568
5.089,0.6340432,0.3659568
5.09,0.6340432,0.3659568
5.091,0.6340432,0.3659568
5.092,0.6340432,0.3659568
5.093,0.6340432,0.3659568
5.094,0.6340432,0.3659568
5.095,0.6340432,0.3659568
5.096,0.6340432,0.3659568
5.097,0.6340432,0.3659568
5.098,0.6340432,0.3659568
5.099,0.6340432,0.3659568
5.1,0.6340432,0.3659568
5.101,0.6340432,0.3659568
5.102,0.6340432,0.3659568
5.103,0.6340432,0.3659568
5.104,0.6340432,0.3659568
5.105,0.6340432,0.3659568
5.106,0.6340432,0.3659568
5.107,0.6340432,0.3659568
5.108,0.6340432,0.3659568
5.109,0.6340432,0.3659568
5.11,0.6340432,0.3659568
5.111,0.6340432,0.3659568
5.112,0.6340432,0.3659568
5.113,0.6340432,0.3659568
5.114,0.6340432,0.3659568
5.115,0.6340432,0.3659568
5.116,0.6340432,0.3659568
5.117,0.6340432,0.3659568
5.118,0.6340432,0.3659568
5.119,0.6340432,0.3659568
5.12,0.6340432,0.3659568
5.121,0.6340432,0.3659568
5.122,0.6340432,0.3659568
5.123,0.6340432,0.3659568
5.124,0.6340432,0.3659568
5.125,0.6340432,0.3659568
5.126,0.6340432,0.3659568
5.127,0.6340432,0.3659568
5.128,0.6340432,0.3659568
5.129,0.6340432,0.3659568
5.13,0.6340432,0.3659568
5.131,0.6340432,0.3659568
5.132,0.6340432,0.3659568
5.133,0.6340432,0.3659568
5.134,0.6340432,0.3659568
5.135,0.6340432,0.3659568
5.136,0.6340432,0.3659568
5.137,0.6340432,0.3659568
5.138,0.6340432,0.3659568
5.139,0.6340432,0.3659568
5.14,0.6340432,0.3659568
5.141,0.6340432,0.3659568
5.142,0.6340432,0.3659568
5.143,0.6340432,0.3659568
5.144,0.6340432,0.3659568
5.145,0.6340432,0.3659568
5.146,0.6340432,0.3659568
5.147,0.6340432,0.3659568
5.148,0.6340432,0.3659568
5.149,0.6340432,0.3659568
5.15,0.6340432,0.3659568
5.151,0.6340432,0.3659568
5.152,0.6340432,0.3659568
5.153,0.6340432,0.3659568
5.154,0.6340432,0.3659568
5.155,0.6340432,0.3659568
5.156,0.6340432,0.3659568
5.157,0.6340432,0.3659568
5.158,0.6340432,0.3659568
5.159,0.6340432,0.3659568
5.16,0.6340432,0.3659568
5.161,0.6340432,0.3659568
5.162,0.6340432,0.3659568
5.163,0.6340432,0.3659568
5.164,0.6340432,0.3659568
5.165,0.6340432,0.3659568
5.166,0.6340432,0.3659568
5.167,0.6340432,0.3659568
5.168,0.6340432,0.3659568
5.169,0.6340432,0.3659568
5.17,0.6340432,0.3659568
5.171,0.6340432,0.3659568
5.172,0.6340432,0.3659568
5.173,0.6340432,0.3659568
5.174,0.6340432,0.3659568
5.175,0.6340432,0.3659568
5.176,0.6340432,0.3659568
5.177,0.6340432,0.3659568
5.178,0.6340432,0.3659568
5.179,0.6340432,0.3659568
5.18,0.6340432,0.3659568
5.181,0.6340432,0.3659568
5.182,0.6340432,0.3659568
5.183,0.6340432,0.3659568
5.184,0.6340432,0.3659568
5.185,0.6340432,0.3659568
5.186,0.6340432,0.3659568
5.187,0.6340432,0.3659568
5.188,0.6340432,0.3659568
5.189,0.6340432,0.3659568
5.19,0.6340432,0.3659568
5.191,0.6340432,0.3659568
5.192,0.6340432,0.3659568
5.193,0.6340432,0.3659568
5.194,0.6340432,0.3659568
5.195,0.6340432,0.3659568
5.196,0.6340432,0.3659568
5.197,0.6340432,0.3659568
5.198,0.6340432,0.3659568
5.199,0.6340432,0.3659568
5.2,0.6340432,0.3659568
5.201,0.6340432,0.3659568
5.202,0.6340432,0.3659568
5.203,0.6340432,0.3659568
5.204,0.6340432,0.3659568
5.205,0.6340432,0.3659568
5.206,0.6340432,0.3659568
5.207,0.6340432,0.3659568
5.208,0.6340432,0.3659568
5.209,0.6340432,0.3659568
5.21,0.6340432,0.3659568
5.211,0.6340432,0.3659568
5.212,0.6340432,0.3659568
5.213,0.6340432,0.3659568
5.214,0.6340432,0.3659568
5.215,0.6340432,0.3659568
5.216,0.6340432,0.3659568
5.217,0.6340432,0.3659568
5.218,0.6340432,0.3659568
5.219,0.6340432,0.3659568
5.22,0.6340432,0.3659568
5.221,0.6340432,0.3659568
5.222,0.6340432,0.3659568
5.223,0.6340432,0.3659568
5.224,0.6340432,0.3659568
5.225,0.6340432,0.3659568
5.226,0.6340432,0.3659568
5.227,0.6340432,0.3659568
5.228,0.6340432,0.3659568
5.229,0.6340432,0.3659568
5.23,0.6340432,0.3659568
5.231,0.6340432,0.3659568
5.232,0.6340432,0.3659568
5.233,0.6340432,0.3659568
5.234,0.6340432,0.3659568
5.235,0.6340432,0.3659568
5.236,0.6340432,0.3659568
5.237,0.6340432,0.3659568
5.238,0.6340432,0.3659568
5.239,0.6340432,0.3659568
5.24,0.6340432,0.3659568
5.241,0.6340432,0.3659568
5.242,0.6340432,0.3659568
5.243,0.6340432,0.3659568
5.244,0.6340432,0.3659568
5.245,0.6340432,0.3659568
5.246,0.6340432,0.3659568
5.247,0.6340432,0.3659568
5.248,0.6340432,0.3659568
5.249,0.6340432,0.3659568
5.25,0.6340432,0.3659568
5.251,0.6340432,0.3659568
5.252,0.6340432,0.3659568
5.253,0.6340432,0.3659568
5.254,0.6340432,0.3659568
5.255,0.6340432,0.3659568
5.256,0.6340432,0.3659568
5.257,0.6340432,0.3659568
5.258,0.6340432,0.3659568
5.259,0.6340432,0.3659568
5.26,0.6340432,0.3659568
5.261,0.6340432,0.3659568
5.262,0.6340432,0.3659568
5.263,0.6340432,0.3659568
5.264,0.6340432,0.3659568
5.265,0.6340432,0.3659568
5.266,0.6340432,0.3659568
5.267,0.6340432,0.3659568
5.268,0.6340432,0.3659568
5.269,0.6340432,0.3659568
5.27,0.6340432,0.3659568
5.271,0.6340432,0.3659568
5.272,0.6340432,0.3659568
5.273,0.6340432,0.3659568
5.274,0.6340432,0.3659568
5.275,0.6340432,0.3659568
5.276,0.6340432,0.3659568
5.277,0.6340432,0.3659568
5.278,0.6340432,0.3659568
5.279,0.6340432,0.3659568
5.28,0.6340432,0.3659568
5.281,0.6340432,0.3659568
5.282,0.6340432,0.3659568
5.283,0.6340432,0.3659568
5.284,0.6340432,0.3659568
5.285,0.6340432,0.3659568
5.286,0.6340432,0.3659568
5.287,0.6340432,0.3659568
5.288,0.6340432,0.3659568
5.289,0.6340432,0.3659568
5.29,0.6340432,0.3659568
5.291,0.6340432,0.3659568
5.292,0.6340432,0.3659568
5.293,0.6340432,0.3659568
5.294,0.6340432,0.3659568
5.295,0.6340432,0.3659568
5.296,0.6340432,0.3659568
5.297,0.6340432,0.3659568
5.298,0.6340432,0.3659568
5.299,0.6340432,0.3659568
5.3,0.6340432,0.3659568
5.301,0.6340432,0.3659568
5.302,0.6340432,0.3659568
5.303,0.6340432,0.3659568
5.304,0.6340432,0.3659568
5.305,0.6340432,0.3659568
5.306,0.6340432,0.3659568
5.307,0.6340432,0.3659568
5.308,0.6340432,0.3659568
5.309,0.6340432,0.3659568
5.31,0.6340432,0.3659568
5.311,0.6340432,0.3659568
5.312,0.6340432,0.3659568
5.313,0.6340432,0.3659568
5.314,0.6340432,0.3659568
5.315,0.6340432,0.3659568
5.316,0.6340432,0.3659568
5.317,0.6340432,0.3659568
5.318,0.6340432,0.3659568
5.319,0.6340432,0.3659568
5.32,0.6340432,0.3659568
5.321,0.6340432,0.3659568
5.322,0.6340432,0.3659568
5.323,0.6340432,0.3659568
5.324,0.6340432,0.3659568
5.325,0.6340432,0.3659568
5.326,0.6340432,0.3659568
5.327,0.6340432,0.3659568
5.328,0.6340432,0.3659568
5.329,0.6340432,0.3659568
5.33,0.6340432,0.3659568
5.331,0.6340432,0.3659568
5.332,0.6340432,0.3659568
5.333,0.6340432,0.3659568
5.334,0.6340432,0.3659568
5.335,0.6340432,0.3659568
5.336,0.6340432,0.3659568
5.337,0.6340432,0.3659568
5.338,0.6340432,0.3659568
5.339,0.6340432,0.3659568
5.34,0.6340432,0.3659568
5.341,0.6340432,0.3659568
5.342,0.6340432,0.3659568
5.343,0.6340432,0.3659568
5.344,0.6340432,0.3659568
5.345,0.6340432,0.3659568
5.346,0.6340432,0.3659568
5.347,0.6340432,0.3659568
5.348,0.6340432,0.3659568
5.349,0.6340432,0.3659568
5.35,0.6340432,0.3659568
5.351,0.6340432,0.3659568
5.352,0.6340432,0.3659568
5.353,0.6340432,0.3659568
5.354,0.6340432,0.3659568
5.355,0.6340432,0.3659568
5.356,0.6340432,0.3659568
5.357,0.6340432,0.3659568
5.358,0.6340432,0.3659568
5.359,0.6340432,0.3659568
5.36,0.6340432,0.3659568
5.361,0.6340432,0.3659568
5.362,0.6340432,0.3659568
5.363,0.6340432,0.3659568
5.364,0.6340432,0.3659568
5.365,0.6340432,0.3659568
5.366,0.6340432,0.3659568
5.367,0.6340432,0.3659568
5.368,0.6340432,0.3659568
5.369,0.6340432,0.3659568
5.37,0.6340432,0.3659568
5.371,0.6340432,0.3659568
5.372,0.6340432,0.3659568
5.373,0.6340432,0.3659568
5.374,0.6340432,0.3659568
5.375,0.6340432,0.3659568
5.376,0.6340432,0.3659568
5.377,0.6340432,0.3659568
5.378,0.6340432,0.3659568
5.379,0.6340432,0.3659568
5.38,0.6340432,0.3659568
5.381,0.6340432,0.3659568
5.382,0.6340432,0.3659568
5.383,0.6340432,0.3659568
5.384,0.6340432,0.3659568
5.385,0.6340432,0.3659568
5.386,0.6340432,0.3659568
5.387,0.6340432,0.3659568
5.388,0.6340432,0.3659568
5.389,0.6340432,0.3659568
5.39,0.6340432,0.3659568
5.391,0.6340432,0.3659568
5.392,0.6340432,0.3659568
5.393,0.6340432,0.3659568
5.394,0.6340432,0.3659568
5.395,0.6340432,0.3659568
5.396,0.6340432,0.3659568
5.397,0.6340432,0.3659568
5.398,0.6340432,0.3659568
5.399,0.6340432,0.3659568
5.4,0.6340432,0.3659568
5.401,0.6340432,0.3659568
5.402,0.6340432,0.3659568
5.403,0.6340432,0.3659568
5.404,0.6340432,0.3659568
5.405,0.6340432,0.3659568
5.406,0.6340432,0.3659568
5.407,0.6340432,0.3659568
5.408,0.6340432,0.3659568
5.409,0.6340432,0.3659568
5.41,0.6340432,0.3659568
5.411,0.6340432,0.3659568
5.412,0.6340432,0.3659568
5.413,0.6340432,0.3659568
5.414,0.6340432,0.3659568
5.415,0.6340432,0.3659568
5.416,0.6340432,0.3659568
5.417,0.6340432,0.3659568
5.418,0.6340432,0.3659568
5.419,0.6340432,0.3659568
5.42,0.6340432,0.3659568
5.421,0.6340432,0.3659568
5.422,0.6340432,0.3659568
5.423,0.6340432,0.3659568
5.424,0.6340432,0.3659568
5.425,0.6340432,0.3659568
5.426,0.6340432,0.3659568
5.427,0.6340432,0.3659568
5.428,0.6340432,0.3659568
5.429,0.6340432,0.3659568
5.43,0.6340432,0.3659568
5.431,0.6340432,0.3659568
5.432,0.6340432,0.3659568
5.433,0.6340432,0.3659568
5.434,0.6340432,0.3659568
5.435,0.6340432,0.3659568
5.436,0.6340432,0.3659568
5.437,0.6340432,0.3659568
5.438,0.6340432,0.3659568
5.439,0.6340432,0.3659568
5.44,0.6340432,0.3659568
5.441,0.6340432,0.3659568
5.442,0.6340432,0.3659568
5.443,0.6340432,0.3659568
5.444,0.6340432,0.3659568
5.445,0.6340432,0.3659568
5.446,0.6340432,0.3659568
5.447,0.6340432,0.3659568
5.448,0.6340432,0.3659568
5.449,0.6340432,0.3659568
5.45,0.6340432,0.3659568
5.451,0.6340432,0.3659568
5.452,0.6340432,0.3659568
5.453,0.6340432,0.3659568
5.454,0.6340432,0.3659568
5.455,0.6340432,0.3659568
5.456,0.6340432,0.3659568
5.457,0.6340432,0.3659568
5.458,0.6340432,0.3659568
5.459,0.6340432,0.3659568
5.46,0.6340432,0.3659568
5.461,0.6340432,0.3659568
5.462,0.6340432,0.3659568
5.463,0.6340432,0.3659568
5.464,0.6340432,0.3659568
5.465,0.6340432,0.3659568
5.466,0.6340432,0.3659568
5.467,0.6340432,0.3659568
5.468,0.6340432,0.3659568
5.469,0.6340432,0.3659568
5.47,0.6340432,0.3659568
5.471,0.6340432,0.3659568
5.472,0.6340432,0.3659568
5.473,0.6340432,0.3659568
5.474,0.6340432,0.3659568
5.475,0.6340432,0.3659568
5.476,0.6340432,0.3659568
5.477,0.6340432,0.3659568
5.478,0.6340432,0.3659568
5.479,0.6340432,0.3659568
5.48,0.6340432,0.3659568
5.481,0.6340432,0.3659568
5.482,0.6340432,0.3659568
5.483,0.6340432,0.3659568
5.484,0.6340432,0.3659568
5.485,0.6340432,0.3659568
5.486,0.6340432,0.3659568
5.487,0.6340432,0.3659568
5.488,0.6340432,0.3659568
5.489,0.6340432,0.3659568
5.49,0.6340432,0.3659568
5.491,0.6340432,0.3659568
5.492,0.6340432,0.3659568
5.493,0.6340432,0.3659568
5.494,0.6340432,0.3659568
5.495,0.6340432,0.3659568
5.496,0.6340432,0.3659568
5.497,0.6340432,0.3659568
5.498,0.6340432,0.3659568
5.499,0.6340432,0.3659568
5.5,0.6340432,0.3659568
5.501,0.6340432,0.3659568
5.502,0.6340432,0.3659568
5.503,0.6340432,0.3659568
5.504,0.6340432,0.3659568
5.505,0.6340432,0.3659568
5.506,0.6340432,0.3659568
5.507,0.6340432,0.3659568
5.508,0.6340432,0.3659568
5.509,0.6340432,0.3659568
5.51,0.6340432,0.3659568
5.511,0.6340432,0.3659568
5.512,0.6340432,0.3659568
5.513,0.6340432,0.3659568
5.514,0.6340432,0.3659568
5.515,0.6340432,0.3659568
5.516,0.6340432,0.3659568
5.517,0.6340432,0.3659568
5.518,0.6340432,0.3659568
5.519,0.6340432,0.3659568
5.52,0.6340432,0.3659568
5.521,0.6340432,0.3659568
5.522,0.6340432,0.3659568
5.523,0.6340432,0.3659568
5.524,0.6340432,0.3659568
5.525,0.6340432,0.3659568
5.526,0.6340432,0.3659568
5.527,0.6340432,0.3659568
5.528,0.6340432,0.3659568
5.529,0.6340432,0.3659568
5.53,0.6340432,0.3659568
5.531,0.6340432,0.3659568
5.532,0.6340432,0.3659568
5.533,0.6340432,0.3659568
5.534,0.6340432,0.3659568
5.535,0.6340432,0.3659568
5.536,0.6340432,0.3659568
5.537,0.6340432,0.3659568
5.538,0.6340432,0.3659568
5.539,0.6340432,0.3659568
5.54,0.6340432,0.3659568
5.541,0.6340432,0.3659568
5.542,0.6340432,0.3659568
5.543,0.6340432,0.3659568
5.544,0.6340432,0.3659568
5.545,0.6340432,0.3659568
5.546,0.6340432,0.3659568
5.547,0.6340432,0.3659568
5.548,0.6340432,0.3659568
5.549,0.6340432,0.3659568
5.55,0.6340432,0.3659568
5.551,0.6340432,0.3659568
5.552,0.6340432,0.3659568
5.553,0.6340432,0.3659568
5.554,0.6340432,0.3659568
5.555,0.6340432,0.3659568
5.556,0.6340432,0.3659568
5.557,0.6340432,0.3659568
5.558,0.6340432,0.3659568
5.559,0.6340432,0.3659568
5.56,0.6340432,0.3659568
5.561,0.6340432,0.3659568
5.562,0.6340432,0.3659568
5.563,0.6340432,0.3659568
5.564,0.6340432,0.3659568
5.565,0.6340432,0.3659568
5.566,0.6340432,0.3659568
5.567,0.6340432,0.3659568
5.568,0.6340432,0.3659568
5.569,0.6340432,0.3659568
5.57,0.6340432,0.3659568
5.571,0.6340432,0.3659568
5.572,0.6340432,0.3659568
5.573,0.6340432,0.3659568
5.574,0.6340432,0.3659568
5.575,0.6340432,0.3659568
5.576,0.6340432,0.3659568
5.577,0.6340432,0.3659568
5.578,0.6340432,0.3659568
5.579,0.6340432,0.3659568
5.58,0.6340432,0.3659568
5.581,0.6340432,0.3659568
5.582,0.6340432,0.3659568
5.583,0.6340432,0.3659568
5.584,0.6340432,0.3659568
5.585,0.6340432,0.3659568
5.586,0.6340432,0.3659568
5.587,0.6340432,0.3659568
5.588,0.6340432,0.3659568
5.589,0.6340432,0.3659568
5.59,0.6340432,0.3659568
5.591,0.6340432,0.3659568
5.592,0.6340432,0.3659568
5.593,0.6340432,0.3659568
5.594,0.6340432,0.3659568
5.595,0.6340432,0.3659568
5.596,0.6340432,0.3659568
5.597,0.6340432,0.3659568
5.598,0.6340432,0.3659568
5.599,0.6340432,0.3659568
5.6,0.6340432,0.3659568
5.601,0.6340432,0.3659568
5.602,0.6340432,0.3659568
5.603,0.6340432,0.3659568
5.604,0.6340432,0.3659568
5.605,0.6340432,0.3659568
5.606,0.6340432,0.3659568
5.607,0.6340432,0.3659568
5.608,0.6340432,0.3659568
5.609,0.6340432,0.3659568
5.61,0.6340432,0.3659568
5.611,0.6340432,0.3659568
5.612,0.6340432,0.3659568
5.613,0.6340432,0.3659568
5.614,0.6340432,0.3659568
5.615,0.6340432,0.3659568
5.616,0.6340432,0.3659568
5.617,0.6340432,0.3659568
5.618,0.6340432,0.3659568
5.619,0.6340432,0.3659568
5.62,0.6340432,0.3659568
5.621,0.6340432,0.3659568
5.622,0.6340432,0.3659568
5.623,0.6340432,0.3659568
5.624,0.6340432,0.3659568
5.625,0.6340432,0.3659568
5.626,0.6340432,0.3659568
5.627,0.6340432,0.3659568
5.628,0.6340432,0.3659568
5.629,0.6340432,0.3659568
5.63,0.6340432,0.3659568
5.631,0.6340432,0.3659568
5.632,0.6340432,0.3659568
5.633,0.6340432,0.3659568
5.634,0.6340432,0.3659568
5.635,0.6340432,0.3659568
5.636,0.6340432,0.3659568
5.637,0.6340432,0.3659568
5.638,0.6340432,0.3659568
5.639,0.6340432,0.3659568
5.64,0.6340432,0.3659568
5.641,0.6340432,0.3659568
5.642,0.6340432,0.3659568
5.643,0.6340432,0.3659568
5.644,0.6340432,0.3659568
5.645,0.6340432,0.3659568
5.646,0.6340432,0.3659568
5.647,0.6340432,0.3659568
5.648,0.6340432,0.3659568
5.649,0.6340432,0.3659568
5.65,0.6340432,0.3659568
5.651,0.6340432,0.3659568
5.652,0.6340432,0.3659568
5.653,0.6340432,0.3659568
5.654,0.6340432,0.3659568
5.655,0.6340432,0.3659568
5.656,0.6340432,0.3659568
5.657,0.6340432,0.3659568
5.658,0.6340432,0.3659568
5.659,0.6340432,0.3659568
5.66,0.6340432,0.3659568
5.661,0.6340432,0.3659568
5.662,0.6340432,0.3659568
5.663,0.6340432,0.3659568
5.664,0.6340432,0.3659568
5.665,0.6340432,0.3659568
5.666,0.6340432,0.3659568
5.667,0.6340432,0.3659568
5.668,0.6340432,0.3659568
5.669,0.6340432,0.3659568
5.67,0.6340432,0.3659568
5.671,0.6340432,0.3659568
5.672,0.6340432,0.3659568
5.673,0.6340432,0.3659568
5.674,0.6340432,0.3659568
5.675,0.6340432,0.3659568
5.676,0.6340432,0.3659568
5.677,0.6340432,0.3659568
5.678,0.6340432,0.3659568
5.679,0.6340432,0.3659568
5.68,0.6340432,0.3659568
5.681,0.6340432,0.3659568
5.682,0.6340432,0.3659568
5.683,0.6340432,0.3659568
5.684,0.6340432,0.3659568
5.685,0.6340432,0.3659568
5.686,0.6340432,0.3659568
5.687,0.6340432,0.3659568
5.688,0.6340432,0.3659568
5.689,0.6340432,0.3659568
5.69,0.6340432,0.3659568
5.691,0.6340432,0.3659568
5.692,0.6340432,0.3659568
5.693,0.6340432,0.3659568
5.694,0.6340432,0.3659568
5.695,0.6340432,0.3659568
5.696,0.6340432,0.3659568
5.697,0.6340432,0.3659568
5.698,0.6340432,0.3659568
5.699,0.6340432,0.3659568
5.7,0.6340432,0.3659568
5.701,0.6340432,0.3659568
5.702,0.6340432,0.3659568
5.703,0.6340432,0.3659568
5.704,0.6340432,0.3659568
5.705,0.6340432,0.3659568
5.706,0.6340432,0.3659568
5.707,0.6340432,0.3659568
5.708,0.6340432,0.3659568
5.709,0.6340432,0.3659568
5.71,0.6340432,0.3659568
5.711,0.6340432,0.3659568
5.712,0.6340432,0.3659568
5.713,0.6340432,0.3659568
5.714,0.6340432,0.3659568
5.715,0.6340432,0.3659568
5.716,0.6340432,0.3659568
5.717,0.6340432,0.3659568
5.718,0.6340432,0.3659568
5.719,0.6340432,0.3659568
5.72,0.6340432,0.3659568
5.721,0.6340432,0.3659568
5.722,0.6340432,0.3659568
5.723,0.6340432,0.3659568
5.724,0.6340432,0.3659568
5.725,0.6340432,0.3659568
5.726,0.6340432,0.3659568
5.727,0.6340432,0.3659568
5.728,0.6340432,0.3659568
5.729,0.6340432,0.3659568
5.73,0.6340432,0.3659568
5.731,0.6340432,0.3659568
5.732,0.6340432,0.3659568
5.733,0.6340432,0.3659568
5.734,0.6340432,0.3659568
5.735,0.6340432,0.3659568
5.736,0.6340432,0.3659568
5.737,0.6340432,0.3659568
5.738,0.6340432,0.3659568
5.739,0.6340432,0.3659568
5.74,0.6340432,0.3659568
5.741,0.6340432,0.3659568
5.742,0.6340432,0.3659568
5.743,0.6340432,0.3659568
5.744,0.6340432,0.3659568
5.745,0.6340432,0.3659568
5.746,0.6340432,0.3659568
5.747,0.6340432,0.3659568
5.748,0.6340432,0.3659568
5.749,0.6340432,0.3659568
5.75,0.6340432,0.3659568
5.751,0.6340432,0.3659568
5.752,0.6340432,0.3659568
5.753,0.6340432,0.3659568
5.754,0.6340432,0.3659568
5.755,0.6340432,0.3659568
5.756,0.6340432,0.3659568
5.757,0.6340432,0.3659568
5.758,0.6340432,0.3659568
5.759,0.6340432,0.3659568
5.76,0.6340432,0.3659568
5.761,0.6340432,0.3659568
5.762,0.6340432,0.3659568
5.763,0.6340432,0.3659568
5.764,0.6340432,0.3659568
5.765,0.6340432,0.3659568
5.766,0.6340432,0.3659568
5.767,0.6340432,0.3659568
5.768,0.6340432,0.3659568
5.769,0.6340432,0.3659568
5.77,0.6340432,0.3659568
5.771,0.6340432,0.3659568
5.772,0.6340432,0.3659568
5.773,0.6340432,0.3659568
5.774,0.6340432,0.3659568
5.775,0.6340432,0.3659568
5.776,0.6340432,0.3659568
5.777,0.6340432,0.3659568
5.778,0.6340432,0.3659568
5.779,0.6340432,0.3659568
5.78,0.6340432,0.3659568
5.781,0.6340432,0.3659568
5.782,0.6340432,0.3659568
5.783,0.6340432,0.3659568
5.784,0.6340432,0.3659568
5.785,0.6340432,0.3659568
5.786,0.6340432,0.3659568
5.787,0.6340432,0.3659568
5.788,0.6340432,0.3659568
5.789,0.6340432,0.3659568
5.79,0.6340432,0.3659568
5.791,0.6340432,0.3659568
5.792,0.6340432,0.3659568
5.793,0.6340432,0.3659568
5.794,0.6340432,0.3659568
5.795,0.6340432,0.3659568
5.796,0.6340432,0.3659568
5.797,0.6340432,0.3659568
5.798,0.6340432,0.3659568
5.799,0.6340432,0.3659568
5.8,0.6340432,0.3659568
5.801,0.6340432,0.3659568
5.802,0.6340432,0.3659568
5.803,0.6340432,0.3659568
5.804,0.6340432,0.3659568
5.805,0.6340432,0.3659568
5.806,0.6340432,0.3659568
5.807,0.6340432,0.3659568
5.808,0.6340432,0.3659568
5.809,0.6340432,0.3659568
5.81,0.6340432,0.3659568
5.811,0.6340432,0.3659568
5.812,0.6340432,0.3659568
5.813,0.6340432,0.3659568
5.814,0.6340432,0.3659568
5.815,0.6340432,0.3659568
5.816,0.6340432,0.3659568
5.817,0.6340432,0.3659568
5.818,0.6340432,0.3659568
5.819,0.6340432,0.3659568
5.82,0.6340432,0.3659568
5.821,0.6340432,0.3659568
5.822,0.6340432,0.3659568
5.823,0.6340432,0.3659568
5.824,0.6340432,0.3659568
5.825,0.6340432,0.3659568
5.826,0.6340432,0.3659568
5.827,0.6340432,0.3659568
5.828,0.6340432,0.3659568
5.829,0.6340432,0.3659568
5.83,0.6340432,0.3659568
5.831,0.6340432,0.3659568
5.832,0.6340432,0.3659568
5.833,0.6340432,0.3659568
5.834,0.6340432,0.3659568
5.835,0.6340432,0.3659568
5.836,0.6340432,0.3659568
5.837,0.6340432,0.3659568
5.838,0.6340432,0.3659568
5.839,0.6340432,0.3659568
5.84,0.6340432,0.3659568
5.841,0.6340432,0.3659568
5.842,0.6340432,0.3659568
5.843,0.6340432,0.3659568
5.844,0.6340432,0.3659568
5.845,0.6340432,0.3659568
5.846,0.6340432,0.3659568
5.847,0.6340432,0.3659568
5.848,0.6340432,0.3659568
5.849,0.6340432,0.3659568
5.85,0.6340432,0.3659568
5.851,0.6340432,0.3659568
5.852,0.6340432,0.3659568
5.853,0.6340432,0.3659568
5.854,0.6340432,0.3659568
5.855,0.6340432,0.3659568
5.856,0.6340432,0.3659568
5.857,0.6340432,0.3659568
5.858,0.6340432,0.3659568
5.859,0.6340432,0.3659568
5.86,0.6340432,0.3659568
5.861,0.6340432,0.3659568
5.862,0.6340432,0.3659568
5.863,0.6340432,0.3659568
5.864,0.6340432,0.3659568
5.865,0.6340432,0.3659568
5.866,0.6340432,0.3659568
5.867,0.6340432,0.3659568
5.868,0.6340432,0.3659568
5.869,0.6340432,0.3659568
5.87,0.6340432,0.3659568
5.871,0.6340432,0.3659568
5.872,0.6340432,0.3659568
5.873,0.6340432,0.3659568
5.874,0.6340432,0.3659568
5.875,0.6340432,0.3659568
5.876,0.6340432,0.3659568
5.877,0.6340432,0.3659568
5.878,0.6340432,0.3659568
5.879,0.6340432,0.3659568
5.88,0.6340432,0.3659568
5.881,0.6340432,0.3659568
5.882,0.6340432,0.3659568
5.883,0.6340432,0.3659568
5.884,0.6340432,0.3659568
5.885,0.6340432,0.3659568
5.886,0.6340432,0.3659568
5.887,0.6340432,0.3659568
5.888,0.6340432,0.3659568
5.889,0.6340432,0.3659568
5.89,0.6340432,0.3659568
5.891,0.6340432,0.3659568
5.892,0.6340432,0.3659568
5.893,0.6340432,0.3659568
5.894,0.6340432,0.3659568
5.895,0.6340432,0.3659568
5.896,0.6340432,0.3659568
5.897,0.6340432,0.3659568
5.898,0.6340432,0.3659568
5.899,0.6340432,0.3659568
5.9,0.6340432,0.3659568
5.901,0.6340432,0.3659568
5.902,0.6340432,0.3659568
5.903,0.6340432,0.3659568
5.904,0.6340432,0.3659568
5.905,0.6340432,0.3659568
5.906,0.6340432,0.3659568
5.907,0.6340432,0.3659568
5.908,0.6340432,0.3659568
5.909,0.6340432,0.3659568
5.91,0.6340432,0.3659568
5.911,0.6340432,0.3659568
5.912,0.6340432,0.3659568
5.913,0.6340432,0.3659568
5.914,0.6340432,0.3659568
5.915,0.6340432,0.3659568
5.916,0.6340432,0.3659568
5.917,0.6340432,0.3659568
5.918,0.6340432,0.3659568
5.919,0.6340432,0.3659568
5.92,0.6340432,0.3659568
5.921,0.6340432,0.3659568
5.922,0.6340432,0.3659568
5.923,0.6340432,0.3659568
5.924,0.6340432,0.3659568
5.925,0.6340432,0.3659568
5.926,0.6340432,0.3659568
5.927,0.6340432,0.3659568
5.928,0.6340432,0.3659568
5.929,0.6340432,0.3659568
5.93,0.6340432,0.3659568
5.931,0.6340432,0.3659568
5.932,0.6340432,0.3659568
5.933,0.6340432,0.3659568
5.934,0.6340432,0.3659568
5.935,0.6340432,0.3659568
5.936,0.6340432,0.3659568
5.937,0.6340432,0.3659568
5.938,0.6340432,0.3659568
5.939,0.6340432,0.3659568
5.94,0.6340432,0.3659568
5.941,0.6340432,0.3659568
5.942,0.6340432,0.3659568
5.943,0.6340432,0.3659568
5.944,0.6340432,0.3659568
5.945,0.6340432,0.3659568
5.946,0.6340432,0.3659568
5.947,0.6340432,0.3659568
5.948,0.6340432,0.3659568
5.949,0.6340432,0.3659568
5.95,0.6340432,0.3659568
5.951,0.6340432,0.3659568
5.952,0.6340432,0.3659568
5.953,0.6340432,0.3659568
5.954,0.6340432,0.3659568
5.955,0.6340432,0.3659568
5.956,0.6340432,0.3659568
5.957,0.6340432,0.3659568
5.958,0.6340432,0.3659568
5.959,0.6340432,0.3659568
5.96,0.6340432,0.3659568
5.961,0.6340432,0.3659568
5.962,0.6340432,0.3659568
5.963,0.6340432,0.3659568
5.964,0.6340432,0.3659568
5.965,0.6340432,0.3659568
5.966,0.6340432,0.3659568
5.967,0.6340432,0.3659568
5.968,0.6340432,0.3659568
5.969,0.6340432,0.3659568
5.97,0.6340432,0.3659568
5.971,0.6340432,0.3659568
5.972,0.6340432,0.3659568
5.973,0.6340432,0.3659568
5.974,0.6340432,0.3659568
5.975,0.6340432,0.3659568
5.976,0.6340432,0.3659568
5.977,0.6340432,0.3659568
5.978,0.6340432,0.3659568
5.979,0.6340432,0.3659568
5.98,0.6340432,0.3659568
5.981,0.6340432,0.3659568
5.982,0.6340432,0.3659568
5.983,0.6340432,0.3659568
5.984,0.6340432,0.3659568
5.985,0.6340432,0.3659568
5.986,0.6340432,0.3659568
5.987,0.6340432,0.3659568
5.988,0.6340432,0.3659568
5.989,0.6340432,0.3659568
5.99,0.6340432,0.3659568
5.991,0.6340432,0.3659568
5.992,0.6340432,0.3659568
5.993,0.6340432,0.3659568
5.994,0.6340432,0.3659568
5.995,0.6340432,0.3659568
5.996,0.6340432,0.3659568
5.997,0.6340432,0.3659568
5.998,0.6340432,0.3659568
5.999,0.6340432,0.3659568
6.0,0.6340432,0.3659568
6.001,0.6340432,0.3659568
6.002,0.6340432,0.3659568
6.003,0.6340432,0.3659568
6.004,0.6340432,0.3659568
6.005,0.6340432,0.3659568
6.006,0.6340432,0.3659568
6.007,0.6340432,0.3659568
6.008,0.6340432,0.3659568
6.009,0.6340432,0.3659568
6.01,0.6340432,0.3659568
6.011,0.6340432,0.3659568
6.012,0.6340432,0.3659568
6.013,0.6340432,0.3659568
6.014,0.6340432,0.3659568
6.015,0.6340432,0.3659568
6.016,0.6340432,0.3659568
6.017,0.6340432,0.3659568
6.018,0.6340432,0.3659568
6.019,0.6340432,0.3659568
6.02,0.6340432,0.3659568
6.021,0.6340432,0.3659568
6.022,0.6340432,0.3659568
6.023,0.6340432,0.3659568
6.024,0.6340432,0.3659568
6.025,0.6340432,0.3659568
6.026,0.6340432,0.3659568
6.027,0.6340432,0.3659568
6.028,0.6340432,0.3659568
6.029,0.6340432,0.3659568
6.03,0.6340432,0.3659568
6.031,0.6340432,0.3659568
6.032,0.6340432,0.3659568
6.033,0.6340432,0.3659568
6.034,0.6340432,0.3659568
6.035,0.6340432,0.3659568
6.036,0.6340432,0.3659568
6.037,0.6340432,0.3659568
6.038,0.6340432,0.3659568
6.039,0.6340432,0.3659568
6.04,0.6340432,0.3659568
6.041,0.6340432,0.3659568
6.042,0.6340432,0.3659568
6.043,0.6340432,0.3659568
6.044,0.6340432,0.3659568
6.045,0.6340432,0.3659568
6.046,0.6340432,0.3659568
6.047,0.6340432,0.3659568
6.048,0.6340432,0.3659568
6.049,0.6340432,0.3659568
6.05,0.6340432,0.3659568
6.051,0.6340432,0.3659568
6.052,0.6340432,0.3659568
6.053,0.6340432,0.3659568
6.054,0.6340432,0.3659568
6.055,0.6340432,0.3659568
6.056,0.6340432,0.3659568
6.057,0.6340432,0.3659568
6.058,0.6340432,0.3659568
6.059,0.6340432,0.3659568
6.06,0.6340432,0.3659568
6.061,0.6340432,0.3659568
6.062,0.6340432,0.3659568
6.063,0.6340432,0.3659568
6.064,0.6340432,0.3659568
6.065,0.6340432,0.3659568
6.066,0.6340432,0.3659568
6.067,0.6340432,0.3659568
6.068,0.6340432,0.3659568
6.069,0.6340432,0.3659568
6.07,0.6340432,0.3659568
6.071,0.6340432,0.3659568
6.072,0.6340432,0.3659568
6.073,0.6340432,0.3659568
6.074,0.6340432,0.3659568
6.075,0.6340432,0.3659568
6.076,0.6340432,0.3659568
6.077,0.6340432,0.3659568
6.078,0.6340432,0.3659568
6.079,0.6340432,0.3659568
6.08,0.6340432,0.3659568
6.081,0.6340432,0.3659568
6.082,0.6340432,0.3659568
6.083,0.6340432,0.3659568
6.084,0.6340432,0.3659568
6.085,0.6340432,0.3659568
6.086,0.6340432,0.3659568
6.087,0.6340432,0.3659568
6.088,0.6340432,0.3659568
6.089,0.6340432,0.3659568
6.09,0.6340432,0.3659568
6.091,0.6340432,0.3659568
6.092,0.6340432,0.3659568
6.093,0.6340432,0.3659568
6.094,0.6340432,0.3659568
6.095,0.6340432,0.3659568
6.096,0.6340432,0.3659568
6.097,0.6340432,0.3659568
6.098,0.6340432,0.3659568
6.099,0.6340432,0.3659568
6.1,0.6340432,0.3659568
6.101,0.6340432,0.3659568
6.102,0.6340432,0.3659568
6.103,0.6340432,0.3659568
6.104,0.6340432,0.3659568
6.105,0.6340432,0.3659568
6.106,0.6340432,0.3659568
6.107,0.6340432,0.3659568
6.108,0.6340432,0.3659568
6.109,0.6340432,0.3659568
6.11,0.6340432,0.3659568
6.111,0.6340432,0.3659568
6.112,0.6340432,0.3659568
6.113,0.6340432,0.3659568
6.114,0.6340432,0.3659568
6.115,0.6340432,0.3659568
6.116,0.6340432,0.3659568
6.117,0.6340432,0.3659568
6.118,0.6340432,0.3659568
6.119,0.6340432,0.3659568
6.12,0.6340432,0.3659568
6.121,0.6340432,0.3659568
6.122,0.6340432,0.3659568
6.123,0.6340432,0.3659568
6.124,0.6340432,0.3659568
6.125,0.6340432,0.3659568
6.126,0.6340432,0.3659568
6.127,0.6340432,0.3659568
6.128,0.6340432,0.3659568
6.129,0.6340432,0.3659568
6.13,0.6340432,0.3659568
6.131,0.6340432,0.3659568
6.132,0.6340432,0.3659568
6.133,0.6340432,0.3659568
6.134,0.6340432,0.3659568
6.135,0.6340432,0.3659568
6.136,0.6340432,0.3659568
6.137,0.6340432,0.3659568
6.138,0.6340432,0.3659568
6.139,0.6340432,0.3659568
6.14,0.6340432,0.3659568
6.141,0.6340432,0.3659568
6.142,0.6340432,0.3659568
6.143,0.6340432,0.3659568
6.144,0.6340432,0.3659568
6.145,0.6340432,0.3659568
6.146,0.6340432,0.3659568
6.147,0.6340432,0.3659568
6.148,0.6340432,0.3659568
6.149,0.6340432,0.3659568
6.15,0.6340432,0.3659568
6.151,0.6340432,0.3659568
6.152,0.6340432,0.3659568
6.153,0.6340432,0.3659568
6.154,0.6340432,0.3659568
6.155,0.6340432,0.3659568
6.156,0.6340432,0.3659568
6.157,0.6340432,0.3659568
6.158,0.6340432,0.3659568
6.159,0.6340432,0.3659568
6.16,0.6340432,0.3659568
6.161,0.6340432,0.3659568
6.162,0.6340432,0.3659568
6.163,0.6340432,0.3659568
6.164,0.6340432,0.3659568
6.165,0.6340432,0.3659568
6.166,0.6340432,0.3659568
6.167,0.6340432,0.3659568
6.168,0.6340432,0.3659568
6.169,0.6340432,0.3659568
6.17,0.6340432,0.3659568
6.171,0.6340432,0.3659568
6.172,0.6340432,0.3659568
6.173,0.6340432,0.3659568
6.174,0.6340432,0.3659568
6.175,0.6340432,0.3659568
6.176,0.6340432,0.3659568
6.177,0.6340432,0.3659568
6.178,0.6340432,0.3659568
6.179,0.6340432,0.3659568
6.18,0.6340432,0.3659568
6.181,0.6340432,0.3659568
6.182,0.6340432,0.3659568
6.183,0.6340432,0.3659568
6.184,0.6340432,0.3659568
6.185,0.6340432,0.3659568
6.186,0.6340432,0.3659568
6.187,0.6340432,0.3659568
6.188,0.6340432,0.3659568
6.189,0.6340432,0.3659568
6.19,0.6340432,0.3659568
6.191,0.6340432,0.3659568
6.192,0.6340432,0.3659568
6.193,0.6340432,0.3659568
6.194,0.6340432,0.3659568
6.195,0.6340432,0.3659568
6.196,0.6340432,0.3659568
6.197,0.6340432,0.3659568
6.198,0.6340432,0.3659568
6.199,0.6340432,0.3659568
6.2,0.6340432,0.3659568
6.201,0.6340432,0.3659568
6.202,0.6340432,0.3659568
6.203,0.6340432,0.3659568
6.204,0.6340432,0.3659568
6.205,0.6340432,0.3659568
6.206,0.6340432,0.3659568
6.207,0.6340432,0.3659568
6.208,0.6340432,0.3659568
6.209,0.6340432,0.3659568
6.21,0.6340432,0.3659568
6.211,0.6340432,0.3659568
6.212,0.6340432,0.3659568
6.213,0.6340432,0.3659568
6.214,0.6340432,0.3659568
6.215,0.6340432,0.3659568
6.216,0.6340432,0.3659568
6.217,0.6340432,0.3659568
6.218,0.6340432,0.3659568
6.219,0.6340432,0.3659568
6.22,0.6340432,0.3659568
6.221,0.6340432,0.3659568
6.222,0.6340432,0.3659568
6.223,0.6340432,0.3659568
6.224,0.6340432,0.3659568
6.225,0.6340432,0.3659568
6.226,0.6340432,0.3659568
6.227,0.6340432,0.3659568
6.228,0.6340432,0.3659568
6.229,0.6340432,0.3659568
6.23,0.6340432,0.3659568
6.231,0.6340432,0.3659568
6.232,0.6340432,0.3659568
6.233,0.6340432,0.3659568
6.234,0.6340432,0.3659568
6.235,0.6340432,0.3659568
6.236,0.6340432,0.3659568
6.237,0.6340432,0.3659568
6.238,0.6340432,0.3659568
6.239,0.6340432,0.3659568
6.24,0.6340432,0.3659568
6.241,0.6340432,0.3659568
6.242,0.6340432,0.3659568
6.243,0.6340432,0.3659568
6.244,0.6340432,0.3659568
6.245,0.6340432,0.3659568
6.246,0.6340432,0.3659568
6.247,0.6340432,0.3659568
6.248,0.6340432,0.3659568
6.249,0.6340432,0.3659568
6.25,0.6340432,0.3659568
6.251,0.6340432,0.3659568
6.252,0.6340432,0.3659568
6.253,0.6340432,0.3659568
6.254,0.6340432,0.3659568
6.255,0.6340432,0.3659568
6.256,0.6340432,0.3659568
6.257,0.6340432,0.3659568
6.258,0.6340432,0.3659568
6.259,0.6340432,0.3659568
6.26,0.6340432,0.3659568
6.261,0.6340432,0.3659568
6.262,0.6340432,0.3659568
6.263,0.6340432,0.3659568
6.264,0.6340432,0.3659568
6.265,0.6340432,0.3659568
6.266,0.6340432,0.3659568
6.267,0.6340432,0.3659568
6.268,0.6340432,0.3659568
6.269,0.6340432,0.3659568
6.27,0.6340432,0.3659568
6.271,0.6340432,0.3659568
6.272,0.6340432,0.3659568
6.273,0.6340432,0.3659568
6.274,0.6340432,0.3659568
6.275,0.6340432,0.3659568
6.276,0.6340432,0.3659568
6.277,0.6340432,0.3659568
6.278,0.6340432,0.3659568
6.279,0.6340432,0.3659568
6.28,0.6340432,0.3659568
6.281,0.6340432,0.3659568
6.282,0.6340432,0.3659568
6.283,0.6340432,0.3659568
6.284,0.6340432,0.3659568
6.285,0.6340432,0.3659568
6.286,0.6340432,0.3659568
6.287,0.6340432,0.3659568
6.288,0.6340432,0.3659568
6.289,0.6340432,0.3659568
6.29,0.6340432,0.3659568
6.291,0.6340432,0.3659568
6.292,0.6340432,0.3659568
6.293,0.6340432,0.3659568
6.294,0.6340432,0.3659568
6.295,0.6340432,0.3659568
6.296,0.6340432,0.3659568
6.297,0.6340432,0.3659568
6.298,0.6340432,0.3659568
6.299,0.6340432,0.3659568
6.3,0.6340432,0.3659568
6.301,0.6340432,0.3659568
6.302,0.6340432,0.3659568
6.303,0.6340432,0.3659568
6.304,0.6340432,0.3659568
6.305,0.6340432,0.3659568
6.306,0.6340432,0.3659568
6.307,0.6340432,0.3659568
6.308,0.6340432,0.3659568
6.309,0.6340432,0.3659568
6.31,0.6340432,0.3659568
6.311,0.6340432,0.3659568
6.312,0.6340432,0.3659568
6.313,0.6340432,0.3659568
6.314,0.6340432,0.3659568
6.315,0.6340432,0.3659568
6.316,0.6340432,0.3659568
6.317,0.6340432,0.3659568
6.318,0.6340432,0.3659568
6.319,0.6340432,0.3659568
6.32,0.6340432,0.3659568
6.321,0.6340432,0.3659568
6.322,0.6340432,0.3659568
6.323,0.6340432,0.3659568
6.324,0.6340432,0.3659568
6.325,0.6340432,0.3659568
6.326,0.6340432,0.3659568
6.327,0.6340432,0.3659568
6.328,0.6340432,0.3659568
6.329,0.6340432,0.3659568
6.33,0.6340432,0.3659568
6.331,0.6340432,0.3659568
6.332,0.6340432,0.3659568
6.333,0.6340432,0.3659568
6.334,0.6340432,0.3659568
6.335,0.6340432,0.3659568
6.336,0.6340432,0.3659568
6.337,0.6340432,0.3659568
6.338,0.6340432,0.3659568
6.339,0.6340432,0.3659568
6.34,0.6340432,0.3659568
6.341,0.6340432,0.3659568
6.342,0.6340432,0.3659568
6.343,0.6340432,0.3659568
6.344,0.6340432,0.3659568
6.345,0.6340432,0.3659568
6.346,0.6340432,0.3659568
6.347,0.6340432,0.3659568
6.348,0.6340432,0.3659568
6.349,0.6340432,0.3659568
6.35,0.6340432,0.3659568
6.351,0.6340432,0.3659568
6.352,0.6340432,0.3659568
6.353,0.6340432,0.3659568
6.354,0.6340432,0.3659568
6.355,0.6340432,0.3659568
6.356,0.6340432,0.3659568
6.357,0.6340432,0.3659568
6.358,0.6340432,0.3659568
6.359,0.6340432,0.3659568
6.36,0.6340432,0.3659568
6.361,0.6340432,0.3659568
6.362,0.6340432,0.3659568
6.363,0.6340432,0.3659568
6.364,0.6340432,0.3659568
6.365,0.6340432,0.3659568
6.366,0.6340432,0.3659568
6.367,0.6340432,0.3659568
6.368,0.6340432,0.3659568
6.369,0.6340432,0.3659568
6.37,0.6340432,0.3659568
6.371,0.6340432,0.3659568
6.372,0.6340432,0.3659568
6.373,0.6340432,0.3659568
6.374,0.6340432,0.3659568
6.375,0.6340432,0.3659568
6.376,0.6340432,0.3659568
6.377,0.6340432,0.3659568
6.378,0.6340432,0.3659568
6.379,0.6340432,0.3659568
6.38,0.6340432,0.3659568
6.381,0.6340432,0.3659568
6.382,0.6340432,0.3659568
6.383,0.6340432,0.3659568
6.384,0.6340432,0.3659568
6.385,0.6340432,0.3659568
6.386,0.6340432,0.3659568
6.387,0.6340432,0.3659568
6.388,0.6340432,0.3659568
6.389,0.6340432,0.3659568
6.39,0.6340432,0.3659568
6.391,0.6340432,0.3659568
6.392,0.6340432,0.3659568
6.393,0.6340432,0.3659568
6.394,0.6340432,0.3659568
6.395,0.6340432,0.3659568
6.396,0.6340432,0.3659568
6.397,0.6340432,0.3659568
6.398,0.6340432,0.3659568
6.399,0.6340432,0.3659568
6.4,0.6340432,0.3659568
6.401,0.6340432,0.3659568
6.402,0.6340432,0.3659568
6.403,0.6340432,0.3659568
6.404,0.6340432,0.3659568
6.405,0.6340432,0.3659568
6.406,0.6340432,0.3659568
6.407,0.6340432,0.3659568
6.408,0.6340432,0.3659568
6.409,0.6340432,0.3659568
6.41,0.6340432,0.3659568
6.411,0.6340432,0.3659568
6.412,0.6340432,0.3659568
6.413,0.6340432,0.3659568
6.414,0.6340432,0.3659568
6.415,0.6340432,0.3659568
6.416,0.6340432,0.3659568
6.417,0.6340432,0.3659568
6.418,0.6340432,0.3659568
6.419,0.6340432,0.3659568
6.42,0.6340432,0.3659568
6.421,0.6340432,0.3659568
6.422,0.6340432,0.3659568
6.423,0.6340432,0.3659568
6.424,0.6340432,0.3659568
6.425,0.6340432,0.3659568
6.426,0.6340432,0.3659568
6.427,0.6340432,0.3659568
6.428,0.6340432,0.3659568
6.429,0.6340432,0.3659568
6.43,0.6340432,0.3659568
6.431,0.6340432,0.3659568
6.432,0.6340432,0.3659568
6.433,0.6340432,0.3659568
6.434,0.6340432,0.3659568
6.435,0.6340432,0.3659568
6.436,0.6340432,0.3659568
6.437,0.6340432,0.3659568
6.438,0.6340432,0.3659568
6.439,0.6340432,0.3659568
6.44,0.6340432,0.3659568
6.441,0.6340432,0.3659568
6.442,0.6340432,0.3659568
6.443,0.6340432,0.3659568
6.444,0.6340432,0.3659568
6.445,0.6340432,0.3659568
6.446,0.6340432,0.3659568
6.447,0.6340432,0.3659568
6.448,0.6340432,0.3659568
6.449,0.6340432,0.3659568
6.45,0.6340432,0.3659568
6.451,0.6340432,0.3659568
6.452,0.6340432,0.3659568
6.453,0.6340432,0.3659568
6.454,0.6340432,0.3659568
6.455,0.6340432,0.3659568
6.456,0.6340432,0.3659568
6.457,0.6340432,0.3659568
6.458,0.6340432,0.3659568
6.459,0.6340432,0.3659568
6.46,0.6340432,0.3659568
6.461,0.6340432,0.3659568
6.462,0.6340432,0.3659568
6.463,0.6340432,0.3659568
6.464,0.6340432,0.3659568
6.465,0.6340432,0.3659568
6.466,0.6340432,0.3659568
6.467,0.6340432,0.3659568
6.468,0.6340432,0.3659568
6.469,0.6340432,0.3659568
6.47,0.6340432,0.3659568
6.471,0.6340432,0.3659568
6.472,0.6340432,0.3659568
6.473,0.6340432,0.3659568
6.474,0.6340432,0.3659568
6.475,0.6340432,0.3659568
6.476,0.6340432,0.3659568
6.477,0.6340432,0.3659568
6.478,0.6340432,0.3659568
6.479,0.6340432,0.3659568
6.48,0.6340432,0.3659568
6.481,0.6340432,0.3659568
6.482,0.6340432,0.3659568
6.483,0.6340432,0.3659568
6.484,0.6340432,0.3659568
6.485,0.6340432,0.3659568
6.486,0.6340432,0.3659568
6.487,0.6340432,0.3659568
6.488,0.6340432,0.3659568
6.489,0.6340432,0.3659568
6.49,0.6340432,0.3659568
6.491,0.6340432,0.3659568
6.492,0.6340432,0.3659568
6.493,0.6340432,0.3659568
6.494,0.6340432,0.3659568
6.495,0.6340432,0.3659568
6.496,0.6340432,0.3659568
6.497,0.6340432,0.3659568
6.498,0.6340432,0.3659568
6.499,0.6340432,0.3659568
6.5,0.6340432,0.3659568
6.501,0.6340432,0.3659568
6.502,0.6340432,0.3659568
6.503,0.6340432,0.3659568
6.504,0.6340432,0.3659568
6.505,0.6340432,0.3659568
6.506,0.6340432,0.3659568
6.507,0.6340432,0.3659568
6.508,0.6340432,0.3659568
6.509,0.6340432,0.3659568
6.51,0.6340432,0.3659568
6.511,0.6340432,0.3659568
6.512,0.6340432,0.3659568
6.513,0.6340432,0.3659568
6.514,0.6340432,0.3659568
6.515,0.6340432,0.3659568
6.516,0.6340432,0.3659568
6.517,0.6340432,0.3659568
6.518,0.6340432,0.3659568
6.519,0.6340432,0.3659568
6.52,0.6340432,0.3659568
6.521,0.6340432,0.3659568
6.522,0.6340432,0.3659568
6.523,0.6340432,0.3659568
6.524,0.6340432,0.3659568
6.525,0.6340432,0.3659568
6.526,0.6340432,0.3659568
6.527,0.6340432,0.3659568
6.528,0.6340432,0.3659568
6.529,0.6340432,0.3659568
6.53,0.6340432,0.3659568
6.531,0.6340432,0.3659568
6.532,0.6340432,0.3659568
6.533,0.6340432,0.3659568
6.534,0.6340432,0.3659568
6.535,0.6340432,0.3659568
6.536,0.6340432,0.3659568
6.537,0.6340432,0.3659568
6.538,0.6340432,0.3659568
6.539,0.6340432,0.3659568
6.54,0.6340432,0.3659568
6.541,0.6340432,0.3659568
6.542,0.6340432,0.3659568
6.543,0.6340432,0.3659568
6.544,0.6340432,0.3659568
6.545,0.6340432,0.3659568
6.546,0.6340432,0.3659568
6.547,0.6340432,0.3659568
6.548,0.6340432,0.3659568
6.549,0.6340432,0.3659568
6.55,0.6340432,0.3659568
6.551,0.6340432,0.3659568
6.552,0.6340432,0.3659568
6.553,0.6340432,0.3659568
6.554,0.6340432,0.3659568
6.555,0.6340432,0.3659568
6.556,0.6340432,0.3659568
6.557,0.6340432,0.3659568
6.558,0.6340432,0.3659568
6.559,0.6340432,0.3659568
6.56,0.6340432,0.3659568
6.561,0.6340432,0.3659568
6.562,0.6340432,0.3659568
6.563,0.6340432,0.3659568
6.564,0.6340432,0.3659568
6.565,0.6340432,0.3659568
6.566,0.6340432,0.3659568
6.567,0.6340432,0.3659568
6.568,0.6340432,0.3659568
6.569,0.6340432,0.3659568
6.57,0.6340432,0.3659568
6.571,0.6340432,0.3659568
6.572,0.6340432,0.3659568
6.573,0.6340432,0.3659568
6.574,0.6340432,0.3659568
6.575,0.6340432,0.3659568
6.576,0.6340432,0.3659568
6.577,0.6340432,0.3659568
6.578,0.6340432,0.3659568
6.579,0.6340432,0.3659568
6.58,0.6340432,0.3659568
6.581,0.6340432,0.3659568
6.582,0.6340432,0.3659568
6.583,0.6340432,0.3659568
6.584,0.6340432,0.3659568
6.585,0.6340432,0.3659568
6.586,0.6340432,0.3659568
6.587,0.6340432,0.3659568
6.588,0.6340432,0.3659568
6.589,0.6340432,0.3659568
6.59,0.6340432,0.3659568
6.591,0.6340432,0.3659568
6.592,0.6340432,0.3659568
6.593,0.6340432,0.3659568
6.594,0.6340432,0.3659568
6.595,0.6340432,0.3659568
6.596,0.6340432,0.3659568
6.597,0.6340432,0.3659568
6.598,0.6340432,0.3659568
6.599,0.6340432,0.3659568
6.6,0.6340432,0.3659568
6.601,0.6340432,0.3659568
6.602,0.6340432,0.3659568
6.603,0.6340432,0.3659568
6.604,0.6340432,0.3659568
6.605,0.6340432,0.3659568
6.606,0.6340432,0.3659568
6.607,0.6340432,0.3659568
6.608,0.6340432,0.3659568
6.609,0.6340432,0.3659568
6.61,0.6340432,0.3659568
6.611,0.6340432,0.3659568
6.612,0.6340432,0.3659568
6.613,0.6340432,0.3659568
6.614,0.6340432,0.3659568
6.615,0.6340432,0.3659568
6.616,0.6340432,0.3659568
6.617,0.6340432,0.3659568
6.618,0.6340432,0.3659568
6.619,0.6340432,0.3659568
6.62,0.6340432,0.3659568
6.621,0.6340432,0.3659568
6.622,0.6340432,0.3659568
6.623,0.6340432,0.3659568
6.624,0.6340432,0.3659568
6.625,0.6340432,0.3659568
6.626,0.6340432,0.3659568
6.627,0.6340432,0.3659568
6.628,0.6340432,0.3659568
6.629,0.6340432,0.3659568
6.63,0.6340432,0.3659568
6.631,0.6340432,0.3659568
6.632,0.6340432,0.3659568
6.633,0.6340432,0.3659568
6.634,0.6340432,0.3659568
6.635,0.6340432,0.3659568
6.636,0.6340432,0.3659568
6.637,0.6340432,0.3659568
6.638,0.6340432,0.3659568
6.639,0.6340432,0.3659568
6.64,0.6340432,0.3659568
6.641,0.6340432,0.3659568
6.642,0.6340432,0.3659568
6.643,0.6340432,0.3659568
6.644,0.6340432,0.3659568
6.645,0.6340432,0.3659568
6.646,0.6340432,0.3659568
6.647,0.6340432,0.3659568
6.648,0.6340432,0.3659568
6.649,0.6340432,0.3659568
6.65,0.6340432,0.3659568
6.651,0.6340432,0.3659568
6.652,0.6340432,0.3659568
6.653,0.6340432,0.3659568
6.654,0.6340432,0.3659568
6.655,0.6340432,0.3659568
6.656,0.6340432,0.3659568
6.657,0.6340432,0.3659568
6.658,0.6340432,0.3659568
6.659,0.6340432,0.3659568
6.66,0.6340432,0.3659568
6.661,0.6340432,0.3659568
6.662,0.6340432,0.3659568
6.663,0.6340432,0.3659568
6.664,0.6340432,0.3659568
6.665,0.6340432,0.3659568
6.666,0.6340432,0.3659568
6.667,0.6340432,0.3659568
6.668,0.6340432,0.3659568
6.669,0.6340432,0.3659568
6.67,0.6340432,0.3659568
6.671,0.6340432,0.3659568
6.672,0.6340432,0.3659568
6.673,0.6340432,0.3659568
6.674,0.6340432,0.3659568
6.675,0.6340432,0.3659568
6.676,0.6340432,0.3659568
6.677,0.6340432,0.3659568
6.678,0.6340432,0.3659568
6.679,0.6340432,0.3659568
6.68,0.6340432,0.3659568
6.681,0.6340432,0.3659568
6.682,0.6340432,0.3659568
6.683,0.6340432,0.3659568
6.684,0.6340432,0.3659568
6.685,0.6340432,0.3659568
6.686,0.6340432,0.3659568
6.687,0.6340432,0.3659568
6.688,0.6340432,0.3659568
6.689,0.6340432,0.3659568
6.69,0.6340432,0.3659568
6.691,0.6340432,0.3659568
6.692,0.6340432,0.3659568
6.693,0.6340432,0.3659568
6.694,0.6340432,0.3659568
6.695,0.6340432,0.3659568
6.696,0.6340432,0.3659568
6.697,0.6340432,0.3659568
6.698,0.6340432,0.3659568
6.699,0.6340432,0.3659568
6.7,0.6340432,0.3659568
6.701,0.6340432,0.3659568
6.702,0.6340432,0.3659568
6.703,0.6340432,0.3659568
6.704,0.6340432,0.3659568
6.705,0.6340432,0.3659568
6.706,0.6340432,0.3659568
6.707,0.6340432,0.3659568
6.708,0.6340432,0.3659568
6.709,0.6340432,0.3659568
6.71,0.6340432,0.3659568
6.711,0.6340432,0.3659568
6.712,0.6340432,0.3659568
6.713,0.6340432,0.3659568
6.714,0.6340432,0.3659568
6.715,0.6340432,0.3659568
6.716,0.6340432,0.3659568
6.717,0.6340432,0.3659568
6.718,0.6340432,0.3659568
6.719,0.6340432,0.3659568
6.72,0.6340432,0.3659568
6.721,0.6340432,0.3659568
6.722,0.6340432,0.3659568
6.723,0.6340432,0.3659568
6.724,0.6340432,0.3659568
6.725,0.6340432,0.3659568
6.726,0.6340432,0.3659568
6.727,0.6340432,0.3659568
6.728,0.6340432,0.3659568
6.729,0.6340432,0.3659568
6.73,0.6340432,0.3659568
6.731,0.6340432,0.3659568
6.732,0.6340432,0.3659568
6.733,0.6340432,0.3659568
6.734,0.6340432,0.3659568
6.735,0.6340432,0.3659568
6.736,0.6340432,0.3659568
6.737,0.6340432,0.3659568
6.738,0.6340432,0.3659568
6.739,0.6340432,0.3659568
6.74,0.6340432,0.3659568
6.741,0.6340432,0.3659568
6.742,0.6340432,0.3659568
6.743,0.6340432,0.3659568
6.744,0.6340432,0.3659568
6.745,0.6340432,0.3659568
6.746,0.6340432,0.3659568
6.747,0.6340432,0.3659568
6.748,0.6340432,0.3659568
6.749,0.6340432,0.3659568
6.75,0.6340432,0.3659568
6.751,0.6340432,0.3659568
6.752,0.6340432,0.3659568
6.753,0.6340432,0.3659568
6.754,0.6340432,0.3659568
6.755,0.6340432,0.3659568
6.756,0.6340432,0.3659568
6.757,0.6340432,0.3659568
6.758,0.6340432,0.3659568
6.759,0.6340432,0.3659568
6.76,0.6340432,0.3659568
6.761,0.6340432,0.3659568
6.762,0.6340432,0.3659568
6.763,0.6340432,0.3659568
6.764,0.6340432,0.3659568
6.765,0.6340432,0.3659568
6.766,0.6340432,0.3659568
6.767,0.6340432,0.3659568
6.768,0.6340432,0.3659568
6.769,0.6340432,0.3659568
6.77,0.6340432,0.3659568
6.771,0.6340432,0.3659568
6.772,0.6340432,0.3659568
6.773,0.6340432,0.3659568
6.774,0.6340432,0.3659568
6.775,0.6340432,0.3659568
6.776,0.6340432,0.3659568
6.777,0.6340432,0.3659568
6.778,0.6340432,0.3659568
6.779,0.6340432,0.3659568
6.78,0.6340432,0.3659568
6.781,0.6340432,0.3659568
6.782,0.6340432,0.3659568
6.783,0.6340432,0.3659568
6.784,0.6340432,0.3659568
6.785,0.6340432,0.3659568
6.786,0.6340432,0.3659568
6.787,0.6340432,0.3659568
6.788,0.6340432,0.3659568
6.789,0.6340432,0.3659568
6.79,0.6340432,0.3659568
6.791,0.6340432,0.3659568
6.792,0.6340432,0.3659568
6.793,0.6340432,0.3659568
6.794,0.6340432,0.3659568
6.795,0.6340432,0.3659568
6.796,0.6340432,0.3659568
6.797,0.6340432,0.3659568
6.798,0.6340432,0.3659568
6.799,0.6340432,0.3659568
6.8,0.6340432,0.3659568
6.801,0.6340432,0.3659568
6.802,0.6340432,0.3659568
6.803,0.6340432,0.3659568
6.804,0.6340432,0.3659568
6.805,0.6340432,0.3659568
6.806,0.6340432,0.3659568
6.807,0.6340432,0.3659568
6.808,0.6340432,0.3659568
6.809,0.6340432,0.3659568
6.81,0.6340432,0.3659568
6.811,0.6340432,0.3659568
6.812,0.6340432,0.3659568
6.813,0.6340432,0.3659568
6.814,0.6340432,0.3659568
6.815,0.6340432,0.3659568
6.816,0.6340432,0.3659568
6.817,0.6340432,0.3659568
6.818,0.6340432,0.3659568
6.819,0.6340432,0.3659568
6.82,0.6340432,0.3659568
6.821,0.6340432,0.3659568
6.822,0.6340432,0.3659568
6.823,0.6340432,0.3659568
6.824,0.6340432,0.3659568
6.825,0.6340432,0.3659568
6.826,0.6340432,0.3659568
6.827,0.6340432,0.3659568
6.828,0.6340432,0.3659568
6.829,0.6340432,0.3659568
6.83,0.6340432,0.3659568
6.831,0.6340432,0.3659568
6.832,0.6340432,0.3659568
6.833,0.6340432,0.3659568
6.834,0.6340432,0.3659568
6.835,0.6340432,0.3659568
6.836,0.6340432,0.3659568
6.837,0.6340432,0.3659568
6.838,0.6340432,0.3659568
6.839,0.6340432,0.3659568
6.84,0.6340432,0.3659568
6.841,0.6340432,0.3659568
6.842,0.6340432,0.3659568
6.843,0.6340432,0.3659568
6.844,0.6340432,0.3659568
6.845,0.6340432,0.3659568
6.846,0.6340432,0.3659568
6.847,0.6340432,0.3659568
6.848,0.6340432,0.3659568
6.849,0.6340432,0.3659568
6.85,0.6340432,0.3659568
6.851,0.6340432,0.3659568
6.852,0.6340432,0.3659568
6.853,0.6340432,0.3659568
6.854,0.6340432,0.3659568
6.855,0.6340432,0.3659568
6.856,0.6340432,0.3659568
6.857,0.6340432,0.3659568
6.858,0.6340432,0.3659568
6.859,0.6340432,0.3659568
6.86,0.6340432,0.3659568
6.861,0.6340432,0.3659568
6.862,0.6340432,0.3659568
6.863,0.6340432,0.3659568
6.864,0.6340432,0.3659568
6.865,0.6340432,0.3659568
6.866,0.6340432,0.3659568
6.867,0.6340432,0.3659568
6.868,0.6340432,0.3659568
6.869,0.6340432,0.3659568
6.87,0.6340432,0.3659568
6.871,0.6340432,0.3659568
6.872,0.6340432,0.3659568
6.873,0.6340432,0.3659568
6.874,0.6340432,0.3659568
6.875,0.6340432,0.3659568
6.876,0.6340432,0.3659568
6.877,0.6340432,0.3659568
6.878,0.6340432,0.3659568
6.879,0.6340432,0.3659568
6.88,0.6340432,0.3659568
6.881,0.6340432,0.3659568
6.882,0.6340432,0.3659568
6.883,0.6340432,0.3659568
6.884,0.6340432,0.3659568
6.885,0.6340432,0.3659568
6.886,0.6340432,0.3659568
6.887,0.6340432,0.3659568
6.888,0.6340432,0.3659568
6.889,0.6340432,0.3659568
6.89,0.6340432,0.3659568
6.891,0.6340432,0.3659568
6.892,0.6340432,0.3659568
6.893,0.6340432,0.3659568
6.894,0.6340432,0.3659568
6.895,0.6340432,0.3659568
6.896,0.6340432,0.3659568
6.897,0.6340432,0.3659568
6.898,0.6340432,0.3659568
6.899,0.6340432,0.3659568
6.9,0.6340432,0.3659568
6.901,0.6340432,0.3659568
6.902,0.6340432,0.3659568
6.903,0.6340432,0.3659568
6.904,0.6340432,0.3659568
6.905,0.6340432,0.3659568
6.906,0.6340432,0.3659568
6.907,0.6340432,0.3659568
6.908,0.6340432,0.3659568
6.909,0.6340432,0.3659568
6.91,0.6340432,0.3659568
6.911,0.6340432,0.3659568
6.912,0.6340432,0.3659568
6.913,0.6340432,0.3659568
6.914,0.6340432,0.3659568
6.915,0.6340432,0.3659568
6.916,0.6340432,0.3659568
6.917,0.6340432,0.3659568
6.918,0.6340432,0.3659568
6.919,0.6340432,0.3659568
6.92,0.6340432,0.3659568
6.921,0.6340432,0.3659568
6.922,0.6340432,0.3659568
6.923,0.6340432,0.3659568
6.924,0.6340432,0.3659568
6.925,0.6340432,0.3659568
6.926,0.6340432,0.3659568
6.927,0.6340432,0.3659568
6.928,0.6340432,0.3659568
6.929,0.6340432,0.3659568
6.93,0.6340432,0.3659568
6.931,0.6340432,0.3659568
6.932,0.6340432,0.3659568
6.933,0.6340432,0.3659568
6.934,0.6340432,0.3659568
6.935,0.6340432,0.3659568
6.936,0.6340432,0.3659568
6.937,0.6340432,0.3659568
6.938,0.6340432,0.3659568
6.939,0.6340432,0.3659568
6.94,0.6340432,0.3659568
6.941,0.6340432,0.3659568
6.942,0.6340432,0.3659568
6.943,0.6340432,0.3659568
6.944,0.6340432,0.3659568
6.945,0.6340432,0.3659568
6.946,0.6340432,0.3659568
6.947,0.6340432,0.3659568
6.948,0.6340432,0.3659568
6.949,0.6340432,0.3659568
6.95,0.6340432,0.3659568
6.951,0.6340432,0.3659568
6.952,0.6340432,0.3659568
6.953,0.6340432,0.3659568
6.954,0.6340432,0.3659568
6.955,0.6340432,0.3659568
6.956,0.6340432,0.3659568
6.957,0.6340432,0.3659568
6.958,0.6340432,0.3659568
6.959,0.6340432,0.3659568
6.96,0.6340432,0.3659568
6.961,0.6340432,0.3659568
6.962,0.6340432,0.3659568
6.963,0.6340432,0.3659568
6.964,0.6340432,0.3659568
6.965,0.6340432,0.3659568
6.966,0.6340432,0.3659568
6.967,0.6340432,0.3659568
6.968,0.6340432,0.3659568
6.969,0.6340432,0.3659568
6.97,0.6340432,0.3659568
6.971,0.6340432,0.3659568
6.972,0.6340432,0.3659568
6.973,0.6340432,0.3659568
6.974,0.6340432,0.3659568
6.975,0.6340432,0.3659568
6.976,0.6340432,0.3659568
6.977,0.6340432,0.3659568
6.978,0.6340432,0.3659568
6.979,0.6340432,0.3659568
6.98,0.6340432,0.3659568
6.981,0.6340432,0.3659568
6.982,0.6340432,0.3659568
6.983,0.6340432,0.3659568
6.984,0.6340432,0.3659568
6.985,0.6340432,0.3659568
6.986,0.6340432,0.3659568
6.987,0.6340432,0.3659568
6.988,0.6340432,0.3659568
6.989,0.6340432,0.3659568
6.99,0.6340432,0.3659568
6.991,0.6340432,0.3659568
6.992,0.6340432,0.3659568
6.993,0.6340432,0.3659568
6.994,0.6340432,0.3659568
6.995,0.6340432,0.3659568
6.996,0.6340432,0.3659568
6.997,0.6340432,0.3659568
6.998,0.6340432,0.3659568
6.999,0.6340432,0.3659568
7.0,0.6340432,0.3659568
7.001,0.6340432,0.3659568
7.002,0.6340432,0.3659568
7.003,0.6340432,0.3659568
7.004,0.6340432,0.3659568
7.005,0.6340432,0.3659568
7.006,0.6340432,0.3659568
7.007,0.6340432,0.3659568
7.008,0.6340432,0.3659568
7.009,0.6340432,0.3659568
7.01,0.6340432,0.3659568
7.011,0.6340432,0.3659568
7.012,0.6340432,0.3659568
7.013,0.6340432,0.3659568
7.014,0.6340432,0.3659568
7.015,0.6340432,0.3659568
7.016,0.6340432,0.3659568
7.017,0.6340432,0.3659568
7.018,0.6340432,0.3659568
7.019,0.6340432,0.3659568
7.02,0.6340432,0.3659568
7.021,0.6340432,0.3659568
7.022,0.6340432,0.3659568
7.023,0.6340432,0.3659568
7.024,0.6340432,0.3659568
7.025,0.6340432,0.3659568
7.026,0.6340432,0.3659568
7.027,0.6340432,0.3659568
7.028,0.6340432,0.3659568
7.029,0.6340432,0.3659568
7.03,0.6340432,0.3659568
7.031,0.6340432,0.3659568
7.032,0.6340432,0.3659568
7.033,0.6340432,0.3659568
7.034,0.6340432,0.3659568
7.035,0.6340432,0.3659568
7.036,0.6340432,0.3659568
7.037,0.6340432,0.3659568
7.038,0.6340432,0.3659568
7.039,0.6340432,0.3659568
7.04,0.6340432,0.3659568
7.041,0.6340432,0.3659568
7.042,0.6340432,0.3659568
7.043,0.6340432,0.3659568
7.044,0.6340432,0.3659568
7.045,0.6340432,0.3659568
7.046,0.6340432,0.3659568
7.047,0.6340432,0.3659568
7.048,0.6340432,0.3659568
7.049,0.6340432,0.3659568
7.05,0.6340432,0.3659568
7.051,0.6340432,0.3659568
7.052,0.6340432,0.3659568
7.053,0.6340432,0.3659568
7.054,0.6340432,0.3659568
7.055,0.6340432,0.3659568
7.056,0.6340432,0.3659568
7.057,0.6340432,0.3659568
7.058,0.6340432,0.3659568
7.059,0.6340432,0.3659568
7.06,0.6340432,0.3659568
7.061,0.6340432,0.3659568
7.062,0.6340432,0.3659568
7.063,0.6340432,0.3659568
7.064,0.6340432,0.3659568
7.065,0.6340432,0.3659568
7.066,0.6340432,0.3659568
7.067,0.6340432,0.3659568
7.068,0.6340432,0.3659568
7.069,0.6340432,0.3659568
7.07,0.6340432,0.3659568
7.071,0.6340432,0.3659568
7.072,0.6340432,0.3659568
7.073,0.6340432,0.3659568
7.074,0.6340432,0.3659568
7.075,0.6340432,0.3659568
7.076,0.6340432,0.3659568
7.077,0.6340432,0.3659568
7.078,0.6340432,0.3659568
7.079,0.6340432,0.3659568
7.08,0.6340432,0.3659568
7.081,0.6340432,0.3659568
7.082,0.6340432,0.3659568
7.083,0.6340432,0.3659568
7.084,0.6340432,0.3659568
7.085,0.6340432,0.3659568
7.086,0.6340432,0.3659568
7.087,0.6340432,0.3659568
7.088,0.6340432,0.3659568
7.089,0.6340432,0.3659568
7.09,0.6340432,0.3659568
7.091,0.6340432,0.3659568
7.092,0.6340432,0.3659568
7.093,0.6340432,0.3659568
7.094,0.6340432,0.3659568
7.095,0.6340432,0.3659568
7.096,0.6340432,0.3659568
7.097,0.6340432,0.3659568
7.098,0.6340432,0.3659568
7.099,0.6340432,0.3659568
7.1,0.6340432,0.3659568
7.101,0.6340432,0.3659568
7.102,0.6340432,0.3659568
7.103,0.6340432,0.3659568
7.104,0.6340432,0.3659568
7.105,0.6340432,0.3659568
7.106,0.6340432,0.3659568
7.107,0.6340432,0.3659568
7.108,0.6340432,0.3659568
7.109,0.6340432,0.3659568
7.11,0.6340432,0.3659568
7.111,0.6340432,0.3659568
7.112,0.6340432,0.3659568
7.113,0.6340432,0.3659568
7.114,0.6340432,0.3659568
7.115,0.6340432,0.3659568
7.116,0.6340432,0.3659568
7.117,0.6340432,0.3659568
7.118,0.6340432,0.3659568
7.119,0.6340432,0.3659568
7.12,0.6340432,0.3659568
7.121,0.6340432,0.3659568
7.122,0.6340432,0.3659568
7.123,0.6340432,0.3659568
7.124,0.6340432,0.3659568
7.125,0.6340432,0.3659568
7.126,0.6340432,0.3659568
7.127,0.6340432,0.3659568
7.128,0.6340432,0.3659568
7.129,0.6340432,0.3659568
7.13,0.6340432,0.3659568
7.131,0.6340432,0.3659568
7.132,0.6340432,0.3659568
7.133,0.6340432,0.3659568
7.134,0.6340432,0.3659568
7.135,0.6340432,0.3659568
7.136,0.6340432,0.3659568
7.137,0.6340432,0.3659568
7.138,0.6340432,0.3659568
7.139,0.6340432,0.3659568
7.14,0.6340432,0.3659568
7.141,0.6340432,0.3659568
7.142,0.6340432,0.3659568
7.143,0.6340432,0.3659568
7.144,0.6340432,0.3659568
7.145,0.6340432,0.3659568
7.146,0.6340432,0.3659568
7.147,0.6340432,0.3659568
7.148,0.6340432,0.3659568
7.149,0.6340432,0.3659568
7.15,0.6340432,0.3659568
7.151,0.6340432,0.3659568
7.152,0.6340432,0.3659568
7.153,0.6340432,0.3659568
7.154,0.6340432,0.3659568
7.155,0.6340432,0.3659568
7.156,0.6340432,0.3659568
7.157,0.6340432,0.3659568
7.158,0.6340432,0.3659568
7.159,0.6340432,0.3659568
7.16,0.6340432,0.3659568
7.161,0.6340432,0.3659568
7.162,0.6340432,0.3659568
7.163,0.6340432,0.3659568
7.164,0.6340432,0.3659568
7.165,0.6340432,0.3659568
7.166,0.6340432,0.3659568
7.167,0.6340432,0.3659568
7.168,0.6340432,0.3659568
7.169,0.6340432,0.3659568
7.17,0.6340432,0.3659568
7.171,0.6340432,0.3659568
7.172,0.6340432,0.3659568
7.173,0.6340432,0.3659568
7.174,0.6340432,0.3659568
7.175,0.6340432,0.3659568
7.176,0.6340432,0.3659568
7.177,0.6340432,0.3659568
7.178,0.6340432,0.3659568
7.179,0.6340432,0.3659568
7.18,0.6340432,0.3659568
7.181,0.6340432,0.3659568
7.182,0.6340432,0.3659568
7.183,0.6340432,0.3659568
7.184,0.6340432,0.3659568
7.185,0.6340432,0.3659568
7.186,0.6340432,0.3659568
7.187,0.6340432,0.3659568
7.188,0.6340432,0.3659568
7.189,0.6340432,0.3659568
7.19,0.6340432,0.3659568
7.191,0.6340432,0.3659568
7.192,0.6340432,0.3659568
7.193,0.6340432,0.3659568
7.194,0.6340432,0.3659568
7.195,0.6340432,0.3659568
7.196,0.6340432,0.3659568
7.197,0.6340432,0.3659568
7.198,0.6340432,0.3659568
7.199,0.6340432,0.3659568
7.2,0.6340432,0.3659568
7.201,0.6340432,0.3659568
7.202,0.6340432,0.3659568
7.203,0.6340432,0.3659568
7.204,0.6340432,0.3659568
7.205,0.6340432,0.3659568
7.206,0.6340432,0.3659568
7.207,0.6340432,0.3659568
7.208,0.6340432,0.3659568
7.209,0.6340432,0.3659568
7.21,0.6340432,0.3659568
7.211,0.6340432,0.3659568
7.212,0.6340432,0.3659568
7.213,0.6340432,0.3659568
7.214,0.6340432,0.3659568
7.215,0.6340432,0.3659568
7.216,0.6340432,0.3659568
7.217,0.6340432,0.3659568
7.218,0.6340432,0.3659568
7.219,0.6340432,0.3659568
7.22,0.6340432,0.3659568
7.221,0.6340432,0.3659568
7.222,0.6340432,0.3659568
7.223,0.6340432,0.3659568
7.224,0.6340432,0.3659568
7.225,0.6340432,0.3659568
7.226,0.6340432,0.3659568
7.227,0.6340432,0.3659568
7.228,0.6340432,0.3659568
7.229,0.6340432,0.3659568
7.23,0.6340432,0.3659568
7.231,0.6340432,0.3659568
7.232,0.6340432,0.3659568
7.233,0.6340432,0.3659568
7.234,0.6340432,0.3659568
7.235,0.6340432,0.3659568
7.236,0.6340432,0.3659568
7.237,0.6340432,0.3659568
7.238,0.6340432,0.3659568
7.239,0.6340432,0.3659568
7.24,0.6340432,0.3659568
7.241,0.6340432,0.3659568
7.242,0.6340432,0.3659568
7.243,0.6340432,0.3659568
7.244,0.6340432,0.3659568
7.245,0.6340432,0.3659568
7.246,0.6340432,0.3659568
7.247,0.6340432,0.3659568
7.248,0.6340432,0.3659568
7.249,0.6340432,0.3659568
7.25,0.6340432,0.3659568
7.251,0.6340432,0.3659568
7.252,0.6340432,0.3659568
7.253,0.6340432,0.3659568
7.254,0.6340432,0.3659568
7.255,0.6340432,0.3659568
7.256,0.6340432,0.3659568
7.257,0.6340432,0.3659568
7.258,0.6340432,0.3659568
7.259,0.6340432,0.3659568
7.26,0.6340432,0.3659568
7.261,0.6340432,0.3659568
7.262,0.6340432,0.3659568
7.263,0.6340432,0.3659568
7.264,0.6340432,0.3659568
7.265,0.6340432,0.3659568
7.266,0.6340432,0.3659568
7.267,0.6340432,0.3659568
7.268,0.6340432,0.3659568
7.269,0.6340432,0.3659568
7.27,0.6340432,0.3659568
7.271,0.6340432,0.3659568
7.272,0.6340432,0.3659568
7.273,0.6340432,0.3659568
7.274,0.6340432,0.3659568
7.275,0.6340432,0.3659568
7.276,0.6340432,0.3659568
7.277,0.6340432,0.3659568
7.278,0.6340432,0.3659568
7.279,0.6340432,0.3659568
7.28,0.6340432,0.3659568
7.281,0.6340432,0.3659568
7.282,0.6340432,0.3659568
7.283,0.6340432,0.3659568
7.284,0.6340432,0.3659568
7.285,0.6340432,0.3659568
7.286,0.6340432,0.3659568
7.287,0.6340432,0.3659568
7.288,0.6340432,0.3659568
7.289,0.6340432,0.3659568
7.29,0.6340432,0.3659568
7.291,0.6340432,0.3659568
7.292,0.6340432,0.3659568
7.293,0.6340432,0.3659568
7.294,0.6340432,0.3659568
7.295,0.6340432,0.3659568
7.296,0.6340432,0.3659568
7.297,0.6340432,0.3659568
7.298,0.6340432,0.3659568
7.299,0.6340432,0.3659568
7.3,0.6340432,0.3659568
7.301,0.6340432,0.3659568
7.302,0.6340432,0.3659568
7.303,0.6340432,0.3659568
7.304,0.6340432,0.3659568
7.305,0.6340432,0.3659568
7.306,0.6340432,0.3659568
7.307,0.6340432,0.3659568
7.308,0.6340432,0.3659568
7.309,0.6340432,0.3659568
7.31,0.6340432,0.3659568
7.311,0.6340432,0.3659568
7.312,0.6340432,0.3659568
7.313,0.6340432,0.3659568
7.314,0.6340432,0.3659568
7.315,0.6340432,0.3659568
7.316,0.6340432,0.3659568
7.317,0.6340432,0.3659568
7.318,0.6340432,0.3659568
7.319,0.6340432,0.3659568
7.32,0.6340432,0.3659568
7.321,0.6340432,0.3659568
7.322,0.6340432,0.3659568
7.323,0.6340432,0.3659568
7.324,0.6340432,0.3659568
7.325,0.6340432,0.3659568
7.326,0.6340432,0.3659568
7.327,0.6340432,0.3659568
7.328,0.6340432,0.3659568
7.329,0.6340432,0.3659568
7.33,0.6340432,0.3659568
7.331,0.6340432,0.3659568
7.332,0.6340432,0.3659568
7.333,0.6340432,0.3659568
7.334,0.6340432,0.3659568
7.335,0.6340432,0.3659568
7.336,0.6340432,0.3659568
7.337,0.6340432,0.3659568
7.338,0.6340432,0.3659568
7.339,0.6340432,0.3659568
7.34,0.6340432,0.3659568
7.341,0.6340432,0.3659568
7.342,0.6340432,0.3659568
7.343,0.6340432,0.3659568
7.344,0.6340432,0.3659568
7.345,0.6340432,0.3659568
7.346,0.6340432,0.3659568
7.347,0.6340432,0.3659568
7.348,0.6340432,0.3659568
7.349,0.6340432,0.3659568
7.35,0.6340432,0.3659568
7.351,0.6340432,0.3659568
7.352,0.6340432,0.3659568
7.353,0.6340432,0.3659568
7.354,0.6340432,0.3659568
7.355,0.6340432,0.3659568
7.356,0.6340432,0.3659568
7.357,0.6340432,0.3659568
7.358,0.6340432,0.3659568
7.359,0.6340432,0.3659568
7.36,0.6340432,0.3659568
7.361,0.6340432,0.3659568
7.362,0.6340432,0.3659568
7.363,0.6340432,0.3659568
7.364,0.6340432,0.3659568
7.365,0.6340432,0.3659568
7.366,0.6340432,0.3659568
7.367,0.6340432,0.3659568
7.368,0.6340432,0.3659568
7.369,0.6340432,0.3659568
7.37,0.6340432,0.3659568
7.371,0.6340432,0.3659568
7.372,0.6340432,0.3659568
7.373,0.6340432,0.3659568
7.374,0.6340432,0.3659568
7.375,0.6340432,0.3659568
7.376,0.6340432,0.3659568
7.377,0.6340432,0.3659568
7.378,0.6340432,0.3659568
7.379,0.6340432,0.3659568
7.38,0.6340432,0.3659568
7.381,0.6340432,0.3659568
7.382,0.6340432,0.3659568
7.383,0.6340432,0.3659568
7.384,0.6340432,0.3659568
7.385,0.6340432,0.3659568
7.386,0.6340432,0.3659568
7.387,0.6340432,0.3659568
7.388,0.6340432,0.3659568
7.389,0.6340432,0.3659568
7.39,0.6340432,0.3659568
7.391,0.6340432,0.3659568
7.392,0.6340432,0.3659568
7.393,0.6340432,0.3659568
7.394,0.6340432,0.3659568
7.395,0.6340432,0.3659568
7.396,0.6340432,0.3659568
7.397,0.6340432,0.3659568
7.398,0.6340432,0.3659568
7.399,0.6340432,0.3659568
7.4,0.6340432,0.3659568
7.401,0.6340432,0.3659568
7.402,0.6340432,0.3659568
7.403,0.6340432,0.3659568
7.404,0.6340432,0.3659568
7.405,0.6340432,0.3659568
7.406,0.6340432,0.3659568
7.407,0.6340432,0.3659568
7.408,0.6340432,0.3659568
7.409,0.6340432,0.3659568
7.41,0.6340432,0.3659568
7.411,0.6340432,0.3659568
7.412,0.6340432,0.3659568
7.413,0.6340432,0.3659568
7.414,0.6340432,0.3659568
7.415,0.6340432,0.3659568
7.416,0.6340432,0.3659568
7.417,0.6340432,0.3659568
7.418,0.6340432,0.3659568
7.419,0.6340432,0.3659568
7.42,0.6340432,0.3659568
7.421,0.6340432,0.3659568
7.422,0.6340432,0.3659568
7.423,0.6340432,0.3659568
7.424,0.6340432,0.3659568
7.425,0.6340432,0.3659568
7.426,0.6340432,0.3659568
7.427,0.6340432,0.3659568
7.428,0.6340432,0.3659568
7.429,0.6340432,0.3659568
7.43,0.6340432,0.3659568
7.431,0.6340432,0.3659568
7.432,0.6340432,0.3659568
7.433,0.6340432,0.3659568
7.434,0.6340432,0.3659568
7.435,0.6340432,0.3659568
7.436,0.6340432,0.3659568
7.437,0.6340432,0.3659568
7.438,0.6340432,0.3659568
7.439,0.6340432,0.3659568
7.44,0.6340432,0.3659568
7.441,0.6340432,0.3659568
7.442,0.6340432,0.3659568
7.443,0.6340432,0.3659568
7.444,0.6340432,0.3659568
7.445,0.6340432,0.3659568
7.446,0.6340432,0.3659568
7.447,0.6340432,0.3659568
7.448,0.6340432,0.3659568
7.449,0.6340432,0.3659568
7.45,0.6340432,0.3659568
7.451,0.6340432,0.3659568
7.452,0.6340432,0.3659568
7.453,0.6340432,0.3659568
7.454,0.6340432,0.3659568
7.455,0.6340432,0.3659568
7.456,0.6340432,0.3659568
7.457,0.6340432,0.3659568
7.458,0.6340432,0.3659568
7.459,0.6340432,0.3659568
7.46,0.6340432,0.3659568
7.461,0.6340432,0.3659568
7.462,0.6340432,0.3659568
7.463,0.6340432,0.3659568
7.464,0.6340432,0.3659568
7.465,0.6340432,0.3659568
7.466,0.6340432,0.3659568
7.467,0.6340432,0.3659568
7.468,0.6340432,0.3659568
7.469,0.6340432,0.3659568
7.47,0.6340432,0.3659568
7.471,0.6340432,0.3659568
7.472,0.6340432,0.3659568
7.473,0.6340432,0.3659568
7.474,0.6340432,0.3659568
7.475,0.6340432,0.3659568
7.476,0.6340432,0.3659568
7.477,0.6340432,0.3659568
7.478,0.6340432,0.3659568
7.479,0.6340432,0.3659568
7.48,0.6340432,0.3659568
7.481,0.6340432,0.3659568
7.482,0.6340432,0.3659568
7.483,0.6340432,0.3659568
7.484,0.6340432,0.3659568
7.485,0.6340432,0.3659568
7.486,0.6340432,0.3659568
7.487,0.6340432,0.3659568
7.488,0.6340432,0.3659568
7.489,0.6340432,0.3659568
7.49,0.6340432,0.3659568
7.491,0.6340432,0.3659568
7.492,0.6340432,0.3659568
7.493,0.6340432,0.3659568
7.494,0.6340432,0.3659568
7.495,0.6340432,0.3659568
7.496,0.6340432,0.3659568
7.497,0.6340432,0.3659568
7.498,0.6340432,0.3659568
7.499,0.6340432,0.3659568
7.5,0.6340432,0.3659568
7.501,0.6340432,0.3659568
7.502,0.6340432,0.3659568
7.503,0.6340432,0.3659568
7.504,0.6340432,0.3659568
7.505,0.6340432,0.3659568
7.506,0.6340432,0.3659568
7.507,0.6340432,0.3659568
7.508,0.6340432,0.3659568
7.509,0.6340432,0.3659568
7.51,0.6340432,0.3659568
7.511,0.6340432,0.3659568
7.512,0.6340432,0.3659568
7.513,0.6340432,0.3659568
7.514,0.6340432,0.3659568
7.515,0.6340432,0.3659568
7.516,0.6340432,0.3659568
7.517,0.6340432,0.3659568
7.518,0.6340432,0.3659568
7.519,0.6340432,0.3659568
7.52,0.6340432,0.3659568
7.521,0.6340432,0.3659568
7.522,0.6340432,0.3659568
7.523,0.6340432,0.3659568
7.524,0.6340432,0.3659568
7.525,0.6340432,0.3659568
7.526,0.6340432,0.3659568
7.527,0.6340432,0.3659568
7.528,0.6340432,0.3659568
7.529,0.6340432,0.3659568
7.53,0.6340432,0.3659568
7.531,0.6340432,0.3659568
7.532,0.6340432,0.3659568
7.533,0.6340432,0.3659568
7.534,0.6340432,0.3659568
7.535,0.6340432,0.3659568
7.536,0.6340432,0.3659568
7.537,0.6340432,0.3659568
7.538,0.6340432,0.3659568
7.539,0.6340432,0.3659568
7.54,0.6340432,0.3659568
7.541,0.6340432,0.3659568
7.542,0.6340432,0.3659568
7.543,0.6340432,0.3659568
7.544,0.6340432,0.3659568
7.545,0.6340432,0.3659568
7.546,0.6340432,0.3659568
7.547,0.6340432,0.3659568
7.548,0.6340432,0.3659568
7.549,0.6340432,0.3659568
7.55,0.6340432,0.3659568
7.551,0.6340432,0.3659568
7.552,0.6340432,0.3659568
7.553,0.6340432,0.3659568
7.554,0.6340432,0.3659568
7.555,0.6340432,0.3659568
7.556,0.6340432,0.3659568
7.557,0.6340432,0.3659568
7.558,0.6340432,0.3659568
7.559,0.6340432,0.3659568
7.56,0.6340432,0.3659568
7.561,0.6340432,0.3659568
7.562,0.6340432,0.3659568
7.563,0.6340432,0.3659568
7.564,0.6340432,0.3659568
7.565,0.6340432,0.3659568
7.566,0.6340432,0.3659568
7.567,0.6340432,0.3659568
7.568,0.6340432,0.3659568
7.569,0.6340432,0.3659568
7.57,0.6340432,0.3659568
7.571,0.6340432,0.3659568
7.572,0.6340432,0.3659568
7.573,0.6340432,0.3659568
7.574,0.6340432,0.3659568
7.575,0.6340432,0.3659568
7.576,0.6340432,0.3659568
7.577,0.6340432,0.3659568
7.578,0.6340432,0.3659568
7.579,0.6340432,0.3659568
7.58,0.6340432,0.3659568
7.581,0.6340432,0.3659568
7.582,0.6340432,0.3659568
7.583,0.6340432,0.3659568
7.584,0.6340432,0.3659568
7.585,0.6340432,0.3659568
7.586,0.6340432,0.3659568
7.587,0.6340432,0.3659568
7.588,0.6340432,0.3659568
7.589,0.6340432,0.3659568
7.59,0.6340432,0.3659568
7.591,0.6340432,0.3659568
7.592,0.6340432,0.3659568
7.593,0.6340432,0.3659568
7.594,0.6340432,0.3659568
7.595,0.6340432,0.3659568
7.596,0.6340432,0.3659568
7.597,0.6340432,0.3659568
7.598,0.6340432,0.3659568
7.599,0.6340432,0.3659568
7.6,0.6340432,0.3659568
7.601,0.6340432,0.3659568
7.602,0.6340432,0.3659568
7.603,0.6340432,0.3659568
7.604,0.6340432,0.3659568
7.605,0.6340432,0.3659568
7.606,0.6340432,0.3659568
7.607,0.6340432,0.3659568
7.608,0.6340432,0.3659568
7.609,0.6340432,0.3659568
7.61,0.6340432,0.3659568
7.611,0.6340432,0.3659568
7.612,0.6340432,0.3659568
7.613,0.6340432,0.3659568
7.614,0.6340432,0.3659568
7.615,0.6340432,0.3659568
7.616,0.6340432,0.3659568
7.617,0.6340432,0.3659568
7.618,0.6340432,0.3659568
7.619,0.6340432,0.3659568
7.62,0.6340432,0.3659568
7.621,0.6340432,0.3659568
7.622,0.6340432,0.3659568
7.623,0.6340432,0.3659568
7.624,0.6340432,0.3659568
7.625,0.6340432,0.3659568
7.626,0.6340432,0.3659568
7.627,0.6340432,0.3659568
7.628,0.6340432,0.3659568
7.629,0.6340432,0.3659568
7.63,0.6340432,0.3659568
7.631,0.6340432,0.3659568
7.632,0.6340432,0.3659568
7.633,0.6340432,0.3659568
7.634,0.6340432,0.3659568
7.635,0.6340432,0.3659568
7.636,0.6340432,0.3659568
7.637,0.6340432,0.3659568
7.638,0.6340432,0.3659568
7.639,0.6340432,0.3659568
7.64,0.6340432,0.3659568
7.641,0.6340432,0.3659568
7.642,0.6340432,0.3659568
7.643,0.6340432,0.3659568
7.644,0.6340432,0.3659568
7.645,0.6340432,0.3659568
7.646,0.6340432,0.3659568
7.647,0.6340432,0.3659568
7.648,0.6340432,0.3659568
7.649,0.6340432,0.3659568
7.65,0.6340432,0.3659568
7.651,0.6340432,0.3659568
7.652,0.6340432,0.3659568
7.653,0.6340432,0.3659568
7.654,0.6340432,0.3659568
7.655,0.6340432,0.3659568
7.656,0.6340432,0.3659568
7.657,0.6340432,0.3659568
7.658,0.6340432,0.3659568
7.659,0.6340432,0.3659568
7.66,0.6340432,0.3659568
7.661,0.6340432,0.3659568
7.662,0.6340432,0.3659568
7.663,0.6340432,0.3659568
7.664,0.6340432,0.3659568
7.665,0.6340432,0.3659568
7.666,0.6340432,0.3659568
7.667,0.6340432,0.3659568
7.668,0.6340432,0.3659568
7.669,0.6340432,0.3659568
7.67,0.6340432,0.3659568
7.671,0.6340432,0.3659568
7.672,0.6340432,0.3659568
7.673,0.6340432,0.3659568
7.674,0.6340432,0.3659568
7.675,0.6340432,0.3659568
7.676,0.6340432,0.3659568
7.677,0.6340432,0.3659568
7.678,0.6340432,0.3659568
7.679,0.6340432,0.3659568
7.68,0.6340432,0.3659568
7.681,0.6340432,0.3659568
7.682,0.6340432,0.3659568
7.683,0.6340432,0.3659568
7.684,0.6340432,0.3659568
7.685,0.6340432,0.3659568
7.686,0.6340432,0.3659568
7.687,0.6340432,0.3659568
7.688,0.6340432,0.3659568
7.689,0.6340432,0.3659568
7.69,0.6340432,0.3659568
7.691,0.6340432,0.3659568
7.692,0.6340432,0.3659568
7.693,0.6340432,0.3659568
7.694,0.6340432,0.3659568
7.695,0.6340432,0.3659568
7.696,0.6340432,0.3659568
7.697,0.6340432,0.3659568
7.698,0.6340432,0.3659568
7.699,0.6340432,0.3659568
7.7,0.6340432,0.3659568
7.701,0.6340432,0.3659568
7.702,0.6340432,0.3659568
7.703,0.6340432,0.3659568
7.704,0.6340432,0.3659568
7.705,0.6340432,0.3659568
7.706,0.6340432,0.3659568
7.707,0.6340432,0.3659568
7.708,0.6340432,0.3659568
7.709,0.6340432,0.3659568
7.71,0.6340432,0.3659568
7.711,0.6340432,0.3659568
7.712,0.6340432,0.3659568
7.713,0.6340432,0.3659568
7.714,0.6340432,0.3659568
7.715,0.6340432,0.3659568
7.716,0.6340432,0.3659568
7.717,0.6340432,0.3659568
7.718,0.6340432,0.3659568
7.719,0.6340432,0.3659568
7.72,0.6340432,0.3659568
7.721,0.6340432,0.3659568
7.722,0.6340432,0.3659568
7.723,0.6340432,0.3659568
7.724,0.6340432,0.3659568
7.725,0.6340432,0.3659568
7.726,0.6340432,0.3659568
7.727,0.6340432,0.3659568
7.728,0.6340432,0.3659568
7.729,0.6340432,0.3659568
7.73,0.6340432,0.3659568
7.731,0.6340432,0.3659568
7.732,0.6340432,0.3659568
7.733,0.6340432,0.3659568
7.734,0.6340432,0.3659568
7.735,0.6340432,0.3659568
7.736,0.6340432,0.3659568
7.737,0.6340432,0.3659568
7.738,0.6340432,0.3659568
7.739,0.6340432,0.3659568
7.74,0.6340432,0.3659568
7.741,0.6340432,0.3659568
7.742,0.6340432,0.3659568
7.743,0.6340432,0.3659568
7.744,0.6340432,0.3659568
7.745,0.6340432,0.3659568
7.746,0.6340432,0.3659568
7.747,0.6340432,0.3659568
7.748,0.6340432,0.3659568
7.749,0.6340432,0.3659568
7.75,0.6340432,0.3659568
7.751,0.6340432,0.3659568
7.752,0.6340432,0.3659568
7.753,0.6340432,0.3659568
7.754,0.6340432,0.3659568
7.755,0.6340432,0.3659568
7.756,0.6340432,0.3659568
7.757,0.6340432,0.3659568
7.758,0.6340432,0.3659568
7.759,0.6340432,0.3659568
7.76,0.6340432,0.3659568
7.761,0.6340432,0.3659568
7.762,0.6340432,0.3659568
7.763,0.6340432,0.3659568
7.764,0.6340432,0.3659568
7.765,0.6340432,0.3659568
7.766,0.6340432,0.3659568
7.767,0.6340432,0.3659568
7.768,0.6340432,0.3659568
7.769,0.6340432,0.3659568
7.77,0.6340432,0.3659568
7.771,0.6340432,0.3659568
7.772,0.6340432,0.3659568
7.773,0.6340432,0.3659568
7.774,0.6340432,0.3659568
7.775,0.6340432,0.3659568
7.776,0.6340432,0.3659568
7.777,0.6340432,0.3659568
7.778,0.6340432,0.3659568
7.779,0.6340432,0.3659568
7.78,0.6340432,0.3659568
7.781,0.6340432,0.3659568
7.782,0.6340432,0.3659568
7.783,0.6340432,0.3659568
7.784,0.6340432,0.3659568
7.785,0.6340432,0.3659568
7.786,0.6340432,0.3659568
7.787,0.6340432,0.3659568
7.788,0.6340432,0.3659568
7.789,0.6340432,0.3659568
7.79,0.6340432,0.3659568
7.791,0.6340432,0.3659568
7.792,0.6340432,0.3659568
7.793,0.6340432,0.3659568
7.794,0.6340432,0.3659568
7.795,0.6340432,0.3659568
7.796,0.6340432,0.3659568
7.797,0.6340432,0.3659568
7.798,0.6340432,0.3659568
7.799,0.6340432,0.3659568
7.8,0.6340432,0.3659568
7.801,0.6340432,0.3659568
7.802,0.6340432,0.3659568
7.803,0.6340432,0.3659568
7.804,0.6340432,0.3659568
7.805,0.6340432,0.3659568
7.806,0.6340432,0.3659568
7.807,0.6340432,0.3659568
7.808,0.6340432,0.3659568
7.809,0.6340432,0.3659568
7.81,0.6340432,0.3659568
7.811,0.6340432,0.3659568
7.812,0.6340432,0.3659568
7.813,0.6340432,0.3659568
7.814,0.6340432,0.3659568
7.815,0.6340432,0.3659568
7.816,0.6340432,0.3659568
7.817,0.6340432,0.3659568
7.818,0.6340432,0.3659568
7.819,0.6340432,0.3659568
7.82,0.6340432,0.3659568
7.821,0.6340432,0.3659568
7.822,0.6340432,0.3659568
7.823,0.6340432,0.3659568
7.824,0.6340432,0.3659568
7.825,0.6340432,0.3659568
7.826,0.6340432,0.3659568
7.827,0.6340432,0.3659568
7.828,0.6340432,0.3659568
7.829,0.6340432,0.3659568
7.83,0.6340432,0.3659568
7.831,0.6340432,0.3659568
7.832,0.6340432,0.3659568
7.833,0.6340432,0.3659568
7.834,0.6340432,0.3659568
7.835,0.6340432,0.3659568
7.836,0.6340432,0.3659568
7.837,0.6340432,0.3659568
7.838,0.6340432,0.3659568
7.839,0.6340432,0.3659568
7.84,0.6340432,0.3659568
7.841,0.6340432,0.3659568
7.842,0.6340432,0.3659568
7.843,0.6340432,0.3659568
7.844,0.6340432,0.3659568
7.845,0.6340432,0.3659568
7.846,0.6340432,0.3659568
7.847,0.6340432,0.3659568
7.848,0.6340432,0.3659568
7.849,0.6340432,0.3659568
7.85,0.6340432,0.3659568
7.851,0.6340432,0.3659568
7.852,0.6340432,0.3659568
7.853,0.6340432,0.3659568
7.854,0.6340432,0.3659568
7.855,0.6340432,0.3659568
7.856,0.6340432,0.3659568
7.857,0.6340432,0.3659568
7.858,0.6340432,0.3659568
7.859,0.6340432,0.3659568
7.86,0.6340432,0.3659568
7.861,0.6340432,0.3659568
7.862,0.6340432,0.3659568
7.863,0.6340432,0.3659568
7.864,0.6340432,0.3659568
7.865,0.6340432,0.3659568
7.866,0.6340432,0.3659568
7.867,0.6340432,0.3659568
7.868,0.6340432,0.3659568
7.869,0.6340432,0.3659568
7.87,0.6340432,0.3659568
7.871,0.6340432,0.3659568
7.872,0.6340432,0.3659568
7.873,0.6340432,0.3659568
7.874,0.6340432,0.3659568
7.875,0.6340432,0.3659568
7.876,0.6340432,0.3659568
7.877,0.6340432,0.3659568
7.878,0.6340432,0.3659568
7.879,0.6340432,0.3659568
7.88,0.6340432,0.3659568
7.881,0.6340432,0.3659568
7.882,0.6340432,0.3659568
7.883,0.6340432,0.3659568
7.884,0.6340432,0.3659568
7.885,0.6340432,0.3659568
7.886,0.6340432,0.3659568
7.887,0.6340432,0.3659568
7.888,0.6340432,0.3659568
7.889,0.6340432,0.3659568
7.89,0.6340432,0.3659568
7.891,0.6340432,0.3659568
7.892,0.6340432,0.3659568
7.893,0.6340432,0.3659568
7.894,0.6340432,0.3659568
7.895,0.6340432,0.3659568
7.896,0.6340432,0.3659568
7.897,0.6340432,0.3659568
7.898,0.6340432,0.3659568
7.899,0.6340432,0.3659568
7.9,0.6340432,0.3659568
7.901,0.6340432,0.3659568
7.902,0.6340432,0.3659568
7.903,0.6340432,0.3659568
7.904,0.6340432,0.3659568
7.905,0.6340432,0.3659568
7.906,0.6340432,0.3659568
7.907,0.6340432,0.3659568
7.908,0.6340432,0.3659568
7.909,0.6340432,0.3659568
7.91,0.6340432,0.3659568
7.911,0.6340432,0.3659568
7.912,0.6340432,0.3659568
7.913,0.6340432,0.3659568
7.914,0.6340432,0.3659568
7.915,0.6340432,0.3659568
7.916,0.6340432,0.3659568
7.917,0.6340432,0.3659568
7.918,0.6340432,0.3659568
7.919,0.6340432,0.3659568
7.92,0.6340432,0.3659568
7.921,0.6340432,0.3659568
7.922,0.6340432,0.3659568
7.923,0.6340432,0.3659568
7.924,0.6340432,0.3659568
7.925,0.6340432,0.3659568
7.926,0.6340432,0.3659568
7.927,0.6340432,0.3659568
7.928,0.6340432,0.3659568
7.929,0.6340432,0.3659568
7.93,0.6340432,0.3659568
7.931,0.6340432,0.3659568
7.932,0.6340432,0.3659568
7.933,0.6340432,0.3659568
7.934,0.6340432,0.3659568
7.935,0.6340432,0.3659568
7.936,0.6340432,0.3659568
7.937,0.6340432,0.3659568
7.938,0.6340432,0.3659568
7.939,0.6340432,0.3659568
7.94,0.6340432,0.3659568
7.941,0.6340432,0.3659568
7.942,0.6340432,0.3659568
7.943,0.6340432,0.3659568
7.944,0.6340432,0.3659568
7.945,0.6340432,0.3659568
7.946,0.6340432,0.3659568
7.947,0.6340432,0.3659568
7.948,0.6340432,0.3659568
7.949,0.6340432,0.3659568
7.95,0.6340432,0.3659568
7.951,0.6340432,0.3659568
7.952,0.6340432,0.3659568
7.953,0.6340432,0.3659568
7.954,0.6340432,0.3659568
7.955,0.6340432,0.3659568
7.956,0.6340432,0.3659568
7.957,0.6340432,0.3659568
7.958,0.6340432,0.3659568
7.959,0.6340432,0.3659568
7.96,0.6340432,0.3659568
7.961,0.6340432,0.3659568
7.962,0.6340432,0.3659568
7.963,0.6340432,0.3659568
7.964,0.6340432,0.3659568
7.965,0.6340432,0.3659568
7.966,0.6340432,0.3659568
7.967,0.6340432,0.3659568
7.968,0.6340432,0.3659568
7.969,0.6340432,0.3659568
7.97,0.6340432,0.3659568
7.971,0.6340432,0.3659568
7.972,0.6340432,0.3659568
7.973,0.6340432,0.3659568
7.974,0.6340432,0.3659568
7.975,0.6340432,0.3659568
7.976,0.6340432,0.3659568
7.977,0.6340432,0.3659568
7.978,0.6340432,0.3659568
7.979,0.6340432,0.3659568
7.98,0.6340432,0.3659568
7.981,0.6340432,0.3659568
7.982,0.6340432,0.3659568
7.983,0.6340432,0.3659568
7.984,0.6340432,0.3659568
7.985,0.6340432,0.3659568
7.986,0.6340432,0.3659568
7.987,0.6340432,0.3659568
7.988,0.6340432,0.3659568
7.989,0.6340432,0.3659568
7.99,0.6340432,0.3659568
7.991,0.6340432,0.3659568
7.992,0.6340432,0.3659568
7.993,0.6340432,0.3659568
7.994,0.6340432,0.3659568
7.995,0.6340432,0.3659568
7.996,0.6340432,0.3659568
7.997,0.6340432,0.3659568
7.998,0.6340432,0.3659568
7.999,0.6340432,0.3659568
8.0,0.6340432,0.3659568
8.001,0.6340432,0.3659568
8.002,0.6340432,0.3659568
8.003,0.6340432,0.3659568
8.004,0.6340432,0.3659568
8.005,0.6340432,0.3659568
8.006,0.6340432,0.3659568
8.007,0.6340432,0.3659568
8.008,0.6340432,0.3659568
8.009,0.6340432,0.3659568
8.01,0.6340432,0.3659568
8.011,0.6340432,0.3659568
8.012,0.6340432,0.3659568
8.013,0.6340432,0.3659568
8.014,0.6340432,0.3659568
8.015,0.6340432,0.3659568
8.016,0.6340432,0.3659568
8.017,0.6340432,0.3659568
8.018,0.6340432,0.3659568
8.019,0.6340432,0.3659568
8.02,0.6340432,0.3659568
8.021,0.6340432,0.3659568
8.022,0.6340432,0.3659568
8.023,0.6340432,0.3659568
8.024,0.6340432,0.3659568
8.025,0.6340432,0.3659568
8.026,0.6340432,0.3659568
8.027,0.6340432,0.3659568
8.028,0.6340432,0.3659568
8.029,0.6340432,0.3659568
8.03,0.6340432,0.3659568
8.031,0.6340432,0.3659568
8.032,0.6340432,0.3659568
8.033,0.6340432,0.3659568
8.034,0.6340432,0.3659568
8.035,0.6340432,0.3659568
8.036,0.6340432,0.3659568
8.037,0.6340432,0.3659568
8.038,0.6340432,0.3659568
8.039,0.6340432,0.3659568
8.04,0.6340432,0.3659568
8.041,0.6340432,0.3659568
8.042,0.6340432,0.3659568
8.043,0.6340432,0.3659568
8.044,0.6340432,0.3659568
8.045,0.6340432,0.3659568
8.046,0.6340432,0.3659568
8.047,0.6340432,0.3659568
8.048,0.6340432,0.3659568
8.049,0.6340432,0.3659568
8.05,0.6340432,0.3659568
8.051,0.6340432,0.3659568
8.052,0.6340432,0.3659568
8.053,0.6340432,0.3659568
8.054,0.6340432,0.3659568
8.055,0.6340432,0.3659568
8.056,0.6340432,0.3659568
8.057,0.6340432,0.3659568
8.058,0.6340432,0.3659568
8.059,0.6340432,0.3659568
8.06,0.6340432,0.3659568
8.061,0.6340432,0.3659568
8.062,0.6340432,0.3659568
8.063,0.6340432,0.3659568
8.064,0.6340432,0.3659568
8.065,0.6340432,0.3659568
8.066,0.6340432,0.3659568
8.067,0.6340432,0.3659568
8.068,0.6340432,0.3659568
8.069,0.6340432,0.3659568
8.07,0.6340432,0.3659568
8.071,0.6340432,0.3659568
8.072,0.6340432,0.3659568
8.073,0.6340432,0.3659568
8.074,0.6340432,0.3659568
8.075,0.6340432,0.3659568
8.076,0.6340432,0.3659568
8.077,0.6340432,0.3659568
8.078,0.6340432,0.3659568
8.079,0.6340432,0.3659568
8.08,0.6340432,0.3659568
8.081,0.6340432,0.3659568
8.082,0.6340432,0.3659568
8.083,0.6340432,0.3659568
8.084,0.6340432,0.3659568
8.085,0.6340432,0.3659568
8.086,0.6340432,0.3659568
8.087,0.6340432,0.3659568
8.088,0.6340432,0.3659568
8.089,0.6340432,0.3659568
8.09,0.6340432,0.3659568
8.091,0.6340432,0.3659568
8.092,0.6340432,0.3659568
8.093,0.6340432,0.3659568
8.094,0.6340432,0.3659568
8.095,0.6340432,0.3659568
8.096,0.6340432,0.3659568
8.097,0.6340432,0.3659568
8.098,0.6340432,0.3659568
8.099,0.6340432,0.3659568
8.1,0.6340432,0.3659568
8.101,0.6340432,0.3659568
8.102,0.6340432,0.3659568
8.103,0.6340432,0.3659568
8.104,0.6340432,0.3659568
8.105,0.6340432,0.3659568
8.106,0.6340432,0.3659568
8.107,0.6340432,0.3659568
8.108,0.6340432,0.3659568
8.109,0.6340432,0.3659568
8.11,0.6340432,0.3659568
8.111,0.6340432,0.3659568
8.112,0.6340432,0.3659568
8.113,0.6340432,0.3659568
8.114,0.6340432,0.3659568
8.115,0.6340432,0.3659568
8.116,0.6340432,0.3659568
8.117,0.6340432,0.3659568
8.118,0.6340432,0.3659568
8.119,0.6340432,0.3659568
8.12,0.6340432,0.3659568
8.121,0.6340432,0.3659568
8.122,0.6340432,0.3659568
8.123,0.6340432,0.3659568
8.124,0.6340432,0.3659568
8.125,0.6340432,0.3659568
8.126,0.6340432,0.3659568
8.127,0.6340432,0.3659568
8.128,0.6340432,0.3659568
8.129,0.6340432,0.3659568
8.13,0.6340432,0.3659568
8.131,0.6340432,0.3659568
8.132,0.6340432,0.3659568
8.133,0.6340432,0.3659568
8.134,0.6340432,0.3659568
8.135,0.6340432,0.3659568
8.136,0.6340432,0.3659568
8.137,0.6340432,0.3659568
8.138,0.6340432,0.3659568
8.139,0.6340432,0.3659568
8.14,0.6340432,0.3659568
8.141,0.6340432,0.3659568
8.142,0.6340432,0.3659568
8.143,0.6340432,0.3659568
8.144,0.6340432,0.3659568
8.145,0.6340432,0.3659568
8.146,0.6340432,0.3659568
8.147,0.6340432,0.3659568
8.148,0.6340432,0.3659568
8.149,0.6340432,0.3659568
8.15,0.6340432,0.3659568
8.151,0.6340432,0.3659568
8.152,0.6340432,0.3659568
8.153,0.6340432,0.3659568
8.154,0.6340432,0.3659568
8.155,0.6340432,0.3659568
8.156,0.6340432,0.3659568
8.157,0.6340432,0.3659568
8.158,0.6340432,0.3659568
8.159,0.6340432,0.3659568
8.16,0.6340432,0.3659568
8.161,0.6340432,0.3659568
8.162,0.6340432,0.3659568
8.163,0.6340432,0.3659568
8.164,0.6340432,0.3659568
8.165,0.6340432,0.3659568
8.166,0.6340432,0.3659568
8.167,0.6340432,0.3659568
8.168,0.6340432,0.3659568
8.169,0.6340432,0.3659568
8.17,0.6340432,0.3659568
8.171,0.6340432,0.3659568
8.172,0.6340432,0.3659568
8.173,0.6340432,0.3659568
8.174,0.6340432,0.3659568
8.175,0.6340432,0.3659568
8.176,0.6340432,0.3659568
8.177,0.6340432,0.3659568
8.178,0.6340432,0.3659568
8.179,0.6340432,0.3659568
8.18,0.6340432,0.3659568
8.181,0.6340432,0.3659568
8.182,0.6340432,0.3659568
8.183,0.6340432,0.3659568
8.184,0.6340432,0.3659568
8.185,0.6340432,0.3659568
8.186,0.6340432,0.3659568
8.187,0.6340432,0.3659568
8.188,0.6340432,0.3659568
8.189,0.6340432,0.3659568
8.19,0.6340432,0.3659568
8.191,0.6340432,0.3659568
8.192,0.6340432,0.3659568
8.193,0.6340432,0.3659568
8.194,0.6340432,0.3659568
8.195,0.6340432,0.3659568
8.196,0.6340432,0.3659568
8.197,0.6340432,0.3659568
8.198,0.6340432,0.3659568
8.199,0.6340432,0.3659568
8.2,0.6340432,0.3659568
8.201,0.6340432,0.3659568
8.202,0.6340432,0.3659568
8.203,0.6340432,0.3659568
8.204,0.6340432,0.3659568
8.205,0.6340432,0.3659568
8.206,0.6340432,0.3659568
8.207,0.6340432,0.3659568
8.208,0.6340432,0.3659568
8.209,0.6340432,0.3659568
8.21,0.6340432,0.3659568
8.211,0.6340432,0.3659568
8.212,0.6340432,0.3659568
8.213,0.6340432,0.3659568
8.214,0.6340432,0.3659568
8.215,0.6340432,0.3659568
8.216,0.6340432,0.3659568
8.217,0.6340432,0.3659568
8.218,0.6340432,0.3659568
8.219,0.6340432,0.3659568
8.22,0.6340432,0.3659568
8.221,0.6340432,0.3659568
8.222,0.6340432,0.3659568
8.223,0.6340432,0.3659568
8.224,0.6340432,0.3659568
8.225,0.6340432,0.3659568
8.226,0.6340432,0.3659568
8.227,0.6340432,0.3659568
8.228,0.6340432,0.3659568
8.229,0.6340432,0.3659568
8.23,0.6340432,0.3659568
8.231,0.6340432,0.3659568
8.232,0.6340432,0.3659568
8.233,0.6340432,0.3659568
8.234,0.6340432,0.3659568
8.235,0.6340432,0.3659568
8.236,0.6340432,0.3659568
8.237,0.6340432,0.3659568
8.238,0.6340432,0.3659568
8.239,0.6340432,0.3659568
8.24,0.6340432,0.3659568
8.241,0.6340432,0.3659568
8.242,0.6340432,0.3659568
8.243,0.6340432,0.3659568
8.244,0.6340432,0.3659568
8.245,0.6340432,0.3659568
8.246,0.6340432,0.3659568
8.247,0.6340432,0.3659568
8.248,0.6340432,0.3659568
8.249,0.6340432,0.3659568
8.25,0.6340432,0.3659568
8.251,0.6340432,0.3659568
8.252,0.6340432,0.3659568
8.253,0.6340432,0.3659568
8.254,0.6340432,0.3659568
8.255,0.6340432,0.3659568
8.256,0.6340432,0.3659568
8.257,0.6340432,0.3659568
8.258,0.6340432,0.3659568
8.259,0.6340432,0.3659568
8.26,0.6340432,0.3659568
8.261,0.6340432,0.3659568
8.262,0.6340432,0.3659568
8.263,0.6340432,0.3659568
8.264,0.6340432,0.3659568
8.265,0.6340432,0.3659568
8.266,0.6340432,0.3659568
8.267,0.6340432,0.3659568
8.268,0.6340432,0.3659568
8.269,0.6340432,0.3659568
8.27,0.6340432,0.3659568
8.271,0.6340432,0.3659568
8.272,0.6340432,0.3659568
8.273,0.6340432,0.3659568
8.274,0.6340432,0.3659568
8.275,0.6340432,0.3659568
8.276,0.6340432,0.3659568
8.277,0.6340432,0.3659568
8.278,0.6340432,0.3659568
8.279,0.6340432,0.3659568
8.28,0.6340432,0.3659568
8.281,0.6340432,0.3659568
8.282,0.6340432,0.3659568
8.283,0.6340432,0.3659568
8.284,0.6340432,0.3659568
8.285,0.6340432,0.3659568
8.286,0.6340432,0.3659568
8.287,0.6340432,0.3659568
8.288,0.6340432,0.3659568
8.289,0.6340432,0.3659568
8.29,0.6340432,0.3659568
8.291,0.6340432,0.3659568
8.292,0.6340432,0.3659568
8.293,0.6340432,0.3659568
8.294,0.6340432,0.3659568
8.295,0.6340432,0.3659568
8.296,0.6340432,0.3659568
8.297,0.6340432,0.3659568
8.298,0.6340432,0.3659568
8.299,0.6340432,0.3659568
8.3,0.6340432,0.3659568
8.301,0.6340432,0.3659568
8.302,0.6340432,0.3659568
8.303,0.6340432,0.3659568
8.304,0.6340432,0.3659568
8.305,0.6340432,0.3659568
8.306,0.6340432,0.3659568
8.307,0.6340432,0.3659568
8.308,0.6340432,0.3659568
8.309,0.6340432,0.3659568
8.31,0.6340432,0.3659568
8.311,0.6340432,0.3659568
8.312,0.6340432,0.3659568
8.313,0.6340432,0.3659568
8.314,0.6340432,0.3659568
8.315,0.6340432,0.3659568
8.316,0.6340432,0.3659568
8.317,0.6340432,0.3659568
8.318,0.6340432,0.3659568
8.319,0.6340432,0.3659568
8.32,0.6340432,0.3659568
8.321,0.6340432,0.3659568
8.322,0.6340432,0.3659568
8.323,0.6340432,0.3659568
8.324,0.6340432,0.3659568
8.325,0.6340432,0.3659568
8.326,0.6340432,0.3659568
8.327,0.6340432,0.3659568
8.328,0.6340432,0.3659568
8.329,0.6340432,0.3659568
8.33,0.6340432,0.3659568
8.331,0.6340432,0.3659568
8.332,0.6340432,0.3659568
8.333,0.6340432,0.3659568
8.334,0.6340432,0.3659568
8.335,0.6340432,0.3659568
8.336,0.6340432,0.3659568
8.337,0.6340432,0.3659568
8.338,0.6340432,0.3659568
8.339,0.6340432,0.3659568
8.34,0.6340432,0.3659568
8.341,0.6340432,0.3659568
8.342,0.6340432,0.3659568
8.343,0.6340432,0.3659568
8.344,0.6340432,0.3659568
8.345,0.6340432,0.3659568
8.346,0.6340432,0.3659568
8.347,0.6340432,0.3659568
8.348,0.6340432,0.3659568
8.349,0.6340432,0.3659568
8.35,0.6340432,0.3659568
8.351,0.6340432,0.3659568
8.352,0.6340432,0.3659568
8.353,0.6340432,0.3659568
8.354,0.6340432,0.3659568
8.355,0.6340432,0.3659568
8.356,0.6340432,0.3659568
8.357,0.6340432,0.3659568
8.358,0.6340432,0.3659568
8.359,0.6340432,0.3659568
8.36,0.6340432,0.3659568
8.361,0.6340432,0.3659568
8.362,0.6340432,0.3659568
8.363,0.6340432,0.3659568
8.364,0.6340432,0.3659568
8.365,0.6340432,0.3659568
8.366,0.6340432,0.3659568
8.367,0.6340432,0.3659568
8.368,0.6340432,0.3659568
8.369,0.6340432,0.3659568
8.37,0.6340432,0.3659568
8.371,0.6340432,0.3659568
8.372,0.6340432,0.3659568
8.373,0.6340432,0.3659568
8.374,0.6340432,0.3659568
8.375,0.6340432,0.3659568
8.376,0.6340432,0.3659568
8.377,0.6340432,0.3659568
8.378,0.6340432,0.3659568
8.379,0.6340432,0.3659568
8.38,0.6340432,0.3659568
8.381,0.6340432,0.3659568
8.382,0.6340432,0.3659568
8.383,0.6340432,0.3659568
8.384,0.6340432,0.3659568
8.385,0.6340432,0.3659568
8.386,0.6340432,0.3659568
8.387,0.6340432,0.3659568
8.388,0.6340432,0.3659568
8.389,0.6340432,0.3659568
8.39,0.6340432,0.3659568
8.391,0.6340432,0.3659568
8.392,0.6340432,0.3659568
8.393,0.6340432,0.3659568
8.394,0.6340432,0.3659568
8.395,0.6340432,0.3659568
8.396,0.6340432,0.3659568
8.397,0.6340432,0.3659568
8.398,0.6340432,0.3659568
8.399,0.6340432,0.3659568
8.4,0.6340432,0.3659568
8.401,0.6340432,0.3659568
8.402,0.6340432,0.3659568
8.403,0.6340432,0.3659568
8.404,0.6340432,0.3659568
8.405,0.6340432,0.3659568
8.406,0.6340432,0.3659568
8.407,0.6340432,0.3659568
8.408,0.6340432,0.3659568
8.409,0.6340432,0.3659568
8.41,0.6340432,0.3659568
8.411,0.6340432,0.3659568
8.412,0.6340432,0.3659568
8.413,0.6340432,0.3659568
8.414,0.6340432,0.3659568
8.415,0.6340432,0.3659568
8.416,0.6340432,0.3659568
8.417,0.6340432,0.3659568
8.418,0.6340432,0.3659568
8.419,0.6340432,0.3659568
8.42,0.6340432,0.3659568
8.421,0.6340432,0.3659568
8.422,0.6340432,0.3659568
8.423,0.6340432,0.3659568
8.424,0.6340432,0.3659568
8.425,0.6340432,0.3659568
8.426,0.6340432,0.3659568
8.427,0.6340432,0.3659568
8.428,0.6340432,0.3659568
8.429,0.6340432,0.3659568
8.43,0.6340432,0.3659568
8.431,0.6340432,0.3659568
8.432,0.6340432,0.3659568
8.433,0.6340432,0.3659568
8.434,0.6340432,0.3659568
8.435,0.6340432,0.3659568
8.436,0.6340432,0.3659568
8.437,0.6340432,0.3659568
8.438,0.6340432,0.3659568
8.439,0.6340432,0.3659568
8.44,0.6340432,0.3659568
8.441,0.6340432,0.3659568
8.442,0.6340432,0.3659568
8.443,0.6340432,0.3659568
8.444,0.6340432,0.3659568
8.445,0.6340432,0.3659568
8.446,0.6340432,0.3659568
8.447,0.6340432,0.3659568
8.448,0.6340432,0.3659568
8.449,0.6340432,0.3659568
8.45,0.6340432,0.3659568
8.451,0.6340432,0.3659568
8.452,0.6340432,0.3659568
8.453,0.6340432,0.3659568
8.454,0.6340432,0.3659568
8.455,0.6340432,0.3659568
8.456,0.6340432,0.3659568
8.457,0.6340432,0.3659568
8.458,0.6340432,0.3659568
8.459,0.6340432,0.3659568
8.46,0.6340432,0.3659568
8.461,0.6340432,0.3659568
8.462,0.6340432,0.3659568
8.463,0.6340432,0.3659568
8.464,0.6340432,0.3659568
8.465,0.6340432,0.3659568
8.466,0.6340432,0.3659568
8.467,0.6340432,0.3659568
8.468,0.6340432,0.3659568
8.469,0.6340432,0.3659568
8.47,0.6340432,0.3659568
8.471,0.6340432,0.3659568
8.472,0.6340432,0.3659568
8.473,0.6340432,0.3659568
8.474,0.6340432,0.3659568
8.475,0.6340432,0.3659568
8.476,0.6340432,0.3659568
8.477,0.6340432,0.3659568
8.478,0.6340432,0.3659568
8.479,0.6340432,0.3659568
8.48,0.6340432,0.3659568
8.481,0.6340432,0.3659568
8.482,0.6340432,0.3659568
8.483,0.6340432,0.3659568
8.484,0.6340432,0.3659568
8.485,0.6340432,0.3659568
8.486,0.6340432,0.3659568
8.487,0.6340432,0.3659568
8.488,0.6340432,0.3659568
8.489,0.6340432,0.3659568
8.49,0.6340432,0.3659568
8.491,0.6340432,0.3659568
8.492,0.6340432,0.3659568
8.493,0.6340432,0.3659568
8.494,0.6340432,0.3659568
8.495,0.6340432,0.3659568
8.496,0.6340432,0.3659568
8.497,0.6340432,0.3659568
8.498,0.6340432,0.3659568
8.499,0.6340432,0.3659568
8.5,0.6340432,0.3659568
8.501,0.6340432,0.3659568
8.502,0.6340432,0.3659568
8.503,0.6340432,0.3659568
8.504,0.6340432,0.3659568
8.505,0.6340432,0.3659568
8.506,0.6340432,0.3659568
8.507,0.6340432,0.3659568
8.508,0.6340432,0.3659568
8.509,0.6340432,0.3659568
8.51,0.6340432,0.3659568
8.511,0.6340432,0.3659568
8.512,0.6340432,0.3659568
8.513,0.6340432,0.3659568
8.514,0.6340432,0.3659568
8.515,0.6340432,0.3659568
8.516,0.6340432,0.3659568
8.517,0.6340432,0.3659568
8.518,0.6340432,0.3659568
8.519,0.6340432,0.3659568
8.52,0.6340432,0.3659568
8.521,0.6340432,0.3659568
8.522,0.6340432,0.3659568
8.523,0.6340432,0.3659568
8.524,0.6340432,0.3659568
8.525,0.6340432,0.3659568
8.526,0.6340432,0.3659568
8.527,0.6340432,0.3659568
8.528,0.6340432,0.3659568
8.529,0.6340432,0.3659568
8.53,0.6340432,0.3659568
8.531,0.6340432,0.3659568
8.532,0.6340432,0.3659568
8.533,0.6340432,0.3659568
8.534,0.6340432,0.3659568
8.535,0.6340432,0.3659568
8.536,0.6340432,0.3659568
8.537,0.6340432,0.3659568
8.538,0.6340432,0.3659568
8.539,0.6340432,0.3659568
8.54,0.6340432,0.3659568
8.541,0.6340432,0.3659568
8.542,0.6340432,0.3659568
8.543,0.6340432,0.3659568
8.544,0.6340432,0.3659568
8.545,0.6340432,0.3659568
8.546,0.6340432,0.3659568
8.547,0.6340432,0.3659568
8.548,0.6340432,0.3659568
8.549,0.6340432,0.3659568
8.55,0.6340432,0.3659568
8.551,0.6340432,0.3659568
8.552,0.6340432,0.3659568
8.553,0.6340432,0.3659568
8.554,0.6340432,0.3659568
8.555,0.6340432,0.3659568
8.556,0.6340432,0.3659568
8.557,0.6340432,0.3659568
8.558,0.6340432,0.3659568
8.559,0.6340432,0.3659568
8.56,0.6340432,0.3659568
8.561,0.6340432,0.3659568
8.562,0.6340432,0.3659568
8.563,0.6340432,0.3659568
8.564,0.6340432,0.3659568
8.565,0.6340432,0.3659568
8.566,0.6340432,0.3659568
8.567,0.6340432,0.3659568
8.568,0.6340432,0.3659568
8.569,0.6340432,0.3659568
8.57,0.6340432,0.3659568
8.571,0.6340432,0.3659568
8.572,0.6340432,0.3659568
8.573,0.6340432,0.3659568
8.574,0.6340432,0.3659568
8.575,0.6340432,0.3659568
8.576,0.6340432,0.3659568
8.577,0.6340432,0.3659568
8.578,0.6340432,0.3659568
8.579,0.6340432,0.3659568
8.58,0.6340432,0.3659568
8.581,0.6340432,0.3659568
8.582,0.6340432,0.3659568
8.583,0.6340432,0.3659568
8.584,0.6340432,0.3659568
8.585,0.6340432,0.3659568
8.586,0.6340432,0.3659568
8.587,0.6340432,0.3659568
8.588,0.6340432,0.3659568
8.589,0.6340432,0.3659568
8.59,0.6340432,0.3659568
8.591,0.6340432,0.3659568
8.592,0.6340432,0.3659568
8.593,0.6340432,0.3659568
8.594,0.6340432,0.3659568
8.595,0.6340432,0.3659568
8.596,0.6340432,0.3659568
8.597,0.6340432,0.3659568
8.598,0.6340432,0.3659568
8.599,0.6340432,0.3659568
8.6,0.6340432,0.3659568
8.601,0.6340432,0.3659568
8.602,0.6340432,0.3659568
8.603,0.6340432,0.3659568
8.604,0.6340432,0.3659568
8.605,0.6340432,0.3659568
8.606,0.6340432,0.3659568
8.607,0.6340432,0.3659568
8.608,0.6340432,0.3659568
8.609,0.6340432,0.3659568
8.61,0.6340432,0.3659568
8.611,0.6340432,0.3659568
8.612,0.6340432,0.3659568
8.613,0.6340432,0.3659568
8.614,0.6340432,0.3659568
8.615,0.6340432,0.3659568
8.616,0.6340432,0.3659568
8.617,0.6340432,0.3659568
8.618,0.6340432,0.3659568
8.619,0.6340432,0.3659568
8.62,0.6340432,0.3659568
8.621,0.6340432,0.3659568
8.622,0.6340432,0.3659568
8.623,0.6340432,0.3659568
8.624,0.6340432,0.3659568
8.625,0.6340432,0.3659568
8.626,0.6340432,0.3659568
8.627,0.6340432,0.3659568
8.628,0.6340432,0.3659568
8.629,0.6340432,0.3659568
8.63,0.6340432,0.3659568
8.631,0.6340432,0.3659568
8.632,0.6340432,0.3659568
8.633,0.6340432,0.3659568
8.634,0.6340432,0.3659568
8.635,0.6340432,0.3659568
8.636,0.6340432,0.3659568
8.637,0.6340432,0.3659568
8.638,0.6340432,0.3659568
8.639,0.6340432,0.3659568
8.64,0.6340432,0.3659568
8.641,0.6340432,0.3659568
8.642,0.6340432,0.3659568
8.643,0.6340432,0.3659568
8.644,0.6340432,0.3659568
8.645,0.6340432,0.3659568
8.646,0.6340432,0.3659568
8.647,0.6340432,0.3659568
8.648,0.6340432,0.3659568
8.649,0.6340432,0.3659568
8.65,0.6340432,0.3659568
8.651,0.6340432,0.3659568
8.652,0.6340432,0.3659568
8.653,0.6340432,0.3659568
8.654,0.6340432,0.3659568
8.655,0.6340432,0.3659568
8.656,0.6340432,0.3659568
8.657,0.6340432,0.3659568
8.658,0.6340432,0.3659568
8.659,0.6340432,0.3659568
8.66,0.6340432,0.3659568
8.661,0.6340432,0.3659568
8.662,0.6340432,0.3659568
8.663,0.6340432,0.3659568
8.664,0.6340432,0.3659568
8.665,0.6340432,0.3659568
8.666,0.6340432,0.3659568
8.667,0.6340432,0.3659568
8.668,0.6340432,0.3659568
8.669,0.6340432,0.3659568
8.67,0.6340432,0.3659568
8.671,0.6340432,0.3659568
8.672,0.6340432,0.3659568
8.673,0.6340432,0.3659568
8.674,0.6340432,0.3659568
8.675,0.6340432,0.3659568
8.676,0.6340432,0.3659568
8.677,0.6340432,0.3659568
8.678,0.6340432,0.3659568
8.679,0.6340432,0.3659568
8.68,0.6340432,0.3659568
8.681,0.6340432,0.3659568
8.682,0.6340432,0.3659568
8.683,0.6340432,0.3659568
8.684,0.6340432,0.3659568
8.685,0.6340432,0.3659568
8.686,0.6340432,0.3659568
8.687,0.6340432,0.3659568
8.688,0.6340432,0.3659568
8.689,0.6340432,0.3659568
8.69,0.6340432,0.3659568
8.691,0.6340432,0.3659568
8.692,0.6340432,0.3659568
8.693,0.6340432,0.3659568
8.694,0.6340432,0.3659568
8.695,0.6340432,0.3659568
8.696,0.6340432,0.3659568
8.697,0.6340432,0.3659568
8.698,0.6340432,0.3659568
8.699,0.6340432,0.3659568
8.7,0.6340432,0.3659568
8.701,0.6340432,0.3659568
8.702,0.6340432,0.3659568
8.703,0.6340432,0.3659568
8.704,0.6340432,0.3659568
8.705,0.6340432,0.3659568
8.706,0.6340432,0.3659568
8.707,0.6340432,0.3659568
8.708,0.6340432,0.3659568
8.709,0.6340432,0.3659568
8.71,0.6340432,0.3659568
8.711,0.6340432,0.3659568
8.712,0.6340432,0.3659568
8.713,0.6340432,0.3659568
8.714,0.6340432,0.3659568
8.715,0.6340432,0.3659568
8.716,0.6340432,0.3659568
8.717,0.6340432,0.3659568
8.718,0.6340432,0.3659568
8.719,0.6340432,0.3659568
8.72,0.6340432,0.3659568
8.721,0.6340432,0.3659568
8.722,0.6340432,0.3659568
8.723,0.6340432,0.3659568
8.724,0.6340432,0.3659568
8.725,0.6340432,0.3659568
8.726,0.6340432,0.3659568
8.727,0.6340432,0.3659568
8.728,0.6340432,0.3659568
8.729,0.6340432,0.3659568
8.73,0.6340432,0.3659568
8.731,0.6340432,0.3659568
8.732,0.6340432,0.3659568
8.733,0.6340432,0.3659568
8.734,0.6340432,0.3659568
8.735,0.6340432,0.3659568
8.736,0.6340432,0.3659568
8.737,0.6340432,0.3659568
8.738,0.6340432,0.3659568
8.739,0.6340432,0.3659568
8.74,0.6340432,0.3659568
8.741,0.6340432,0.3659568
8.742,0.6340432,0.3659568
8.743,0.6340432,0.3659568
8.744,0.6340432,0.3659568
8.745,0.6340432,0.3659568
8.746,0.6340432,0.3659568
8.747,0.6340432,0.3659568
8.748,0.6340432,0.3659568
8.749,0.6340432,0.3659568
8.75,0.6340432,0.3659568
8.751,0.6340432,0.3659568
8.752,0.6340432,0.3659568
8.753,0.6340432,0.3659568
8.754,0.6340432,0.3659568
8.755,0.6340432,0.3659568
8.756,0.6340432,0.3659568
8.757,0.6340432,0.3659568
8.758,0.6340432,0.3659568
8.759,0.6340432,0.3659568
8.76,0.6340432,0.3659568
8.761,0.6340432,0.3659568
8.762,0.6340432,0.3659568
8.763,0.6340432,0.3659568
8.764,0.6340432,0.3659568
8.765,0.6340432,0.3659568
8.766,0.6340432,0.3659568
8.767,0.6340432,0.3659568
8.768,0.6340432,0.3659568
8.769,0.6340432,0.3659568
8.77,0.6340432,0.3659568
8.771,0.6340432,0.3659568
8.772,0.6340432,0.3659568
8.773,0.6340432,0.3659568
8.774,0.6340432,0.3659568
8.775,0.6340432,0.3659568
8.776,0.6340432,0.3659568
8.777,0.6340432,0.3659568
8.778,0.6340432,0.3659568
8.779,0.6340432,0.3659568
8.78,0.6340432,0.3659568
8.781,0.6340432,0.3659568
8.782,0.6340432,0.3659568
8.783,0.6340432,0.3659568
8.784,0.6340432,0.3659568
8.785,0.6340432,0.3659568
8.786,0.6340432,0.3659568
8.787,0.6340432,0.3659568
8.788,0.6340432,0.3659568
8.789,0.6340432,0.3659568
8.79,0.6340432,0.3659568
8.791,0.6340432,0.3659568
8.792,0.6340432,0.3659568
8.793,0.6340432,0.3659568
8.794,0.6340432,0.3659568
8.795,0.6340432,0.3659568
8.796,0.6340432,0.3659568
8.797,0.6340432,0.3659568
8.798,0.6340432,0.3659568
8.799,0.6340432,0.3659568
8.8,0.6340432,0.3659568
8.801,0.6340432,0.3659568
8.802,0.6340432,0.3659568
8.803,0.6340432,0.3659568
8.804,0.6340432,0.3659568
8.805,0.6340432,0.3659568
8.806,0.6340432,0.3659568
8.807,0.6340432,0.3659568
8.808,0.6340432,0.3659568
8.809,0.6340432,0.3659568
8.81,0.6340432,0.3659568
8.811,0.6340432,0.3659568
8.812,0.6340432,0.3659568
8.813,0.6340432,0.3659568
8.814,0.6340432,0.3659568
8.815,0.6340432,0.3659568
8.816,0.6340432,0.3659568
8.817,0.6340432,0.3659568
8.818,0.6340432,0.3659568
8.819,0.6340432,0.3659568
8.82,0.6340432,0.3659568
8.821,0.6340432,0.3659568
8.822,0.6340432,0.3659568
8.823,0.6340432,0.3659568
8.824,0.6340432,0.3659568
8.825,0.6340432,0.3659568
8.826,0.6340432,0.3659568
8.827,0.6340432,0.3659568
8.828,0.6340432,0.3659568
8.829,0.6340432,0.3659568
8.83,0.6340432,0.3659568
8.831,0.6340432,0.3659568
8.832,0.6340432,0.3659568
8.833,0.6340432,0.3659568
8.834,0.6340432,0.3659568
8.835,0.6340432,0.3659568
8.836,0.6340432,0.3659568
8.837,0.6340432,0.3659568
8.838,0.6340432,0.3659568
8.839,0.6340432,0.3659568
8.84,0.6340432,0.3659568
8.841,0.6340432,0.3659568
8.842,0.6340432,0.3659568
8.843,0.6340432,0.3659568
8.844,0.6340432,0.3659568
8.845,0.6340432,0.3659568
8.846,0.6340432,0.3659568
8.847,0.6340432,0.3659568
8.848,0.6340432,0.3659568
8.849,0.6340432,0.3659568
8.85,0.6340432,0.3659568
8.851,0.6340432,0.3659568
8.852,0.6340432,0.3659568
8.853,0.6340432,0.3659568
8.854,0.6340432,0.3659568
8.855,0.6340432,0.3659568
8.856,0.6340432,0.3659568
8.857,0.6340432,0.3659568
8.858,0.6340432,0.3659568
8.859,0.6340432,0.3659568
8.86,0.6340432,0.3659568
8.861,0.6340432,0.3659568
8.862,0.6340432,0.3659568
8.863,0.6340432,0.3659568
8.864,0.6340432,0.3659568
8.865,0.6340432,0.3659568
8.866,0.6340432,0.3659568
8.867,0.6340432,0.3659568
8.868,0.6340432,0.3659568
8.869,0.6340432,0.3659568
8.87,0.6340432,0.3659568
8.871,0.6340432,0.3659568
8.872,0.6340432,0.3659568
8.873,0.6340432,0.3659568
8.874,0.6340432,0.3659568
8.875,0.6340432,0.3659568
8.876,0.6340432,0.3659568
8.877,0.6340432,0.3659568
8.878,0.6340432,0.3659568
8.879,0.6340432,0.3659568
8.88,0.6340432,0.3659568
8.881,0.6340432,0.3659568
8.882,0.6340432,0.3659568
8.883,0.6340432,0.3659568
8.884,0.6340432,0.3659568
8.885,0.6340432,0.3659568
8.886,0.6340432,0.3659568
8.887,0.6340432,0.3659568
8.888,0.6340432,0.3659568
8.889,0.6340432,0.3659568
8.89,0.6340432,0.3659568
8.891,0.6340432,0.3659568
8.892,0.6340432,0.3659568
8.893,0.6340432,0.3659568
8.894,0.6340432,0.3659568
8.895,0.6340432,0.3659568
8.896,0.6340432,0.3659568
8.897,0.6340432,0.3659568
8.898,0.6340432,0.3659568
8.899,0.6340432,0.3659568
8.9,0.6340432,0.3659568
8.901,0.6340432,0.3659568
8.902,0.6340432,0.3659568
8.903,0.6340432,0.3659568
8.904,0.6340432,0.3659568
8.905,0.6340432,0.3659568
8.906,0.6340432,0.3659568
8.907,0.6340432,0.3659568
8.908,0.6340432,0.3659568
8.909,0.6340432,0.3659568
8.91,0.6340432,0.3659568
8.911,0.6340432,0.3659568
8.912,0.6340432,0.3659568
8.913,0.6340432,0.3659568
8.914,0.6340432,0.3659568
8.915,0.6340432,0.3659568
8.916,0.6340432,0.3659568
8.917,0.6340432,0.3659568
8.918,0.6340432,0.3659568
8.919,0.6340432,0.3659568
8.92,0.6340432,0.3659568
8.921,0.6340432,0.3659568
8.922,0.6340432,0.3659568
8.923,0.6340432,0.3659568
8.924,0.6340432,0.3659568
8.925,0.6340432,0.3659568
8.926,0.6340432,0.3659568
8.927,0.6340432,0.3659568
8.928,0.6340432,0.3659568
8.929,0.6340432,0.3659568
8.93,0.6340432,0.3659568
8.931,0.6340432,0.3659568
8.932,0.6340432,0.3659568
8.933,0.6340432,0.3659568
8.934,0.6340432,0.3659568
8.935,0.6340432,0.3659568
8.936,0.6340432,0.3659568
8.937,0.6340432,0.3659568
8.938,0.6340432,0.3659568
8.939,0.6340432,0.3659568
8.94,0.6340432,0.3659568
8.941,0.6340432,0.3659568
8.942,0.6340432,0.3659568
8.943,0.6340432,0.3659568
8.944,0.6340432,0.3659568
8.945,0.6340432,0.3659568
8.946,0.6340432,0.3659568
8.947,0.6340432,0.3659568
8.948,0.6340432,0.3659568
8.949,0.6340432,0.3659568
8.95,0.6340432,0.3659568
8.951,0.6340432,0.3659568
8.952,0.6340432,0.3659568
8.953,0.6340432,0.3659568
8.954,0.6340432,0.3659568
8.955,0.6340432,0.3659568
8.956,0.6340432,0.3659568
8.957,0.6340432,0.3659568
8.958,0.6340432,0.3659568
8.959,0.6340432,0.3659568
8.96,0.6340432,0.3659568
8.961,0.6340432,0.3659568
8.962,0.6340432,0.3659568
8.963,0.6340432,0.3659568
8.964,0.6340432,0.3659568
8.965,0.6340432,0.3659568
8.966,0.6340432,0.3659568
8.967,0.6340432,0.3659568
8.968,0.6340432,0.3659568
8.969,0.6340432,0.3659568
8.97,0.6340432,0.3659568
8.971,0.6340432,0.3659568
8.972,0.6340432,0.3659568
8.973,0.6340432,0.3659568
8.974,0.6340432,0.3659568
8.975,0.6340432,0.3659568
8.976,0.6340432,0.3659568
8.977,0.6340432,0.3659568
8.978,0.6340432,0.3659568
8.979,0.6340432,0.3659568
8.98,0.6340432,0.3659568
8.981,0.6340432,0.3659568
8.982,0.6340432,0.3659568
8.983,0.6340432,0.3659568
8.984,0.6340432,0.3659568
8.985,0.6340432,0.3659568
8.986,0.6340432,0.3659568
8.987,0.6340432,0.3659568
8.988,0.6340432,0.3659568
8.989,0.6340432,0.3659568
8.99,0.6340432,0.3659568
8.991,0.6340432,0.3659568
8.992,0.6340432,0.3659568
8.993,0.6340432,0.3659568
8.994,0.6340432,0.3659568
8.995,0.6340432,0.3659568
8.996,0.6340432,0.3659568
8.997,0.6340432,0.3659568
8.998,0.6340432,0.3659568
8.999,0.6340432,0.3659568
9.0,0.6340432,0.3659568
9.001,0.6340432,0.3659568
9.002,0.6340432,0.3659568
9.003,0.6340432,0.3659568
9.004,0.6340432,0.3659568
9.005,0.6340432,0.3659568
9.006,0.6340432,0.3659568
9.007,0.6340432,0.3659568
9.008,0.6340432,0.3659568
9.009,0.6340432,0.3659568
9.01,0.6340432,0.3659568
9.011,0.6340432,0.3659568
9.012,0.6340432,0.3659568
9.013,0.6340432,0.3659568
9.014,0.6340432,0.3659568
9.015,0.6340432,0.3659568
9.016,0.6340432,0.3659568
9.017,0.6340432,0.3659568
9.018,0.6340432,0.3659568
9.019,0.6340432,0.3659568
9.02,0.6340432,0.3659568
9.021,0.6340432,0.3659568
9.022,0.6340432,0.3659568
9.023,0.6340432,0.3659568
9.024,0.6340432,0.3659568
9.025,0.6340432,0.3659568
9.026,0.6340432,0.3659568
9.027,0.6340432,0.3659568
9.028,0.6340432,0.3659568
9.029,0.6340432,0.3659568
9.03,0.6340432,0.3659568
9.031,0.6340432,0.3659568
9.032,0.6340432,0.3659568
9.033,0.6340432,0.3659568
9.034,0.6340432,0.3659568
9.035,0.6340432,0.3659568
9.036,0.6340432,0.3659568
9.037,0.6340432,0.3659568
9.038,0.6340432,0.3659568
9.039,0.6340432,0.3659568
9.04,0.6340432,0.3659568
9.041,0.6340432,0.3659568
9.042,0.6340432,0.3659568
9.043,0.6340432,0.3659568
9.044,0.6340432,0.3659568
9.045,0.6340432,0.3659568
9.046,0.6340432,0.3659568
9.047,0.6340432,0.3659568
9.048,0.6340432,0.3659568
9.049,0.6340432,0.3659568
9.05,0.6340432,0.3659568
9.051,0.6340432,0.3659568
9.052,0.6340432,0.3659568
9.053,0.6340432,0.3659568
9.054,0.6340432,0.3659568
9.055,0.6340432,0.3659568
9.056,0.6340432,0.3659568
9.057,0.6340432,0.3659568
9.058,0.6340432,0.3659568
9.059,0.6340432,0.3659568
9.06,0.6340432,0.3659568
9.061,0.6340432,0.3659568
9.062,0.6340432,0.3659568
9.063,0.6340432,0.3659568
9.064,0.6340432,0.3659568
9.065,0.6340432,0.3659568
9.066,0.6340432,0.3659568
9.067,0.6340432,0.3659568
9.068,0.6340432,0.3659568
9.069,0.6340432,0.3659568
9.07,0.6340432,0.3659568
9.071,0.6340432,0.3659568
9.072,0.6340432,0.3659568
9.073,0.6340432,0.3659568
9.074,0.6340432,0.3659568
9.075,0.6340432,0.3659568
9.076,0.6340432,0.3659568
9.077,0.6340432,0.3659568
9.078,0.6340432,0.3659568
9.079,0.6340432,0.3659568
9.08,0.6340432,0.3659568
9.081,0.6340432,0.3659568
9.082,0.6340432,0.3659568
9.083,0.6340432,0.3659568
9.084,0.6340432,0.3659568
9.085,0.6340432,0.3659568
9.086,0.6340432,0.3659568
9.087,0.6340432,0.3659568
9.088,0.6340432,0.3659568
9.089,0.6340432,0.3659568
9.09,0.6340432,0.3659568
9.091,0.6340432,0.3659568
9.092,0.6340432,0.3659568
9.093,0.6340432,0.3659568
9.094,0.6340432,0.3659568
9.095,0.6340432,0.3659568
9.096,0.6340432,0.3659568
9.097,0.6340432,0.3659568
9.098,0.6340432,0.3659568
9.099,0.6340432,0.3659568
9.1,0.6340432,0.3659568
9.101,0.6340432,0.3659568
9.102,0.6340432,0.3659568
9.103,0.6340432,0.3659568
9.104,0.6340432,0.3659568
9.105,0.6340432,0.3659568
9.106,0.6340432,0.3659568
9.107,0.6340432,0.3659568
9.108,0.6340432,0.3659568
9.109,0.6340432,0.3659568
9.11,0.6340432,0.3659568
9.111,0.6340432,0.3659568
9.112,0.6340432,0.3659568
9.113,0.6340432,0.3659568
9.114,0.6340432,0.3659568
9.115,0.6340432,0.3659568
9.116,0.6340432,0.3659568
9.117,0.6340432,0.3659568
9.118,0.6340432,0.3659568
9.119,0.6340432,0.3659568
9.12,0.6340432,0.3659568
9.121,0.6340432,0.3659568
9.122,0.6340432,0.3659568
9.123,0.6340432,0.3659568
9.124,0.6340432,0.3659568
9.125,0.6340432,0.3659568
9.126,0.6340432,0.3659568
9.127,0.6340432,0.3659568
9.128,0.6340432,0.3659568
9.129,0.6340432,0.3659568
9.13,0.6340432,0.3659568
9.131,0.6340432,0.3659568
9.132,0.6340432,0.3659568
9.133,0.6340432,0.3659568
9.134,0.6340432,0.3659568
9.135,0.6340432,0.3659568
9.136,0.6340432,0.3659568
9.137,0.6340432,0.3659568
9.138,0.6340432,0.3659568
9.139,0.6340432,0.3659568
9.14,0.6340432,0.3659568
9.141,0.6340432,0.3659568
9.142,0.6340432,0.3659568
9.143,0.6340432,0.3659568
9.144,0.6340432,0.3659568
9.145,0.6340432,0.3659568
9.146,0.6340432,0.3659568
9.147,0.6340432,0.3659568
9.148,0.6340432,0.3659568
9.149,0.6340432,0.3659568
9.15,0.6340432,0.3659568
9.151,0.6340432,0.3659568
9.152,0.6340432,0.3659568
9.153,0.6340432,0.3659568
9.154,0.6340432,0.3659568
9.155,0.6340432,0.3659568
9.156,0.6340432,0.3659568
9.157,0.6340432,0.3659568
9.158,0.6340432,0.3659568
9.159,0.6340432,0.3659568
9.16,0.6340432,0.3659568
9.161,0.6340432,0.3659568
9.162,0.6340432,0.3659568
9.163,0.6340432,0.3659568
9.164,0.6340432,0.3659568
9.165,0.6340432,0.3659568
9.166,0.6340432,0.3659568
9.167,0.6340432,0.3659568
9.168,0.6340432,0.3659568
9.169,0.6340432,0.3659568
9.17,0.6340432,0.3659568
9.171,0.6340432,0.3659568
9.172,0.6340432,0.3659568
9.173,0.6340432,0.3659568
9.174,0.6340432,0.3659568
9.175,0.6340432,0.3659568
9.176,0.6340432,0.3659568
9.177,0.6340432,0.3659568
9.178,0.6340432,0.3659568
9.179,0.6340432,0.3659568
9.18,0.6340432,0.3659568
9.181,0.6340432,0.3659568
9.182,0.6340432,0.3659568
9.183,0.6340432,0.3659568
9.184,0.6340432,0.3659568
9.185,0.6340432,0.3659568
9.186,0.6340432,0.3659568
9.187,0.6340432,0.3659568
9.188,0.6340432,0.3659568
9.189,0.6340432,0.3659568
9.19,0.6340432,0.3659568
9.191,0.6340432,0.3659568
9.192,0.6340432,0.3659568
9.193,0.6340432,0.3659568
9.194,0.6340432,0.3659568
9.195,0.6340432,0.3659568
9.196,0.6340432,0.3659568
9.197,0.6340432,0.3659568
9.198,0.6340432,0.3659568
9.199,0.6340432,0.3659568
9.2,0.6340432,0.3659568
9.201,0.6340432,0.3659568
9.202,0.6340432,0.3659568
9.203,0.6340432,0.3659568
9.204,0.6340432,0.3659568
9.205,0.6340432,0.3659568
9.206,0.6340432,0.3659568
9.207,0.6340432,0.3659568
9.208,0.6340432,0.3659568
9.209,0.6340432,0.3659568
9.21,0.6340432,0.3659568
9.211,0.6340432,0.3659568
9.212,0.6340432,0.3659568
9.213,0.6340432,0.3659568
9.214,0.6340432,0.3659568
9.215,0.6340432,0.3659568
9.216,0.6340432,0.3659568
9.217,0.6340432,0.3659568
9.218,0.6340432,0.3659568
9.219,0.6340432,0.3659568
9.22,0.6340432,0.3659568
9.221,0.6340432,0.3659568
9.222,0.6340432,0.3659568
9.223,0.6340432,0.3659568
9.224,0.6340432,0.3659568
9.225,0.6340432,0.3659568
9.226,0.6340432,0.3659568
9.227,0.6340432,0.3659568
9.228,0.6340432,0.3659568
9.229,0.6340432,0.3659568
9.23,0.6340432,0.3659568
9.231,0.6340432,0.3659568
9.232,0.6340432,0.3659568
9.233,0.6340432,0.3659568
9.234,0.6340432,0.3659568
9.235,0.6340432,0.3659568
9.236,0.6340432,0.3659568
9.237,0.6340432,0.3659568
9.238,0.6340432,0.3659568
9.239,0.6340432,0.3659568
9.24,0.6340432,0.3659568
9.241,0.6340432,0.3659568
9.242,0.6340432,0.3659568
9.243,0.6340432,0.3659568
9.244,0.6340432,0.3659568
9.245,0.6340432,0.3659568
9.246,0.6340432,0.3659568
9.247,0.6340432,0.3659568
9.248,0.6340432,0.3659568
9.249,0.6340432,0.3659568
9.25,0.6340432,0.3659568
9.251,0.6340432,0.3659568
9.252,0.6340432,0.3659568
9.253,0.6340432,0.3659568
9.254,0.6340432,0.3659568
9.255,0.6340432,0.3659568
9.256,0.6340432,0.3659568
9.257,0.6340432,0.3659568
9.258,0.6340432,0.3659568
9.259,0.6340432,0.3659568
9.26,0.6340432,0.3659568
9.261,0.6340432,0.3659568
9.262,0.6340432,0.3659568
9.263,0.6340432,0.3659568
9.264,0.6340432,0.3659568
9.265,0.6340432,0.3659568
9.266,0.6340432,0.3659568
9.267,0.6340432,0.3659568
9.268,0.6340432,0.3659568
9.269,0.6340432,0.3659568
9.27,0.6340432,0.3659568
9.271,0.6340432,0.3659568
9.272,0.6340432,0.3659568
9.273,0.6340432,0.3659568
9.274,0.6340432,0.3659568
9.275,0.6340432,0.3659568
9.276,0.6340432,0.3659568
9.277,0.6340432,0.3659568
9.278,0.6340432,0.3659568
9.279,0.6340432,0.3659568
9.28,0.6340432,0.3659568
9.281,0.6340432,0.3659568
9.282,0.6340432,0.3659568
9.283,0.6340432,0.3659568
9.284,0.6340432,0.3659568
9.285,0.6340432,0.3659568
9.286,0.6340432,0.3659568
9.287,0.6340432,0.3659568
9.288,0.6340432,0.3659568
9.289,0.6340432,0.3659568
9.29,0.6340432,0.3659568
9.291,0.6340432,0.3659568
9.292,0.6340432,0.3659568
9.293,0.6340432,0.3659568
9.294,0.6340432,0.3659568
9.295,0.6340432,0.3659568
9.296,0.6340432,0.3659568
9.297,0.6340432,0.3659568
9.298,0.6340432,0.3659568
9.299,0.6340432,0.3659568
9.3,0.6340432,0.3659568
9.301,0.6340432,0.3659568
9.302,0.6340432,0.3659568
9.303,0.6340432,0.3659568
9.304,0.6340432,0.3659568
9.305,0.6340432,0.3659568
9.306,0.6340432,0.3659568
9.307,0.6340432,0.3659568
9.308,0.6340432,0.3659568
9.309,0.6340432,0.3659568
9.31,0.6340432,0.3659568
9.311,0.6340432,0.3659568
9.312,0.6340432,0.3659568
9.313,0.6340432,0.3659568
9.314,0.6340432,0.3659568
9.315,0.6340432,0.3659568
9.316,0.6340432,0.3659568
9.317,0.6340432,0.3659568
9.318,0.6340432,0.3659568
9.319,0.6340432,0.3659568
9.32,0.6340432,0.3659568
9.321,0.6340432,0.3659568
9.322,0.6340432,0.3659568
9.323,0.6340432,0.3659568
9.324,0.6340432,0.3659568
9.325,0.6340432,0.3659568
9.326,0.6340432,0.3659568
9.327,0.6340432,0.3659568
9.328,0.6340432,0.3659568
9.329,0.6340432,0.3659568
9.33,0.6340432,0.3659568
9.331,0.6340432,0.3659568
9.332,0.6340432,0.3659568
9.333,0.6340432,0.3659568
9.334,0.6340432,0.3659568
9.335,0.6340432,0.3659568
9.336,0.6340432,0.3659568
9.337,0.6340432,0.3659568
9.338,0.6340432,0.3659568
9.339,0.6340432,0.3659568
9.34,0.6340432,0.3659568
9.341,0.6340432,0.3659568
9.342,0.6340432,0.3659568
9.343,0.6340432,0.3659568
9.344,0.6340432,0.3659568
9.345,0.6340432,0.3659568
9.346,0.6340432,0.3659568
9.347,0.6340432,0.3659568
9.348,0.6340432,0.3659568
9.349,0.6340432,0.3659568
9.35,0.6340432,0.3659568
9.351,0.6340432,0.3659568
9.352,0.6340432,0.3659568
9.353,0.6340432,0.3659568
9.354,0.6340432,0.3659568
9.355,0.6340432,0.3659568
9.356,0.6340432,0.3659568
9.357,0.6340432,0.3659568
9.358,0.6340432,0.3659568
9.359,0.6340432,0.3659568
9.36,0.6340432,0.3659568
9.361,0.6340432,0.3659568
9.362,0.6340432,0.3659568
9.363,0.6340432,0.3659568
9.364,0.6340432,0.3659568
9.365,0.6340432,0.3659568
9.366,0.6340432,0.3659568
9.367,0.6340432,0.3659568
9.368,0.6340432,0.3659568
9.369,0.6340432,0.3659568
9.37,0.6340432,0.3659568
9.371,0.6340432,0.3659568
9.372,0.6340432,0.3659568
9.373,0.6340432,0.3659568
9.374,0.6340432,0.3659568
9.375,0.6340432,0.3659568
9.376,0.6340432,0.3659568
9.377,0.6340432,0.3659568
9.378,0.6340432,0.3659568
9.379,0.6340432,0.3659568
9.38,0.6340432,0.3659568
9.381,0.6340432,0.3659568
9.382,0.6340432,0.3659568
9.383,0.6340432,0.3659568
9.384,0.6340432,0.3659568
9.385,0.6340432,0.3659568
9.386,0.6340432,0.3659568
9.387,0.6340432,0.3659568
9.388,0.6340432,0.3659568
9.389,0.6340432,0.3659568
9.39,0.6340432,0.3659568
9.391,0.6340432,0.3659568
9.392,0.6340432,0.3659568
9.393,0.6340432,0.3659568
9.394,0.6340432,0.3659568
9.395,0.6340432,0.3659568
9.396,0.6340432,0.3659568
9.397,0.6340432,0.3659568
9.398,0.6340432,0.3659568
9.399,0.6340432,0.3659568
9.4,0.6340432,0.3659568
9.401,0.6340432,0.3659568
9.402,0.6340432,0.3659568
9.403,0.6340432,0.3659568
9.404,0.6340432,0.3659568
9.405,0.6340432,0.3659568
9.406,0.6340432,0.3659568
9.407,0.6340432,0.3659568
9.408,0.6340432,0.3659568
9.409,0.6340432,0.3659568
9.41,0.6340432,0.3659568
9.411,0.6340432,0.3659568
9.412,0.6340432,0.3659568
9.413,0.6340432,0.3659568
9.414,0.6340432,0.3659568
9.415,0.6340432,0.3659568
9.416,0.6340432,0.3659568
9.417,0.6340432,0.3659568
9.418,0.6340432,0.3659568
9.419,0.6340432,0.3659568
9.42,0.6340432,0.3659568
9.421,0.6340432,0.3659568
9.422,0.6340432,0.3659568
9.423,0.6340432,0.3659568
9.424,0.6340432,0.3659568
9.425,0.6340432,0.3659568
9.426,0.6340432,0.3659568
9.427,0.6340432,0.3659568
9.428,0.6340432,0.3659568
9.429,0.6340432,0.3659568
9.43,0.6340432,0.3659568
9.431,0.6340432,0.3659568
9.432,0.6340432,0.3659568
9.433,0.6340432,0.3659568
9.434,0.6340432,0.3659568
9.435,0.6340432,0.3659568
9.436,0.6340432,0.3659568
9.437,0.6340432,0.3659568
9.438,0.6340432,0.3659568
9.439,0.6340432,0.3659568
9.44,0.6340432,0.3659568
9.441,0.6340432,0.3659568
9.442,0.6340432,0.3659568
9.443,0.6340432,0.3659568
9.444,0.6340432,0.3659568
9.445,0.6340432,0.3659568
9.446,0.6340432,0.3659568
9.447,0.6340432,0.3659568
9.448,0.6340432,0.3659568
9.449,0.6340432,0.3659568
9.45,0.6340432,0.3659568
9.451,0.6340432,0.3659568
9.452,0.6340432,0.3659568
9.453,0.6340432,0.3659568
9.454,0.6340432,0.3659568
9.455,0.6340432,0.3659568
9.456,0.6340432,0.3659568
9.457,0.6340432,0.3659568
9.458,0.6340432,0.3659568
9.459,0.6340432,0.3659568
9.46,0.6340432,0.3659568
9.461,0.6340432,0.3659568
9.462,0.6340432,0.3659568
9.463,0.6340432,0.3659568
9.464,0.6340432,0.3659568
9.465,0.6340432,0.3659568
9.466,0.6340432,0.3659568
9.467,0.6340432,0.3659568
9.468,0.6340432,0.3659568
9.469,0.6340432,0.3659568
9.47,0.6340432,0.3659568
9.471,0.6340432,0.3659568
9.472,0.6340432,0.3659568
9.473,0.6340432,0.3659568
9.474,0.6340432,0.3659568
9.475,0.6340432,0.3659568
9.476,0.6340432,0.3659568
9.477,0.6340432,0.3659568
9.478,0.6340432,0.3659568
9.479,0.6340432,0.3659568
9.48,0.6340432,0.3659568
9.481,0.6340432,0.3659568
9.482,0.6340432,0.3659568
9.483,0.6340432,0.3659568
9.484,0.6340432,0.3659568
9.485,0.6340432,0.3659568
9.486,0.6340432,0.3659568
9.487,0.6340432,0.3659568
9.488,0.6340432,0.3659568
9.489,0.6340432,0.3659568
9.49,0.6340432,0.3659568
9.491,0.6340432,0.3659568
9.492,0.6340432,0.3659568
9.493,0.6340432,0.3659568
9.494,0.6340432,0.3659568
9.495,0.6340432,0.3659568
9.496,0.6340432,0.3659568
9.497,0.6340432,0.3659568
9.498,0.6340432,0.3659568
9.499,0.6340432,0.3659568
9.5,0.6340432,0.3659568
9.501,0.6340432,0.3659568
9.502,0.6340432,0.3659568
9.503,0.6340432,0.3659568
9.504,0.6340432,0.3659568
9.505,0.6340432,0.3659568
9.506,0.6340432,0.3659568
9.507,0.6340432,0.3659568
9.508,0.6340432,0.3659568
9.509,0.6340432,0.3659568
9.51,0.6340432,0.3659568
9.511,0.6340432,0.3659568
9.512,0.6340432,0.3659568
9.513,0.6340432,0.3659568
9.514,0.6340432,0.3659568
9.515,0.6340432,0.3659568
9.516,0.6340432,0.3659568
9.517,0.6340432,0.3659568
9.518,0.6340432,0.3659568
9.519,0.6340432,0.3659568
9.52,0.6340432,0.3659568
9.521,0.6340432,0.3659568
9.522,0.6340432,0.3659568
9.523,0.6340432,0.3659568
9.524,0.6340432,0.3659568
9.525,0.6340432,0.3659568
9.526,0.6340432,0.3659568
9.527,0.6340432,0.3659568
9.528,0.6340432,0.3659568
9.529,0.6340432,0.3659568
9.53,0.6340432,0.3659568
9.531,0.6340432,0.3659568
9.532,0.6340432,0.3659568
9.533,0.6340432,0.3659568
9.534,0.6340432,0.3659568
9.535,0.6340432,0.3659568
9.536,0.6340432,0.3659568
9.537,0.6340432,0.3659568
9.538,0.6340432,0.3659568
9.539,0.6340432,0.3659568
9.54,0.6340432,0.3659568
9.541,0.6340432,0.3659568
9.542,0.6340432,0.3659568
9.543,0.6340432,0.3659568
9.544,0.6340432,0.3659568
9.545,0.6340432,0.3659568
9.546,0.6340432,0.3659568
9.547,0.6340432,0.3659568
9.548,0.6340432,0.3659568
9.549,0.6340432,0.3659568
9.55,0.6340432,0.3659568
9.551,0.6340432,0.3659568
9.552,0.6340432,0.3659568
9.553,0.6340432,0.3659568
9.554,0.6340432,0.3659568
9.555,0.6340432,0.3659568
9.556,0.6340432,0.3659568
9.557,0.6340432,0.3659568
9.558,0.6340432,0.3659568
9.559,0.6340432,0.3659568
9.56,0.6340432,0.3659568
9.561,0.6340432,0.3659568
9.562,0.6340432,0.3659568
9.563,0.6340432,0.3659568
9.564,0.6340432,0.3659568
9.565,0.6340432,0.3659568
9.566,0.6340432,0.3659568
9.567,0.6340432,0.3659568
9.568,0.6340432,0.3659568
9.569,0.6340432,0.3659568
9.57,0.6340432,0.3659568
9.571,0.6340432,0.3659568
9.572,0.6340432,0.3659568
9.573,0.6340432,0.3659568
9.574,0.6340432,0.3659568
9.575,0.6340432,0.3659568
9.576,0.6340432,0.3659568
9.577,0.6340432,0.3659568
9.578,0.6340432,0.3659568
9.579,0.6340432,0.3659568
9.58,0.6340432,0.3659568
9.581,0.6340432,0.3659568
9.582,0.6340432,0.3659568
9.583,0.6340432,0.3659568
9.584,0.6340432,0.3659568
9.585,0.6340432,0.3659568
9.586,0.6340432,0.3659568
9.587,0.6340432,0.3659568
9.588,0.6340432,0.3659568
9.589,0.6340432,0.3659568
9.59,0.6340432,0.3659568
9.591,0.6340432,0.3659568
9.592,0.6340432,0.3659568
9.593,0.6340432,0.3659568
9.594,0.6340432,0.3659568
9.595,0.6340432,0.3659568
9.596,0.6340432,0.3659568
9.597,0.6340432,0.3659568
9.598,0.6340432,0.3659568
9.599,0.6340432,0.3659568
9.6,0.6340432,0.3659568
9.601,0.6340432,0.3659568
9.602,0.6340432,0.3659568
9.603,0.6340432,0.3659568
9.604,0.6340432,0.3659568
9.605,0.6340432,0.3659568
9.606,0.6340432,0.3659568
9.607,0.6340432,0.3659568
9.608,0.6340432,0.3659568
9.609,0.6340432,0.3659568
9.61,0.6340432,0.3659568
9.611,0.6340432,0.3659568
9.612,0.6340432,0.3659568
9.613,0.6340432,0.3659568
9.614,0.6340432,0.3659568
9.615,0.6340432,0.3659568
9.616,0.6340432,0.3659568
9.617,0.6340432,0.3659568
9.618,0.6340432,0.3659568
9.619,0.6340432,0.3659568
9.62,0.6340432,0.3659568
9.621,0.6340432,0.3659568
9.622,0.6340432,0.3659568
9.623,0.6340432,0.3659568
9.624,0.6340432,0.3659568
9.625,0.6340432,0.3659568
9.626,0.6340432,0.3659568
9.627,0.6340432,0.3659568
9.628,0.6340432,0.3659568
9.629,0.6340432,0.3659568
9.63,0.6340432,0.3659568
9.631,0.6340432,0.3659568
9.632,0.6340432,0.3659568
9.633,0.6340432,0.3659568
9.634,0.6340432,0.3659568
9.635,0.6340432,0.3659568
9.636,0.6340432,0.3659568
9.637,0.6340432,0.3659568
9.638,0.6340432,0.3659568
9.639,0.6340432,0.3659568
9.64,0.6340432,0.3659568
9.641,0.6340432,0.3659568
9.642,0.6340432,0.3659568
9.643,0.6340432,0.3659568
9.644,0.6340432,0.3659568
9.645,0.6340432,0.3659568
9.646,0.6340432,0.3659568
9.647,0.6340432,0.3659568
9.648,0.6340432,0.3659568
9.649,0.6340432,0.3659568
9.65,0.6340432,0.3659568
9.651,0.6340432,0.3659568
9.652,0.6340432,0.3659568
9.653,0.6340432,0.3659568
9.654,0.6340432,0.3659568
9.655,0.6340432,0.3659568
9.656,0.6340432,0.3659568
9.657,0.6340432,0.3659568
9.658,0.6340432,0.3659568
9.659,0.6340432,0.3659568
9.66,0.6340432,0.3659568
9.661,0.6340432,0.3659568
9.662,0.6340432,0.3659568
9.663,0.6340432,0.3659568
9.664,0.6340432,0.3659568
9.665,0.6340432,0.3659568
9.666,0.6340432,0.3659568
9.667,0.6340432,0.3659568
9.668,0.6340432,0.3659568
9.669,0.6340432,0.3659568
9.67,0.6340432,0.3659568
9.671,0.6340432,0.3659568
9.672,0.6340432,0.3659568
9.673,0.6340432,0.3659568
9.674,0.6340432,0.3659568
9.675,0.6340432,0.3659568
9.676,0.6340432,0.3659568
9.677,0.6340432,0.3659568
9.678,0.6340432,0.3659568
9.679,0.6340432,0.3659568
9.68,0.6340432,0.3659568
9.681,0.6340432,0.3659568
9.682,0.6340432,0.3659568
9.683,0.6340432,0.3659568
9.684,0.6340432,0.3659568
9.685,0.6340432,0.3659568
9.686,0.6340432,0.3659568
9.687,0.6340432,0.3659568
9.688,0.6340432,0.3659568
9.689,0.6340432,0.3659568
9.69,0.6340432,0.3659568
9.691,0.6340432,0.3659568
9.692,0.6340432,0.3659568
9.693,0.6340432,0.3659568
9.694,0.6340432,0.3659568
9.695,0.6340432,0.3659568
9.696,0.6340432,0.3659568
9.697,0.6340432,0.3659568
9.698,0.6340432,0.3659568
9.699,0.6340432,0.3659568
9.7,0.6340432,0.3659568
9.701,0.6340432,0.3659568
9.702,0.6340432,0.3659568
9.703,0.6340432,0.3659568
9.704,0.6340432,0.3659568
9.705,0.6340432,0.3659568
9.706,0.6340432,0.3659568
9.707,0.6340432,0.3659568
9.708,0.6340432,0.3659568
9.709,0.6340432,0.3659568
9.71,0.6340432,0.3659568
9.711,0.6340432,0.3659568
9.712,0.6340432,0.3659568
9.713,0.6340432,0.3659568
9.714,0.6340432,0.3659568
9.715,0.6340432,0.3659568
9.716,0.6340432,0.3659568
9.717,0.6340432,0.3659568
9.718,0.6340432,0.3659568
9.719,0.6340432,0.3659568
9.72,0.6340432,0.3659568
9.721,0.6340432,0.3659568
9.722,0.6340432,0.3659568
9.723,0.6340432,0.3659568
9.724,0.6340432,0.3659568
9.725,0.6340432,0.3659568
9.726,0.6340432,0.3659568
9.727,0.6340432,0.3659568
9.728,0.6340432,0.3659568
9.729,0.6340432,0.3659568
9.73,0.6340432,0.3659568
9.731,0.6340432,0.3659568
9.732,0.6340432,0.3659568
9.733,0.6340432,0.3659568
9.734,0.6340432,0.3659568
9.735,0.6340432,0.3659568
9.736,0.6340432,0.3659568
9.737,0.6340432,0.3659568
9.738,0.6340432,0.3659568
9.739,0.6340432,0.3659568
9.74,0.6340432,0.3659568
9.741,0.6340432,0.3659568
9.742,0.6340432,0.3659568
9.743,0.6340432,0.3659568
9.744,0.6340432,0.3659568
9.745,0.6340432,0.3659568
9.746,0.6340432,0.3659568
9.747,0.6340432,0.3659568
9.748,0.6340432,0.3659568
9.749,0.6340432,0.3659568
9.75,0.6340432,0.3659568
9.751,0.6340432,0.3659568
9.752,0.6340432,0.3659568
9.753,0.6340432,0.3659568
9.754,0.6340432,0.3659568
9.755,0.6340432,0.3659568
9.756,0.6340432,0.3659568
9.757,0.6340432,0.3659568
9.758,0.6340432,0.3659568
9.759,0.6340432,0.3659568
9.76,0.6340432,0.3659568
9.761,0.6340432,0.3659568
9.762,0.6340432,0.3659568
9.763,0.6340432,0.3659568
9.764,0.6340432,0.3659568
9.765,0.6340432,0.3659568
9.766,0.6340432,0.3659568
9.767,0.6340432,0.3659568
9.768,0.6340432,0.3659568
9.769,0.6340432,0.3659568
9.77,0.6340432,0.3659568
9.771,0.6340432,0.3659568
9.772,0.6340432,0.3659568
9.773,0.6340432,0.3659568
9.774,0.6340432,0.3659568
9.775,0.6340432,0.3659568
9.776,0.6340432,0.3659568
9.777,0.6340432,0.3659568
9.778,0.6340432,0.3659568
9.779,0.6340432,0.3659568
9.78,0.6340432,0.3659568
9.781,0.6340432,0.3659568
9.782,0.6340432,0.3659568
9.783,0.6340432,0.3659568
9.784,0.6340432,0.3659568
9.785,0.6340432,0.3659568
9.786,0.6340432,0.3659568
9.787,0.6340432,0.3659568
9.788,0.6340432,0.3659568
9.789,0.6340432,0.3659568
9.79,0.6340432,0.3659568
9.791,0.6340432,0.3659568
9.792,0.6340432,0.3659568
9.793,0.6340432,0.3659568
9.794,0.6340432,0.3659568
9.795,0.6340432,0.3659568
9.796,0.6340432,0.3659568
9.797,0.6340432,0.3659568
9.798,0.6340432,0.3659568
9.799,0.6340432,0.3659568
9.8,0.6340432,0.3659568
9.801,0.6340432,0.3659568
9.802,0.6340432,0.3659568
9.803,0.6340432,0.3659568
9.804,0.6340432,0.3659568
9.805,0.6340432,0.3659568
9.806,0.6340432,0.3659568
9.807,0.6340432,0.3659568
9.808,0.6340432,0.3659568
9.809,0.6340432,0.3659568
9.81,0.6340432,0.3659568
9.811,0.6340432,0.3659568
9.812,0.6340432,0.3659568
9.813,0.6340432,0.3659568
9.814,0.6340432,0.3659568
9.815,0.6340432,0.3659568
9.816,0.6340432,0.3659568
9.817,0.6340432,0.3659568
9.818,0.6340432,0.3659568
9.819,0.6340432,0.3659568
9.82,0.6340432,0.3659568
9.821,0.6340432,0.3659568
9.822,0.6340432,0.3659568
9.823,0.6340432,0.3659568
9.824,0.6340432,0.3659568
9.825,0.6340432,0.3659568
9.826,0.6340432,0.3659568
9.827,0.6340432,0.3659568
9.828,0.6340432,0.3659568
9.829,0.6340432,0.3659568
9.83,0.6340432,0.3659568
9.831,0.6340432,0.3659568
9.832,0.6340432,0.3659568
9.833,0.6340432,0.3659568
9.834,0.6340432,0.3659568
9.835,0.6340432,0.3659568
9.836,0.6340432,0.3659568
9.837,0.6340432,0.3659568
9.838,0.6340432,0.3659568
9.839,0.6340432,0.3659568
9.84,0.6340432,0.3659568
9.841,0.6340432,0.3659568
9.842,0.6340432,0.3659568
9.843,0.6340432,0.3659568
9.844,0.6340432,0.3659568
9.845,0.6340432,0.3659568
9.846,0.6340432,0.3659568
9.847,0.6340432,0.3659568
9.848,0.6340432,0.3659568
9.849,0.6340432,0.3659568
9.85,0.6340432,0.3659568
9.851,0.6340432,0.3659568
9.852,0.6340432,0.3659568
9.853,0.6340432,0.3659568
9.854,0.6340432,0.3659568
9.855,0.6340432,0.3659568
9.856,0.6340432,0.3659568
9.857,0.6340432,0.3659568
9.858,0.6340432,0.3659568
9.859,0.6340432,0.3659568
9.86,0.6340432,0.3659568
9.861,0.6340432,0.3659568
9.862,0.6340432,0.3659568
9.863,0.6340432,0.3659568
9.864,0.6340432,0.3659568
9.865,0.6340432,0.3659568
9.866,0.6340432,0.3659568
9.867,0.6340432,0.3659568
9.868,0.6340432,0.3659568
9.869,0.6340432,0.3659568
9.87,0.6340432,0.3659568
9.871,0.6340432,0.3659568
9.872,0.6340432,0.3659568
9.873,0.6340432,0.3659568
9.874,0.6340432,0.3659568
9.875,0.6340432,0.3659568
9.876,0.6340432,0.3659568
9.877,0.6340432,0.3659568
9.878,0.6340432,0.3659568
9.879,0.6340432,0.3659568
9.88,0.6340432,0.3659568
9.881,0.6340432,0.3659568
9.882,0.6340432,0.3659568
9.883,0.6340432,0.3659568
9.884,0.6340432,0.3659568
9.885,0.6340432,0.3659568
9.886,0.6340432,0.3659568
9.887,0.6340432,0.3659568
9.888,0.6340432,0.3659568
9.889,0.6340432,0.3659568
9.89,0.6340432,0.3659568
9.891,0.6340432,0.3659568
9.892,0.6340432,0.3659568
9.893,0.6340432,0.3659568
9.894,0.6340432,0.3659568
9.895,0.6340432,0.3659568
9.896,0.6340432,0.3659568
9.897,0.6340432,0.3659568
9.898,0.6340432,0.3659568
9.899,0.6340432,0.3659568
9.9,0.6340432,0.3659568
9.901,0.6340432,0.3659568
9.902,0.6340432,0.3659568
9.903,0.6340432,0.3659568
9.904,0.6340432,0.3659568
9.905,0.6340432,0.3659568
9.906,0.6340432,0.3659568
9.907,0.6340432,0.3659568
9.908,0.6340432,0.3659568
9.909,0.6340432,0.3659568
9.91,0.6340432,0.3659568
9.911,0.6340432,0.3659568
9.912,0.6340432,0.3659568
9.913,0.6340432,0.3659568
9.914,0.6340432,0.3659568
9.915,0.6340432,0.3659568
9.916,0.6340432,0.3659568
9.917,0.6340432,0.3659568
9.918,0.6340432,0.3659568
9.919,0.6340432,0.3659568
9.92,0.6340432,0.3659568
9.921,0.6340432,0.3659568
9.922,0.6340432,0.3659568
9.923,0.6340432,0.3659568
9.924,0.6340432,0.3659568
9.925,0.6340432,0.3659568
9.926,0.6340432,0.3659568
9.927,0.6340432,0.3659568
9.928,0.6340432,0.3659568
9.929,0.6340432,0.3659568
9.93,0.6340432,0.3659568
9.931,0.6340432,0.3659568
9.932,0.6340432,0.3659568
9.933,0.6340432,0.3659568
9.934,0.6340432,0.3659568
9.935,0.6340432,0.3659568
9.936,0.6340432,0.3659568
9.937,0.6340432,0.3659568
9.938,0.6340432,0.3659568
9.939,0.6340432,0.3659568
9.94,0.6340432,0.3659568
9.941,0.6340432,0.3659568
9.942,0.6340432,0.3659568
9.943,0.6340432,0.3659568
9.944,0.6340432,0.3659568
9.945,0.6340432,0.3659568
9.946,0.6340432,0.3659568
9.947,0.6340432,0.3659568
9.948,0.6340432,0.3659568
9.949,0.6340432,0.3659568
9.95,0.6340432,0.3659568
9.951,0.6340432,0.3659568
9.952,0.6340432,0.3659568
9.953,0.6340432,0.3659568
9.954,0.6340432,0.3659568
9.955,0.6340432,0.3659568
9.956,0.6340432,0.3659568
9.957,0.6340432,0.3659568
9.958,0.6340432,0.3659568
9.959,0.6340432,0.3659568
9.96,0.6340432,0.3659568
9.961,0.6340432,0.3659568
9.962,0.6340432,0.3659568
9.963,0.6340432,0.3659568
9.964,0.6340432,0.3659568
9.965,0.6340432,0.3659568
9.966,0.6340432,0.3659568
9.967,0.6340432,0.3659568
9.968,0.6340432,0.3659568
9.969,0.6340432,0.3659568
9.97,0.6340432,0.3659568
9.971,0.6340432,0.3659568
9.972,0.6340432,0.3659568
9.973,0.6340432,0.3659568
9.974,0.6340432,0.3659568
9.975,0.6340432,0.3659568
9.976,0.6340432,0.3659568
9.977,0.6340432,0.3659568
9.978,0.6340432,0.3659568
9.979,0.6340432,0.3659568
9.98,0.6340432,0.3659568
9.981,0.6340432,0.3659568
9.982,0.6340432,0.3659568
9.983,0.6340432,0.3659568
9.984,0.6340432,0.3659568
9.985,0.6340432,0.3659568
9.986,0.6340432,0.3659568
9.987,0.6340432,0.3659568
9.988,0.6340432,0.3659568
9.989,0.6340432,0.3659568
9.99,0.6340432,0.3659568
9.991,0.6340432,0.3659568
9.992,0.6340432,0.3659568
9.993,0.6340432,0.3659568
9.994,0.6340432,0.3659568
9.995,0.6340432,0.3659568
9.996,0.6340432,0.3659568
9.997,0.6340432,0.3659568
9.998,0.6340432,0.3659568
9.999,0.6340432,0.3659568
10.0,0.6340432,0.3659568
