x,phase_1,phase_2
0.0,0.0,0.0
0.001,0.0003008,0.0003062
0.002,0.0006024,0.0005994
0.003,0.000886,0.000885
0.004,0.001159,0.0011742
0.005,0.0014576,0.001467
0.006,0.0017594,0.0017496
0.007,0.0020496,0.0020358
0.008,0.0023266,0.0023466
0.009,0.002618,0.0026556
0.01,0.0028924,0.0029678
0.011,0.0031802,0.0032474
0.012,0.0034644,0.0035422
0.013,0.0037662,0.0038332
0.014,0.0040642,0.0041246
0.015,0.0043498,0.0043994
0.016,0.0046452,0.0047028
0.017,0.0049364,0.0049868
0.018,0.0052086,0.005286
0.019,0.0054982,0.0055628
0.02,0.0057878,0.0058488
0.021,0.0060726,0.0061266
0.022,0.0063666,0.0064138
0.023,0.006661,0.0067004
0.024,0.0069514,0.006973
0.025,0.0072552,0.0072544
0.026,0.0075306,0.0075378
0.027,0.0078268,0.0078378
0.028,0.0081208,0.008122
0.029,0.0084132,0.0084042
0.03,0.0087084,0.0086926
0.031,0.0090034,0.00898
0.032,0.0092932,0.009279
0.033,0.0095604,0.009558
0.034,0.009844,0.0098402
0.035,0.0101372,0.0101258
0.036,0.010405,0.010415
0.037,0.0106954,0.0107094
0.038,0.0109744,0.0110146
0.039,0.0112688,0.0113128
0.04,0.0115522,0.0115882
0.041,0.0118476,0.0118652
0.042,0.0121552,0.0121674
0.043,0.0124378,0.0124768
0.044,0.0127388,0.0127514
0.045,0.0130324,0.0130604
0.046,0.0133068,0.0133554
0.047,0.0136218,0.0136442
0.048,0.0138978,0.0139402
0.049,0.014186,0.0142226
0.05,0.014473,0.0145052
0.051,0.0147558,0.0147842
0.052,0.0150802,0.0150854
0.053,0.0153742,0.0153712
0.054,0.0156626,0.0156506
0.055,0.0159612,0.0159368
0.056,0.0162614,0.0162238
0.057,0.016543,0.0164978
0.058,0.0168408,0.0167722
0.059,0.0171436,0.0170598
0.06,0.0174254,0.0173388
0.061,0.017705,0.0176342
0.062,0.0180024,0.0179204
0.063,0.018292,0.0182118
0.064,0.0185748,0.0184984
0.065,0.0188542,0.0187832
0.066,0.0191242,0.0190496
0.067,0.019418,0.0193366
0.068,0.0197012,0.0196278
0.069,0.0199764,0.019916
0.07,0.020265,0.0202004
0.071,0.02056,0.0204832
0.072,0.0208428,0.0207432
0.073,0.0211408,0.021037
0.074,0.0214394,0.0213256
0.075,0.0217348,0.0216216
0.076,0.0220272,0.0219058
0.077,0.0223296,0.0221852
0.078,0.0226182,0.0224804
0.079,0.0229248,0.0227642
0.08,0.0232132,0.0230584
0.081,0.0235164,0.0233516
0.082,0.0238036,0.0236318
0.083,0.0240946,0.0239224
0.084,0.0243666,0.0241904
0.085,0.0246504,0.0244702
0.086,0.0249576,0.024755
0.087,0.0252386,0.0250318
0.088,0.025521,0.025306
0.089,0.0258146,0.0255826
0.09,0.0260962,0.0258446
0.091,0.0263824,0.0261182
0.092,0.0266674,0.0263874
0.093,0.0269382,0.0266714
0.094,0.027216,0.0269524
0.095,0.0275028,0.027244
0.096,0.0277934,0.0275292
0.097,0.0280996,0.0277968
0.098,0.0283934,0.0280656
0.099,0.0286976,0.0283474
0.1,0.0289934,0.0286484
0.101,0.0292802,0.0289618
0.102,0.0295802,0.0292446
0.103,0.0298952,0.029507
0.104,0.0301976,0.0298034
0.105,0.0304852,0.0300932
0.106,0.03075,0.0303616
0.107,0.0310372,0.030663
0.108,0.031335,0.0309332
0.109,0.0316252,0.031214
0.11,0.0319208,0.0314924
0.111,0.0322032,0.0317764
0.112,0.0324846,0.0320528
0.113,0.0327872,0.0323144
0.114,0.0330734,0.0326128
0.115,0.0333536,0.0328842
0.116,0.0336398,0.033167
0.117,0.0339282,0.0334526
0.118,0.0342312,0.0337382
0.119,0.0345162,0.0340022
0.12,0.0347908,0.0342852
0.121,0.0350666,0.0345512
0.122,0.0353426,0.0348204
0.123,0.0356334,0.0351078
0.124,0.0359352,0.0353818
0.125,0.0362446,0.0356676
0.126,0.036535,0.0359706
0.127,0.0368384,0.0362496
0.128,0.0371308,0.0365214
0.129,0.0374208,0.0368064
0.13,0.0376984,0.037065
0.131,0.0380006,0.0373456
0.132,0.0382932,0.0376296
0.133,0.0385952,0.037909
0.134,0.038898,0.0381796
0.135,0.0391746,0.0384526
0.136,0.0394586,0.038741
0.137,0.039743,0.0390436
0.138,0.0400336,0.0393282
0.139,0.040331,0.0396106
0.14,0.040631,0.0398912
0.141,0.0409388,0.0401834
0.142,0.0412236,0.040463
0.143,0.0415322,0.040745
0.144,0.0418368,0.0410234
0.145,0.0421528,0.0413122
0.146,0.0424298,0.0416002
0.147,0.0427254,0.0418978
0.148,0.0430188,0.0421782
0.149,0.043296,0.0424282
0.15,0.043586,0.042706
0.151,0.0438558,0.0429792
0.152,0.0441498,0.0432412
0.153,0.0444332,0.043499
0.154,0.0447062,0.043788
0.155,0.045012,0.044064
0.156,0.0453118,0.0443344
0.157,0.0456134,0.0445988
0.158,0.0458992,0.0448634
0.159,0.0461874,0.045123
0.16,0.0465024,0.0453904
0.161,0.0467904,0.0456706
0.162,0.0470594,0.0459534
0.163,0.0473716,0.0462248
0.164,0.04767,0.0465116
0.165,0.0479574,0.0467614
0.166,0.048249,0.047034
0.167,0.0485352,0.0473138
0.168,0.0488248,0.047591
0.169,0.0491032,0.0478626
0.17,0.04939,0.0481248
0.171,0.049687,0.0484134
0.172,0.0499988,0.048688
0.173,0.0502946,0.048964
0.174,0.0505926,0.0492326
0.175,0.0508728,0.0494926
0.176,0.0511564,0.0497754
0.177,0.0514302,0.050076
0.178,0.0517374,0.0503286
0.179,0.0520422,0.0506098
0.18,0.0523282,0.0509108
0.181,0.0526344,0.0511804
0.182,0.0529156,0.0514594
0.183,0.0532028,0.051726
0.184,0.0534954,0.05201
0.185,0.0537794,0.0522776
0.186,0.0540786,0.052543
0.187,0.0543726,0.0528176
0.188,0.0546648,0.053091
0.189,0.0549584,0.053361
0.19,0.0552426,0.0536362
0.191,0.055551,0.0539232
0.192,0.0558314,0.0541844
0.193,0.0561116,0.0544658
0.194,0.056424,0.054722
0.195,0.0567142,0.0550084
0.196,0.0570086,0.055296
0.197,0.0573026,0.0555724
0.198,0.0575782,0.0558426
0.199,0.0578732,0.0561284
0.2,0.0581688,0.0563818
0.201,0.0584696,0.0566264
0.202,0.058767,0.0568994
0.203,0.0590706,0.0571614
0.204,0.059365,0.0574404
0.205,0.059645,0.057714
0.206,0.0599584,0.0579918
0.207,0.060249,0.0582688
0.208,0.0605356,0.0585174
0.209,0.0608356,0.0587912
0.21,0.0611452,0.0590624
0.211,0.0614402,0.059328
0.212,0.0617318,0.0595952
0.213,0.0620412,0.0598794
0.214,0.0623318,0.060151
0.215,0.0626238,0.0604174
0.216,0.0628994,0.0606724
0.217,0.0631912,0.0609476
0.218,0.0634824,0.0612208
0.219,0.0637824,0.0614988
0.22,0.064054,0.06177
0.221,0.064379,0.0620434
0.222,0.0646696,0.062321
0.223,0.0649794,0.0625852
0.224,0.0652626,0.0628452
0.225,0.0655492,0.063109
0.226,0.0658374,0.0633706
0.227,0.0661278,0.0636494
0.228,0.0664512,0.0639176
0.229,0.066731,0.0641748
0.23,0.0670244,0.0644262
0.231,0.0672982,0.0646974
0.232,0.0675872,0.0649472
0.233,0.067895,0.0652258
0.234,0.068191,0.0654906
0.235,0.0684784,0.0657474
0.236,0.0687794,0.0660108
0.237,0.0690712,0.066303
0.238,0.0693768,0.066581
0.239,0.069658,0.0668412
0.24,0.0699696,0.0671088
0.241,0.0702628,0.067374
0.242,0.0705472,0.0676302
0.243,0.0708326,0.067897
0.244,0.0711222,0.0681496
0.245,0.0714078,0.0684028
0.246,0.0717058,0.0686698
0.247,0.0719902,0.0689278
0.248,0.0722796,0.069201
0.249,0.0725726,0.0694516
0.25,0.0728702,0.0697098
0.251,0.0731786,0.0700022
0.252,0.0734906,0.0702802
0.253,0.073807,0.070546
0.254,0.0740878,0.0708256
0.255,0.0743532,0.0710952
0.256,0.0746292,0.0713694
0.257,0.0749194,0.071633
0.258,0.075237,0.0719168
0.259,0.0755534,0.0721804
0.26,0.0758416,0.072437
0.261,0.0761326,0.072699
0.262,0.0764348,0.0729664
0.263,0.0767194,0.073231
0.264,0.0770412,0.0734978
0.265,0.077317,0.073763
0.266,0.0776124,0.074014
0.267,0.0779058,0.074293
0.268,0.0782006,0.0745518
0.269,0.078495,0.0747958
0.27,0.0787792,0.0750716
0.271,0.0790792,0.0753378
0.272,0.0793696,0.0756294
0.273,0.0796606,0.0758968
0.274,0.0799436,0.076153
0.275,0.0802418,0.076425
0.276,0.0805544,0.076701
0.277,0.080849,0.076976
0.278,0.0811446,0.0772412
0.279,0.0814518,0.0774838
0.28,0.0817402,0.0777424
0.281,0.0820514,0.0779952
0.282,0.0823754,0.0782598
0.283,0.0826768,0.0785134
0.284,0.0829804,0.078775
0.285,0.083282,0.0790444
0.286,0.0835684,0.079301
0.287,0.0838466,0.079554
0.288,0.0841448,0.0797914
0.289,0.0844446,0.0800676
0.29,0.0847462,0.0803134
0.291,0.0850178,0.0805792
0.292,0.0853182,0.0808554
0.293,0.0856164,0.0811326
0.294,0.0859012,0.0813912
0.295,0.086201,0.0816616
0.296,0.0864914,0.0819094
0.297,0.0867724,0.082164
0.298,0.08705,0.08242
0.299,0.0873658,0.0826818
0.3,0.0876518,0.082949
0.301,0.0879422,0.0832218
0.302,0.0882324,0.0835058
0.303,0.0885282,0.0837624
0.304,0.0888112,0.0840318
0.305,0.0891064,0.08429
0.306,0.0893904,0.084564
0.307,0.089687,0.084842
0.308,0.0899696,0.0850806
0.309,0.0902722,0.0853416
0.31,0.0905766,0.0855988
0.311,0.0908646,0.0858522
0.312,0.0911604,0.086108
0.313,0.091454,0.0863576
0.314,0.0917372,0.0866168
0.315,0.0920204,0.0868846
0.316,0.092308,0.0871426
0.317,0.0926166,0.0873998
0.318,0.0929102,0.0876612
0.319,0.0931974,0.0879332
0.32,0.0934996,0.0881992
0.321,0.0937828,0.0884568
0.322,0.0940774,0.0887072
0.323,0.0943644,0.0889678
0.324,0.0946732,0.089237
0.325,0.094995,0.089497
0.326,0.0952572,0.0897292
0.327,0.0955438,0.0900004
0.328,0.0958404,0.0902708
0.329,0.0961324,0.090537
0.33,0.0964136,0.090788
0.331,0.0967128,0.0910456
0.332,0.0970126,0.0913248
0.333,0.0973028,0.0915778
0.334,0.0976018,0.0918474
0.335,0.0979076,0.0921106
0.336,0.0981964,0.0923526
0.337,0.0984944,0.0925988
0.338,0.0987924,0.0928462
0.339,0.0990828,0.0931118
0.34,0.0993722,0.0933572
0.341,0.099646,0.0935994
0.342,0.0999508,0.0938596
0.343,0.1002296,0.0941172
0.344,0.100529,0.0943748
0.345,0.1008236,0.0946212
0.346,0.1011004,0.0948684
0.347,0.1014074,0.09513
0.348,0.1017004,0.0953914
0.349,0.1020092,0.0956432
0.35,0.102308,0.0958974
0.351,0.1025842,0.096149
0.352,0.1028582,0.0964154
0.353,0.1031616,0.0966742
0.354,0.103448,0.0969282
0.355,0.1037522,0.0971862
0.356,0.1040504,0.0974474
0.357,0.1043402,0.0977034
0.358,0.1046314,0.0979626
0.359,0.1049148,0.0982342
0.36,0.1051844,0.0984886
0.361,0.1054866,0.0987556
0.362,0.1057782,0.0990098
0.363,0.1060572,0.099275
0.364,0.1063694,0.099538
0.365,0.1066644,0.0998
0.366,0.106957,0.1000632
0.367,0.1072504,0.1003248
0.368,0.107551,0.1005826
0.369,0.1078382,0.10084
0.37,0.1081226,0.1010996
0.371,0.108407,0.1013604
0.372,0.1087042,0.1015946
0.373,0.108988,0.1018386
0.374,0.109271,0.1020824
0.375,0.1095634,0.1023428
0.376,0.109846,0.1025928
0.377,0.1101092,0.1028474
0.378,0.110404,0.1031056
0.379,0.1106764,0.1033436
0.38,0.1109734,0.103604
0.381,0.111279,0.1038466
0.382,0.1115912,0.1041076
0.383,0.1118892,0.1043668
0.384,0.1121848,0.1046212
0.385,0.1124744,0.1048738
0.386,0.1127592,0.1051156
0.387,0.113053,0.1053642
0.388,0.1133482,0.1056224
0.389,0.1136374,0.1058796
0.39,0.1139304,0.1061424
0.391,0.1142288,0.1063944
0.392,0.1145188,0.1066412
0.393,0.1148242,0.1068994
0.394,0.1151208,0.1071308
0.395,0.1154094,0.1073962
0.396,0.1156928,0.1076276
0.397,0.1159902,0.1078754
0.398,0.116281,0.1081152
0.399,0.116578,0.1083726
0.4,0.116867,0.1086286
0.401,0.11716,0.10888
0.402,0.1174658,0.1091252
0.403,0.1177396,0.1093626
0.404,0.1180286,0.1096214
0.405,0.1183196,0.1098798
0.406,0.118592,0.1101344
0.407,0.1188746,0.11038
0.408,0.119176,0.11064
0.409,0.1194512,0.110893
0.41,0.119735,0.111143
0.411,0.1200292,0.1113886
0.412,0.1203098,0.1116314
0.413,0.1205822,0.1118828
0.414,0.1208854,0.112132
0.415,0.1211792,0.1123948
0.416,0.1214594,0.1126426
0.417,0.121769,0.1128722
0.418,0.1220568,0.1131322
0.419,0.1223168,0.1133624
0.42,0.1226242,0.1136232
0.421,0.122904,0.113868
0.422,0.1231906,0.1141126
0.423,0.1234832,0.1143738
0.424,0.123794,0.1146194
0.425,0.1240792,0.114881
0.426,0.1243758,0.1151298
0.427,0.1246674,0.1153878
0.428,0.1249536,0.115651
0.429,0.1252454,0.1159088
0.43,0.125523,0.116149
0.431,0.1258464,0.1163864
0.432,0.1261364,0.1166428
0.433,0.1264508,0.1168802
0.434,0.1267372,0.1171344
0.435,0.127035,0.1173784
0.436,0.127318,0.117636
0.437,0.1276074,0.1178798
0.438,0.1279082,0.1181296
0.439,0.1281986,0.1183818
0.44,0.1285082,0.1186266
0.441,0.128802,0.118878
0.442,0.1291042,0.1191242
0.443,0.1294036,0.119383
0.444,0.1296984,0.1196222
0.445,0.1299884,0.119861
0.446,0.1302896,0.1201166
0.447,0.1305728,0.120342
0.448,0.1308544,0.120576
0.449,0.131139,0.1208366
0.45,0.131433,0.1210756
0.451,0.1317218,0.1213318
0.452,0.1320126,0.1215868
0.453,0.1323064,0.121836
0.454,0.1325812,0.1220722
0.455,0.1328908,0.1223054
0.456,0.1331822,0.1225598
0.457,0.133473,0.1227986
0.458,0.133773,0.12304
0.459,0.1340584,0.1232866
0.46,0.1343598,0.12354
0.461,0.1346526,0.1237792
0.462,0.1349268,0.1240262
0.463,0.1352238,0.1242552
0.464,0.1355006,0.1245032
0.465,0.1357978,0.1247322
0.466,0.1360958,0.1249736
0.467,0.1363694,0.1252228
0.468,0.1366552,0.125469
0.469,0.1369528,0.1257182
0.47,0.1372388,0.1259716
0.471,0.1375422,0.126224
0.472,0.1378456,0.1264672
0.473,0.1381362,0.1267042
0.474,0.1384278,0.126941
0.475,0.1387166,0.1271682
0.476,0.1390046,0.1274034
0.477,0.1392944,0.1276628
0.478,0.1395798,0.127922
0.479,0.1398842,0.1281774
0.48,0.1401782,0.1284282
0.481,0.140476,0.1286526
0.482,0.140769,0.1288992
0.483,0.1410546,0.129157
0.484,0.1413392,0.1293918
0.485,0.1416234,0.1296384
0.486,0.1419138,0.129884
0.487,0.1422158,0.1301278
0.488,0.1425224,0.1303636
0.489,0.1428186,0.1306102
0.49,0.1431116,0.130861
0.491,0.1434034,0.1311076
0.492,0.1437086,0.1313298
0.493,0.1439876,0.1315848
0.494,0.144289,0.13182
0.495,0.144576,0.132056
0.496,0.1448896,0.1323082
0.497,0.1452006,0.1325338
0.498,0.145498,0.1327622
0.499,0.1457812,0.133017
0.5,0.146072,0.1332412
0.501,0.146368,0.1334738
0.502,0.1466606,0.1337208
0.503,0.146939,0.1339578
0.504,0.1472384,0.1342158
0.505,0.1475434,0.134457
0.506,0.147849,0.134673
0.507,0.148133,0.1349102
0.508,0.1484294,0.1351418
0.509,0.1487228,0.1353838
0.51,0.1490148,0.1356192
0.511,0.1492972,0.1358644
0.512,0.1495852,0.1360998
0.513,0.1498818,0.1363276
0.514,0.150167,0.1365556
0.515,0.1504532,0.136784
0.516,0.1507466,0.13702
0.517,0.1510466,0.1372638
0.518,0.1513316,0.1374886
0.519,0.1516278,0.1377162
0.52,0.1519212,0.1379712
0.521,0.1522324,0.1381982
0.522,0.152531,0.1384306
0.523,0.1528294,0.138668
0.524,0.1531196,0.138911
0.525,0.153421,0.1391446
0.526,0.153697,0.1393814
0.527,0.1539896,0.1396112
0.528,0.1542816,0.1398552
0.529,0.1545738,0.1400872
0.53,0.1548786,0.1403184
0.531,0.155164,0.1405546
0.532,0.1554476,0.140799
0.533,0.1557408,0.1410368
0.534,0.156027,0.1412738
0.535,0.156315,0.141504
0.536,0.1566248,0.141736
0.537,0.1569248,0.1419742
0.538,0.1572202,0.1422084
0.539,0.1575116,0.1424494
0.54,0.157795,0.1426892
0.541,0.1580892,0.142938
0.542,0.158371,0.1431662
0.543,0.1586558,0.143392
0.544,0.1589596,0.1436158
0.545,0.1592472,0.1438486
0.546,0.1595236,0.1440758
0.547,0.159808,0.144317
0.548,0.160098,0.1445582
0.549,0.1603822,0.1447998
0.55,0.1606566,0.1450366
0.551,0.1609406,0.1452738
0.552,0.1612438,0.1455222
0.553,0.1615366,0.145741
0.554,0.1618396,0.1459844
0.555,0.1621296,0.1462046
0.556,0.1624108,0.1464538
0.557,0.1627012,0.1466948
0.558,0.1629756,0.1469294
0.559,0.1632658,0.1471836
0.56,0.163538,0.147422
0.561,0.1638292,0.1476552
0.562,0.164122,0.1478986
0.563,0.1644108,0.1481276
0.564,0.164718,0.1483456
0.565,0.1650082,0.1485906
0.566,0.1653022,0.1488186
0.567,0.165583,0.1490598
0.568,0.1658778,0.1492808
0.569,0.1661618,0.1495208
0.57,0.166474,0.1497568
0.571,0.1667692,0.1499818
0.572,0.1670696,0.1502048
0.573,0.1673592,0.1504274
0.574,0.1676614,0.1506686
0.575,0.1679574,0.1508894
0.576,0.168242,0.1511176
0.577,0.168534,0.1513538
0.578,0.168834,0.1516036
0.579,0.1691254,0.1518398
0.58,0.1694128,0.1520736
0.581,0.1696912,0.152306
0.582,0.1699864,0.1525426
0.583,0.1702568,0.1527648
0.584,0.1705476,0.1530082
0.585,0.1708326,0.153237
0.586,0.1711304,0.1534708
0.587,0.1714224,0.1537108
0.588,0.1717148,0.1539256
0.589,0.1720186,0.1541426
0.59,0.172299,0.1543718
0.591,0.172595,0.154605
0.592,0.1728956,0.1548414
0.593,0.173191,0.15507
0.594,0.1734842,0.1553084
0.595,0.1737604,0.1555342
0.596,0.1740544,0.1557526
0.597,0.174331,0.1559946
0.598,0.174617,0.1562282
0.599,0.174895,0.1564506
0.6,0.1751638,0.1566898
0.601,0.175464,0.1569222
0.602,0.1757512,0.1571514
0.603,0.1760334,0.1573778
0.604,0.1763152,0.1576026
0.605,0.17661,0.157835
0.606,0.176896,0.1580628
0.607,0.1771816,0.158301
0.608,0.1774796,0.15853
0.609,0.1777648,0.1587496
0.61,0.17805,0.158977
0.611,0.178349,0.1592178
0.612,0.1786398,0.1594536
0.613,0.178951,0.15967
0.614,0.179243,0.159905
0.615,0.1795184,0.160117
0.616,0.179804,0.1603494
0.617,0.1801062,0.1605904
0.618,0.1803898,0.1608212
0.619,0.1806776,0.1610456
0.62,0.1809512,0.1612572
0.621,0.1812364,0.1614992
0.622,0.1815336,0.161719
0.623,0.18183,0.1619406
0.624,0.1821088,0.1621784
0.625,0.1823962,0.1624008
0.626,0.1827164,0.1626242
0.627,0.182998,0.1628372
0.628,0.1832868,0.1630836
0.629,0.1835806,0.163313
0.63,0.1838654,0.1635412
0.631,0.1841456,0.1637586
0.632,0.184442,0.1640166
0.633,0.184742,0.1642412
0.634,0.1850514,0.1644718
0.635,0.1853222,0.1646952
0.636,0.1856204,0.1649204
0.637,0.1859026,0.165144
0.638,0.1861692,0.1653668
0.639,0.1864566,0.1655704
0.64,0.186732,0.165781
0.641,0.1870232,0.1660052
0.642,0.1873054,0.166227
0.643,0.1875822,0.1664466
0.644,0.1878878,0.1666578
0.645,0.188196,0.1668832
0.646,0.1884936,0.1671168
0.647,0.1887756,0.167346
0.648,0.1890576,0.167564
0.649,0.189359,0.1677876
0.65,0.189665,0.1679904
0.651,0.1899438,0.1682108
0.652,0.1902252,0.168455
0.653,0.1905254,0.1686844
0.654,0.1908054,0.1688946
0.655,0.191097,0.1691182
0.656,0.1913944,0.169337
0.657,0.191679,0.1695806
0.658,0.1919394,0.169798
0.659,0.192235,0.1700278
0.66,0.1925208,0.1702532
0.661,0.1927954,0.1704718
0.662,0.1930972,0.1706882
0.663,0.1934012,0.1709162
0.664,0.1936962,0.1711484
0.665,0.1939986,0.1713692
0.666,0.1942946,0.1716054
0.667,0.1945654,0.1718302
0.668,0.194851,0.1720574
0.669,0.1951276,0.1722812
0.67,0.1953974,0.1725038
0.671,0.1956852,0.172721
0.672,0.1959786,0.1729212
0.673,0.1962446,0.173145
0.674,0.1965314,0.1733694
0.675,0.1968204,0.1735864
0.676,0.197109,0.1738068
0.677,0.1973788,0.1740208
0.678,0.1976512,0.1742366
0.679,0.1979406,0.174456
0.68,0.198207,0.1746714
0.681,0.1984906,0.1748878
0.682,0.1987988,0.175121
0.683,0.1990622,0.1753524
0.684,0.1993376,0.1755664
0.685,0.1996456,0.175782
0.686,0.1999372,0.175998
0.687,0.2002172,0.1762016
0.688,0.2004924,0.176415
0.689,0.2007608,0.1766386
0.69,0.2010506,0.1768662
0.691,0.2013308,0.1770898
0.692,0.2016248,0.1773246
0.693,0.2019124,0.177517
0.694,0.2022024,0.1777466
0.695,0.2024942,0.1779622
0.696,0.202782,0.1781714
0.697,0.2030636,0.178386
0.698,0.2033456,0.1786118
0.699,0.2036414,0.1788426
0.7,0.2039312,0.1790796
0.701,0.204211,0.1793022
0.702,0.2045044,0.1795196
0.703,0.204792,0.1797426
0.704,0.205068,0.179951
0.705,0.2053404,0.1801566
0.706,0.205621,0.1803906
0.707,0.2059008,0.1806024
0.708,0.2061712,0.1808206
0.709,0.2064692,0.1810394
0.71,0.2067492,0.181272
0.711,0.2070264,0.1814822
0.712,0.2073268,0.181703
0.713,0.207605,0.181912
0.714,0.2078838,0.1821192
0.715,0.2081588,0.182355
0.716,0.2084502,0.1825824
0.717,0.2087466,0.1827956
0.718,0.209036,0.1829984
0.719,0.2093206,0.1832164
0.72,0.2096144,0.1834228
0.721,0.2099048,0.1836484
0.722,0.2102046,0.1838552
0.723,0.2105068,0.184067
0.724,0.210787,0.1842708
0.725,0.2110772,0.1844896
0.726,0.2113428,0.1847202
0.727,0.2116326,0.1849252
0.728,0.2119128,0.1851474
0.729,0.2122038,0.1853534
0.73,0.212492,0.1855642
0.731,0.2127792,0.1857804
0.732,0.2130626,0.185986
0.733,0.2133522,0.186207
0.734,0.2136418,0.1864204
0.735,0.2139256,0.1866416
0.736,0.214196,0.1868434
0.737,0.2144934,0.1870464
0.738,0.214768,0.1872592
0.739,0.2150534,0.1874668
0.74,0.2153428,0.1876798
0.741,0.215634,0.187895
0.742,0.2159262,0.1881172
0.743,0.2162164,0.1883304
0.744,0.2164926,0.1885518
0.745,0.216792,0.1887524
0.746,0.2170644,0.1889528
0.747,0.2173272,0.1891696
0.748,0.2176004,0.1893858
0.749,0.2178988,0.189606
0.75,0.2181986,0.1898232
0.751,0.2184756,0.1900386
0.752,0.2187466,0.190248
0.753,0.2190244,0.1904564
0.754,0.2193066,0.190675
0.755,0.2195766,0.190896
0.756,0.2198624,0.1911144
0.757,0.2201646,0.1913242
0.758,0.2204404,0.1915368
0.759,0.2207214,0.191743
0.76,0.2209904,0.1919426
0.761,0.221282,0.1921528
0.762,0.2215642,0.192364
0.763,0.2218426,0.192584
0.764,0.2221158,0.1927968
0.765,0.2224028,0.1930156
0.766,0.222682,0.1932156
0.767,0.2229694,0.1934166
0.768,0.2232384,0.1936114
0.769,0.2235224,0.1938312
0.77,0.223795,0.1940276
0.771,0.2240678,0.1942352
0.772,0.2243336,0.194429
0.773,0.2246168,0.1946328
0.774,0.2248972,0.1948416
0.775,0.2251744,0.1950576
0.776,0.2254402,0.195259
0.777,0.2257184,0.1954686
0.778,0.2260188,0.1956786
0.779,0.226279,0.1958952
0.78,0.2265462,0.1960912
0.781,0.2268374,0.1963022
0.782,0.2271128,0.1965182
0.783,0.2273764,0.1967334
0.784,0.227667,0.1969424
0.785,0.2279448,0.1971576
0.786,0.2282352,0.1973598
0.787,0.2285304,0.1975748
0.788,0.2288016,0.1977872
0.789,0.2290606,0.197998
0.79,0.2293526,0.1982036
0.791,0.2296502,0.1984118
0.792,0.2299488,0.1986458
0.793,0.2302306,0.1988542
0.794,0.2305262,0.199071
0.795,0.230804,0.1992722
0.796,0.2310956,0.1994748
0.797,0.2313996,0.1996664
0.798,0.2316878,0.1998622
0.799,0.2319656,0.2000638
0.8,0.2322488,0.2002656
0.801,0.2325152,0.2004664
0.802,0.2327986,0.2006756
0.803,0.23307,0.2008718
0.804,0.2333434,0.2010698
0.805,0.2336274,0.2012746
0.806,0.233914,0.201486
0.807,0.234205,0.2016934
0.808,0.2344888,0.2018874
0.809,0.2347716,0.2020934
0.81,0.2350478,0.202297
0.811,0.2353152,0.2024938
0.812,0.2355904,0.2027132
0.813,0.2358728,0.2029278
0.814,0.2361652,0.2031316
0.815,0.236453,0.2033294
0.816,0.23673,0.2035436
0.817,0.2370156,0.2037324
0.818,0.2372686,0.2039396
0.819,0.237556,0.2041414
0.82,0.2378368,0.2043314
0.821,0.2381164,0.2045458
0.822,0.2384156,0.204756
0.823,0.2386758,0.2049702
0.824,0.2389638,0.2051588
0.825,0.2392476,0.2053776
0.826,0.2395414,0.2055878
0.827,0.2398074,0.205787
0.828,0.2400798,0.2059818
0.829,0.24035,0.2061884
0.83,0.2406208,0.2063928
0.831,0.2409282,0.2066052
0.832,0.2412042,0.2067928
0.833,0.2414958,0.2069844
0.834,0.2417734,0.2071892
0.835,0.2420512,0.2073972
0.836,0.2423364,0.20761
0.837,0.24263,0.207802
0.838,0.2428918,0.2079982
0.839,0.2431904,0.2082006
0.84,0.2434758,0.2084044
0.841,0.2437518,0.2086098
0.842,0.2440212,0.2088084
0.843,0.2443126,0.2090004
0.844,0.2446008,0.2091964
0.845,0.2449056,0.2094052
0.846,0.2451624,0.209601
0.847,0.2454538,0.2098112
0.848,0.2457244,0.210009
0.849,0.2459948,0.2102282
0.85,0.2462694,0.2104234
0.851,0.2465522,0.210609
0.852,0.2468264,0.2107828
0.853,0.2471044,0.2109946
0.854,0.2473872,0.2112022
0.855,0.247649,0.211401
0.856,0.2479272,0.2116142
0.857,0.2482154,0.2118108
0.858,0.2484818,0.2120008
0.859,0.2487716,0.212207
0.86,0.249038,0.2124088
0.861,0.24933,0.2126034
0.862,0.249602,0.21281
0.863,0.249881,0.2130106
0.864,0.2501416,0.2131938
0.865,0.2504336,0.213389
0.866,0.2507048,0.2136024
0.867,0.2509876,0.2138164
0.868,0.2512718,0.2140272
0.869,0.2515478,0.2142308
0.87,0.2518266,0.2144048
0.871,0.2520868,0.2145964
0.872,0.2523596,0.2147878
0.873,0.2526234,0.21498
0.874,0.2529124,0.2151834
0.875,0.2531866,0.2153768
0.876,0.2534504,0.2155644
0.877,0.253742,0.215758
0.878,0.254024,0.2159484
0.879,0.254314,0.2161496
0.88,0.254592,0.2163354
0.881,0.2548708,0.2165386
0.882,0.2551466,0.2167326
0.883,0.2554144,0.2169296
0.884,0.2556786,0.217115
0.885,0.2559576,0.2173214
0.886,0.256236,0.217513
0.887,0.2565048,0.2177108
0.888,0.256781,0.2179034
0.889,0.2570482,0.2180912
0.89,0.257323,0.2182664
0.891,0.2576052,0.218448
0.892,0.257881,0.218655
0.893,0.2581436,0.2188552
0.894,0.2584206,0.2190538
0.895,0.2586804,0.219258
0.896,0.2589642,0.2194372
0.897,0.2592352,0.2196304
0.898,0.2595068,0.2198158
0.899,0.259775,0.220002
0.9,0.260065,0.220198
0.901,0.260331,0.2203858
0.902,0.2606104,0.2205734
0.903,0.260874,0.2207728
0.904,0.2611834,0.2209762
0.905,0.261454,0.2211764
0.906,0.2617168,0.2213742
0.907,0.261983,0.2215844
0.908,0.2622598,0.2217798
0.909,0.262542,0.2219752
0.91,0.2628146,0.222164
0.911,0.2630908,0.222375
0.912,0.2633452,0.2225682
0.913,0.2636134,0.2227526
0.914,0.2638892,0.2229448
0.915,0.2641598,0.223134
0.916,0.2644296,0.2233236
0.917,0.2647128,0.2235066
0.918,0.264976,0.2236758
0.919,0.2652562,0.2238678
0.92,0.2655276,0.2240636
0.921,0.2658084,0.2242532
0.922,0.266085,0.2244538
0.923,0.2663492,0.2246402
0.924,0.2666374,0.224822
0.925,0.2669286,0.2250052
0.926,0.2672076,0.2252106
0.927,0.2674722,0.2254214
0.928,0.2677402,0.225615
0.929,0.2680152,0.225804
0.93,0.2683004,0.2260052
0.931,0.2685684,0.2261922
0.932,0.268845,0.226375
0.933,0.269124,0.2265592
0.934,0.2694084,0.2267524
0.935,0.2696946,0.2269456
0.936,0.2699654,0.227134
0.937,0.2702254,0.2273196
0.938,0.2705114,0.227517
0.939,0.2707954,0.2277086
0.94,0.2710888,0.2278804
0.941,0.2713572,0.2280836
0.942,0.2716446,0.2282858
0.943,0.2719062,0.2284722
0.944,0.2721834,0.2286644
0.945,0.2724672,0.2288382
0.946,0.2727348,0.2290344
0.947,0.2730104,0.2292312
0.948,0.2732886,0.2294216
0.949,0.2735452,0.2295914
0.95,0.273821,0.2297812
0.951,0.2740942,0.229964
0.952,0.2743556,0.2301526
0.953,0.2746172,0.2303276
0.954,0.274888,0.2305054
0.955,0.27516,0.2306994
0.956,0.275423,0.230877
0.957,0.275697,0.2310614
0.958,0.2759732,0.231249
0.959,0.2762542,0.2314352
0.96,0.2765188,0.2316318
0.961,0.2767942,0.2318208
0.962,0.2770586,0.2320074
0.963,0.2773354,0.2321708
0.964,0.2776202,0.2323638
0.965,0.277895,0.2325538
0.966,0.2781774,0.2327556
0.967,0.278453,0.2329486
0.968,0.278733,0.2331466
0.969,0.278991,0.2333292
0.97,0.2792546,0.2335094
0.971,0.2795204,0.2336966
0.972,0.2797944,0.2338798
0.973,0.2800614,0.2340664
0.974,0.2803292,0.2342512
0.975,0.2805978,0.2344414
0.976,0.2808696,0.2346146
0.977,0.281135,0.234787
0.978,0.2814144,0.2349724
0.979,0.2816662,0.235161
0.98,0.2819486,0.2353462
0.981,0.2822128,0.2355178
0.982,0.282483,0.2356842
0.983,0.2827656,0.2358748
0.984,0.283028,0.2360682
0.985,0.2832996,0.236241
0.986,0.283571,0.2364128
0.987,0.2838552,0.2366064
0.988,0.2841282,0.2367884
0.989,0.284415,0.2369704
0.99,0.2846716,0.237149
0.991,0.2849446,0.237323
0.992,0.2851948,0.237493
0.993,0.2854802,0.2376802
0.994,0.2857458,0.23785
0.995,0.2860318,0.238033
0.996,0.2863076,0.2382126
0.997,0.286585,0.2384008
0.998,0.286877,0.2385788
0.999,0.2871538,0.2387626
1.0,0.2874442,0.2389578
1.001,0.2877102,0.2391432
1.002,0.2879924,0.2393232
1.003,0.288246,0.2395068
1.004,0.2885308,0.2396844
1.005,0.2887978,0.2398614
1.006,0.2890762,0.2400426
1.007,0.2893406,0.2402106
1.008,0.2896038,0.2403918
1.009,0.289871,0.2405838
1.01,0.2901384,0.240751
1.011,0.2904088,0.2409152
1.012,0.2906858,0.2410898
1.013,0.2909602,0.2412658
1.014,0.2912386,0.241454
1.015,0.2915068,0.2416252
1.016,0.2917796,0.241794
1.017,0.2920548,0.2419632
1.018,0.2923246,0.2421404
1.019,0.292596,0.2423352
1.02,0.292866,0.2425204
1.021,0.2931128,0.2426896
1.022,0.2933636,0.2428772
1.023,0.2936364,0.243054
1.024,0.2939132,0.243232
1.025,0.2941608,0.2434006
1.026,0.2944218,0.2435686
1.027,0.2946978,0.2437524
1.028,0.2949552,0.2439268
1.029,0.2952088,0.2441018
1.03,0.2954904,0.2442756
1.031,0.2957576,0.2444494
1.032,0.2960298,0.2446226
1.033,0.2963064,0.244803
1.034,0.2965568,0.2449828
1.035,0.2968388,0.245169
1.036,0.2971274,0.245344
1.037,0.297383,0.245527
1.038,0.2976412,0.2456916
1.039,0.2979164,0.2458808
1.04,0.2982072,0.2460392
1.041,0.2984714,0.2462112
1.042,0.298744,0.2463762
1.043,0.2990076,0.2465482
1.044,0.2992662,0.2467172
1.045,0.2995286,0.2468824
1.046,0.2998026,0.2470564
1.047,0.3000854,0.2472468
1.048,0.3003432,0.2474204
1.049,0.3006332,0.247605
1.05,0.3009088,0.2477848
1.051,0.3011914,0.2479548
1.052,0.3014606,0.2481458
1.053,0.3017422,0.2483236
1.054,0.3020116,0.2484966
1.055,0.3022902,0.2486618
1.056,0.3025538,0.2488318
1.057,0.3028188,0.2490022
1.058,0.3030858,0.2491602
1.059,0.3033458,0.2493396
1.06,0.3036086,0.2495114
1.061,0.3038758,0.2496688
1.062,0.304147,0.2498446
1.063,0.3044166,0.2499948
1.064,0.3046754,0.2501668
1.065,0.3049478,0.2503556
1.066,0.3052172,0.2505288
1.067,0.3055256,0.2507146
1.068,0.3058082,0.2508852
1.069,0.3060776,0.2510586
1.07,0.3063204,0.2512302
1.071,0.3065868,0.2513844
1.072,0.3068294,0.2515598
1.073,0.307102,0.2517396
1.074,0.3073526,0.2519108
1.075,0.3076376,0.2520818
1.076,0.3079016,0.2522666
1.077,0.3081696,0.2524198
1.078,0.3084348,0.252596
1.079,0.3087108,0.2527726
1.08,0.3089746,0.2529378
1.081,0.3092358,0.2531066
1.082,0.309506,0.253292
1.083,0.3097762,0.2534704
1.084,0.3100426,0.2536402
1.085,0.3103016,0.2538026
1.086,0.3105784,0.2539686
1.087,0.310849,0.2541522
1.088,0.311114,0.2543184
1.089,0.3113852,0.2544826
1.09,0.3116376,0.2546526
1.091,0.311906,0.2548252
1.092,0.3121714,0.2549948
1.093,0.312447,0.2551704
1.094,0.3127364,0.2553406
1.095,0.312985,0.2555072
1.096,0.3132548,0.255676
1.097,0.3135166,0.2558514
1.098,0.3138004,0.2560354
1.099,0.3140696,0.2561918
1.1,0.3143528,0.2563634
1.101,0.3146222,0.2565384
1.102,0.314887,0.2567236
1.103,0.3151438,0.2568848
1.104,0.3154052,0.2570432
1.105,0.3156732,0.2572114
1.106,0.315934,0.257378
1.107,0.3161898,0.2575502
1.108,0.3164436,0.2577006
1.109,0.316733,0.2578708
1.11,0.3169992,0.2580434
1.111,0.3172604,0.2582268
1.112,0.3175226,0.2583958
1.113,0.3177908,0.258555
1.114,0.3180566,0.258711
1.115,0.3183162,0.2588822
1.116,0.3185644,0.259048
1.117,0.3188192,0.25921
1.118,0.3190822,0.2593644
1.119,0.3193432,0.2595358
1.12,0.3195956,0.259699
1.121,0.3198652,0.2598718
1.122,0.3201212,0.2600496
1.123,0.320375,0.260221
1.124,0.32063,0.2603654
1.125,0.320906,0.2605354
1.126,0.321173,0.2607042
1.127,0.3214338,0.2608746
1.128,0.3216908,0.261046
1.129,0.3219582,0.2612206
1.13,0.3222176,0.2613888
1.131,0.3224742,0.2615568
1.132,0.3227252,0.2617194
1.133,0.3230018,0.2618738
1.134,0.323264,0.2620318
1.135,0.3235288,0.2621876
1.136,0.323776,0.262344
1.137,0.3240266,0.262505
1.138,0.3242938,0.2626616
1.139,0.32456,0.2628312
1.14,0.3248122,0.263003
1.141,0.325054,0.2631624
1.142,0.3253226,0.26331
1.143,0.3255788,0.2634806
1.144,0.3258182,0.2636458
1.145,0.3260782,0.2637954
1.146,0.3263436,0.263951
1.147,0.3266072,0.264116
1.148,0.326873,0.264273
1.149,0.327135,0.2644324
1.15,0.327399,0.2645948
1.151,0.3276484,0.2647734
1.152,0.3279148,0.2649352
1.153,0.3281714,0.2651082
1.154,0.328415,0.2652706
1.155,0.328678,0.2654298
1.156,0.328943,0.2655922
1.157,0.3291816,0.265753
1.158,0.329447,0.265906
1.159,0.329717,0.2660686
1.16,0.3299566,0.2662362
1.161,0.3302338,0.2664068
1.162,0.3304996,0.2665822
1.163,0.3307742,0.2667256
1.164,0.3310428,0.266875
1.165,0.3313002,0.2670278
1.166,0.3315576,0.2671886
1.167,0.331811,0.2673528
1.168,0.3320696,0.2675136
1.169,0.3323338,0.2676784
1.17,0.3325826,0.267842
1.171,0.3328464,0.2680018
1.172,0.3331252,0.268161
1.173,0.333373,0.2683174
1.174,0.3336328,0.2684874
1.175,0.3339008,0.2686494
1.176,0.3341632,0.2688142
1.177,0.3344176,0.2689722
1.178,0.3346648,0.2691274
1.179,0.3349328,0.2692764
1.18,0.3351916,0.269436
1.181,0.3354634,0.2695922
1.182,0.3357178,0.269759
1.183,0.3359958,0.269921
1.184,0.3362414,0.270075
1.185,0.3364954,0.2702422
1.186,0.336757,0.2704164
1.187,0.3370116,0.2705568
1.188,0.337259,0.2707136
1.189,0.3375048,0.2708784
1.19,0.3377716,0.271036
1.191,0.3380364,0.2711968
1.192,0.3382806,0.2713478
1.193,0.3385424,0.2715146
1.194,0.3387998,0.2716816
1.195,0.3390576,0.2718458
1.196,0.3393066,0.2720108
1.197,0.339554,0.2721714
1.198,0.3398082,0.2723316
1.199,0.3400656,0.2724878
1.2,0.3403406,0.2726408
1.201,0.3405822,0.2727976
1.202,0.3408318,0.272955
1.203,0.3410862,0.2731298
1.204,0.3413478,0.2732824
1.205,0.3416112,0.2734418
1.206,0.341877,0.2735934
1.207,0.3421378,0.2737424
1.208,0.342385,0.2738998
1.209,0.342642,0.274048
1.21,0.3429032,0.2742118
1.211,0.343168,0.2743708
1.212,0.3434524,0.2745148
1.213,0.3437056,0.27467
1.214,0.3439774,0.2748346
1.215,0.3442296,0.2749948
1.216,0.3444756,0.2751488
1.217,0.3447388,0.2753018
1.218,0.3449854,0.2754484
1.219,0.34523,0.275603
1.22,0.345481,0.2757604
1.221,0.3457338,0.2759226
1.222,0.3459712,0.2760812
1.223,0.3462204,0.2762364
1.224,0.3464748,0.2763772
1.225,0.34674,0.2765284
1.226,0.3470058,0.2766882
1.227,0.3472828,0.2768272
1.228,0.3475442,0.276984
1.229,0.347791,0.2771198
1.23,0.3480324,0.277282
1.231,0.3483,0.2774404
1.232,0.3485718,0.2775904
1.233,0.3488228,0.2777502
1.234,0.3490742,0.2779086
1.235,0.349338,0.278073
1.236,0.3495954,0.2782136
1.237,0.3498684,0.2783642
1.238,0.3501204,0.2785246
1.239,0.3503764,0.2786734
1.24,0.3506238,0.2788256
1.241,0.3508718,0.2789842
1.242,0.3511276,0.2791268
1.243,0.3513868,0.2792746
1.244,0.3516508,0.2794336
1.245,0.351909,0.279568
1.246,0.3521674,0.2797216
1.247,0.352402,0.2798798
1.248,0.3526546,0.2800266
1.249,0.3529082,0.2801814
1.25,0.3531612,0.28033
1.251,0.3534126,0.2804864
1.252,0.3536528,0.2806364
1.253,0.3539302,0.2807844
1.254,0.3541896,0.2809208
1.255,0.3544674,0.2810748
1.256,0.3547258,0.2812166
1.257,0.354967,0.2813622
1.258,0.3552076,0.2815076
1.259,0.355447,0.2816514
1.26,0.3557,0.2818068
1.261,0.3559526,0.2819474
1.262,0.3562068,0.2820996
1.263,0.3564668,0.2822514
1.264,0.3567034,0.2824026
1.265,0.3569488,0.2825588
1.266,0.3571892,0.2826958
1.267,0.3574264,0.282845
1.268,0.357657,0.2829822
1.269,0.3578898,0.283136
1.27,0.3581286,0.2832868
1.271,0.3583836,0.2834354
1.272,0.358625,0.2835906
1.273,0.3588624,0.2837262
1.274,0.3591244,0.2838754
1.275,0.3593884,0.2840118
1.276,0.3596374,0.284174
1.277,0.3598842,0.2843132
1.278,0.3601352,0.2844576
1.279,0.3604032,0.2845986
1.28,0.3606606,0.2847408
1.281,0.3609042,0.2848946
1.282,0.3611586,0.28505
1.283,0.3613804,0.2852012
1.284,0.36163,0.2853394
1.285,0.3618638,0.2854908
1.286,0.362117,0.2856372
1.287,0.3623658,0.2857814
1.288,0.3626188,0.28592
1.289,0.3628598,0.2860746
1.29,0.3630964,0.286229
1.291,0.3633388,0.2863716
1.292,0.3635912,0.2865192
1.293,0.363829,0.28666
1.294,0.364102,0.2868038
1.295,0.3643588,0.2869578
1.296,0.3645876,0.2871054
1.297,0.3648178,0.287265
1.298,0.365064,0.2874042
1.299,0.3653236,0.2875504
1.3,0.3655778,0.2876834
1.301,0.3658166,0.2878332
1.302,0.3660662,0.2879608
1.303,0.3663046,0.288107
1.304,0.3665616,0.2882562
1.305,0.366813,0.288405
1.306,0.36705,0.2885522
1.307,0.3672942,0.288687
1.308,0.3675548,0.2888292
1.309,0.3678054,0.288966
1.31,0.3680472,0.2891076
1.311,0.3682764,0.289258
1.312,0.3685258,0.2893872
1.313,0.3687824,0.2895224
1.314,0.3690292,0.2896776
1.315,0.3692784,0.289822
1.316,0.3695376,0.28996
1.317,0.3697794,0.2900912
1.318,0.3700304,0.2902188
1.319,0.3702766,0.2903594
1.32,0.3705082,0.2905018
1.321,0.3707598,0.2906462
1.322,0.371025,0.2907934
1.323,0.3712518,0.290935
1.324,0.3715018,0.2910852
1.325,0.3717484,0.291229
1.326,0.3719842,0.2913696
1.327,0.3722414,0.2915128
1.328,0.3724916,0.2916408
1.329,0.372751,0.2917892
1.33,0.3729974,0.2919246
1.331,0.3732466,0.292056
1.332,0.373502,0.2922126
1.333,0.3737662,0.2923446
1.334,0.3740216,0.2924788
1.335,0.374269,0.2926138
1.336,0.3745256,0.2927556
1.337,0.3747712,0.2928894
1.338,0.375035,0.2930318
1.339,0.375288,0.293177
1.34,0.3755514,0.2933224
1.341,0.3757904,0.2934646
1.342,0.3760432,0.2935832
1.343,0.3762926,0.293721
1.344,0.3765416,0.293861
1.345,0.3767854,0.2939898
1.346,0.3770228,0.2941226
1.347,0.377264,0.2942634
1.348,0.3775078,0.2944114
1.349,0.377754,0.2945456
1.35,0.3779884,0.2946932
1.351,0.3782208,0.2948238
1.352,0.3784796,0.2949616
1.353,0.3787172,0.2951084
1.354,0.3789566,0.2952552
1.355,0.3792102,0.295403
1.356,0.3794508,0.2955388
1.357,0.3796984,0.2956734
1.358,0.379932,0.2958074
1.359,0.380161,0.2959476
1.36,0.3803966,0.2960768
1.361,0.3806364,0.296204
1.362,0.380883,0.2963418
1.363,0.3811224,0.2964806
1.364,0.3813702,0.2966088
1.365,0.3816182,0.2967532
1.366,0.3818846,0.2968866
1.367,0.3821236,0.2970266
1.368,0.3823564,0.2971482
1.369,0.3825952,0.2972994
1.37,0.3828442,0.297447
1.371,0.383077,0.2976028
1.372,0.3833232,0.2977302
1.373,0.3835558,0.2978748
1.374,0.383785,0.2980024
1.375,0.3840362,0.2981278
1.376,0.3842734,0.2982532
1.377,0.3845206,0.2983826
1.378,0.3847582,0.29852
1.379,0.3850008,0.2986532
1.38,0.3852438,0.2987994
1.381,0.3854726,0.298943
1.382,0.3857222,0.2990726
1.383,0.3859824,0.2992036
1.384,0.386227,0.2993386
1.385,0.3864768,0.2994804
1.386,0.3867124,0.2996042
1.387,0.3869494,0.2997298
1.388,0.3871784,0.2998706
1.389,0.3874046,0.3000098
1.39,0.3876552,0.3001558
1.391,0.3879102,0.3002892
1.392,0.3881434,0.3004234
1.393,0.3883826,0.3005702
1.394,0.3886336,0.3006984
1.395,0.3888852,0.3008244
1.396,0.3891212,0.3009544
1.397,0.3893624,0.3010842
1.398,0.38961,0.3012184
1.399,0.3898616,0.3013568
1.4,0.3900916,0.3014836
1.401,0.3903368,0.3016136
1.402,0.3905746,0.3017508
1.403,0.3908106,0.3018958
1.404,0.3910554,0.3020246
1.405,0.3913136,0.3021562
1.406,0.391558,0.3022876
1.407,0.391789,0.3024124
1.408,0.392039,0.3025384
1.409,0.3922894,0.302672
1.41,0.3925216,0.3027936
1.411,0.3927528,0.3029212
1.412,0.3929912,0.3030486
1.413,0.3932062,0.3031788
1.414,0.3934608,0.3033126
1.415,0.3936894,0.3034394
1.416,0.3939338,0.303559
1.417,0.3941792,0.3036842
1.418,0.3944248,0.3038014
1.419,0.3946614,0.3039432
1.42,0.394897,0.3040734
1.421,0.3951318,0.3042176
1.422,0.3953502,0.3043532
1.423,0.3955744,0.304495
1.424,0.395819,0.304614
1.425,0.3960538,0.3047384
1.426,0.3962906,0.3048744
1.427,0.396549,0.3050052
1.428,0.3967678,0.3051428
1.429,0.3970028,0.3052636
1.43,0.3972496,0.3054058
1.431,0.3974978,0.3055312
1.432,0.397739,0.3056526
1.433,0.3979792,0.3057804
1.434,0.3982082,0.3059072
1.435,0.3984534,0.3060408
1.436,0.3986896,0.3061724
1.437,0.3989262,0.3063084
1.438,0.3991736,0.306443
1.439,0.3993966,0.3065712
1.44,0.3996258,0.3066934
1.441,0.3998774,0.3068222
1.442,0.400116,0.30695
1.443,0.4003516,0.3070758
1.444,0.4005942,0.3072038
1.445,0.4008434,0.3073312
1.446,0.4010852,0.3074554
1.447,0.401318,0.3075938
1.448,0.401553,0.3077244
1.449,0.4017862,0.3078514
1.45,0.4020226,0.3079788
1.451,0.4022624,0.3081086
1.452,0.4025124,0.3082366
1.453,0.4027448,0.3083732
1.454,0.4029798,0.3084958
1.455,0.4032062,0.3086258
1.456,0.4034328,0.3087308
1.457,0.4036688,0.3088532
1.458,0.4039168,0.3089764
1.459,0.4041428,0.3090906
1.46,0.4043902,0.3092182
1.461,0.4046132,0.309341
1.462,0.4048424,0.3094576
1.463,0.4050826,0.3095874
1.464,0.4053216,0.3097144
1.465,0.4055546,0.3098356
1.466,0.4057958,0.3099604
1.467,0.4060376,0.3100876
1.468,0.406286,0.3102074
1.469,0.4065408,0.3103208
1.47,0.4067788,0.3104334
1.471,0.4070056,0.3105516
1.472,0.407244,0.310688
1.473,0.4074678,0.3108104
1.474,0.407705,0.310931
1.475,0.4079406,0.311048
1.476,0.4081674,0.3111734
1.477,0.4083824,0.3113004
1.478,0.4086196,0.3114382
1.479,0.4088566,0.311548
1.48,0.4090816,0.3116724
1.481,0.4093194,0.3117986
1.482,0.4095364,0.3119276
1.483,0.4097612,0.3120506
1.484,0.4099974,0.3121816
1.485,0.41023,0.312304
1.486,0.4104664,0.3124256
1.487,0.4107094,0.3125504
1.488,0.4109512,0.3126696
1.489,0.4111858,0.312791
1.49,0.4114246,0.3129066
1.491,0.4116464,0.3130338
1.492,0.4118818,0.313148
1.493,0.4121206,0.3132658
1.494,0.412354,0.3133978
1.495,0.4125838,0.3135252
1.496,0.4128048,0.313652
1.497,0.4130406,0.31378
1.498,0.413272,0.3138902
1.499,0.4135232,0.3140156
1.5,0.4137686,0.3141378
1.501,0.414015,0.3142572
1.502,0.4142388,0.3143688
1.503,0.4144716,0.3144878
1.504,0.4147074,0.3146146
1.505,0.4149376,0.3147388
1.506,0.4151646,0.314845
1.507,0.415385,0.3149734
1.508,0.4156094,0.3151116
1.509,0.4158326,0.3152348
1.51,0.4160592,0.3153442
1.511,0.416283,0.3154642
1.512,0.4165268,0.3155924
1.513,0.4167638,0.3157052
1.514,0.4169988,0.3158146
1.515,0.4172244,0.3159306
1.516,0.4174558,0.3160548
1.517,0.4176806,0.3161654
1.518,0.4179078,0.3162792
1.519,0.4181374,0.3164006
1.52,0.4183738,0.3165128
1.521,0.4186042,0.3166542
1.522,0.4188356,0.3167732
1.523,0.4190638,0.3168866
1.524,0.419273,0.3169908
1.525,0.419508,0.3171118
1.526,0.4197278,0.3172206
1.527,0.4199584,0.3173352
1.528,0.42019,0.3174694
1.529,0.420419,0.3175922
1.53,0.4206514,0.3177196
1.531,0.4208874,0.3178224
1.532,0.4211226,0.3179514
1.533,0.4213566,0.3180736
1.534,0.4215868,0.3181964
1.535,0.4218166,0.3183174
1.536,0.4220504,0.3184292
1.537,0.4222794,0.3185466
1.538,0.4225268,0.3186794
1.539,0.4227574,0.3187892
1.54,0.4229918,0.318917
1.541,0.4232074,0.319029
1.542,0.4234332,0.3191454
1.543,0.4236592,0.3192606
1.544,0.4238978,0.3193746
1.545,0.424114,0.319482
1.546,0.4243448,0.3196022
1.547,0.4245624,0.3197158
1.548,0.424783,0.319842
1.549,0.4250232,0.3199622
1.55,0.425241,0.32007
1.551,0.4254784,0.32018
1.552,0.4257114,0.3203012
1.553,0.425936,0.3204144
1.554,0.426171,0.3205278
1.555,0.426396,0.3206374
1.556,0.4266226,0.3207454
1.557,0.4268466,0.3208572
1.558,0.4270706,0.3209686
1.559,0.427288,0.32108
1.56,0.4275132,0.321197
1.561,0.4277302,0.3213144
1.562,0.4279538,0.3214252
1.563,0.4282036,0.3215358
1.564,0.4284238,0.3216358
1.565,0.4286452,0.3217516
1.566,0.4288698,0.3218706
1.567,0.4290972,0.3219834
1.568,0.4293146,0.322093
1.569,0.4295246,0.3222062
1.57,0.4297678,0.322317
1.571,0.4299846,0.3224344
1.572,0.4302022,0.3225408
1.573,0.4304332,0.3226576
1.574,0.4306678,0.3227622
1.575,0.4308858,0.3228666
1.576,0.4311132,0.3229744
1.577,0.4313266,0.32309
1.578,0.4315564,0.3232028
1.579,0.4317814,0.323316
1.58,0.4320124,0.3234142
1.581,0.432243,0.3235282
1.582,0.4324782,0.3236392
1.583,0.4326936,0.3237524
1.584,0.4329152,0.3238624
1.585,0.433143,0.323969
1.586,0.4333576,0.324091
1.587,0.433578,0.3242054
1.588,0.4338044,0.3243054
1.589,0.4340114,0.324404
1.59,0.4342334,0.3245084
1.591,0.4344586,0.3246204
1.592,0.4346674,0.3247266
1.593,0.4348904,0.3248396
1.594,0.4351074,0.324953
1.595,0.4353332,0.325056
1.596,0.4355474,0.3251628
1.597,0.4357502,0.3252652
1.598,0.4359808,0.3253676
1.599,0.4361998,0.3254772
1.6,0.4364212,0.3255746
1.601,0.4366406,0.3256784
1.602,0.4368714,0.3257856
1.603,0.4370784,0.3258938
1.604,0.4373094,0.3260026
1.605,0.4375128,0.3261052
1.606,0.4377392,0.3262114
1.607,0.4379584,0.3263156
1.608,0.4381818,0.326424
1.609,0.4384098,0.3265264
1.61,0.438646,0.3266278
1.611,0.4388678,0.3267352
1.612,0.4390824,0.3268492
1.613,0.4393042,0.3269492
1.614,0.4395206,0.3270484
1.615,0.4397266,0.3271552
1.616,0.4399524,0.327253
1.617,0.4401642,0.327357
1.618,0.4403916,0.3274674
1.619,0.440618,0.3275846
1.62,0.4408246,0.327691
1.621,0.4410358,0.3277916
1.622,0.441249,0.3278976
1.623,0.4414828,0.327986
1.624,0.4417096,0.328093
1.625,0.4419404,0.3281974
1.626,0.4421578,0.328316
1.627,0.442378,0.3284102
1.628,0.4425934,0.3285244
1.629,0.4428264,0.328627
1.63,0.4430408,0.3287288
1.631,0.4432634,0.3288412
1.632,0.4434704,0.3289526
1.633,0.443677,0.3290492
1.634,0.4439,0.329149
1.635,0.4441348,0.329238
1.636,0.4443564,0.3293494
1.637,0.4445862,0.3294596
1.638,0.4448056,0.3295684
1.639,0.4450194,0.3296704
1.64,0.445238,0.329771
1.641,0.4454658,0.3298704
1.642,0.4456762,0.3299698
1.643,0.4459034,0.3300692
1.644,0.4461274,0.3301746
1.645,0.4463366,0.3302772
1.646,0.4465352,0.3303654
1.647,0.4467556,0.3304806
1.648,0.4469944,0.33059
1.649,0.4472102,0.3307038
1.65,0.447432,0.3308066
1.651,0.447643,0.3309068
1.652,0.4478606,0.331008
1.653,0.4480786,0.3311062
1.654,0.448303,0.3312036
1.655,0.4485216,0.3313086
1.656,0.4487426,0.3314158
1.657,0.4489758,0.3315128
1.658,0.4491768,0.3316052
1.659,0.4494064,0.3317048
1.66,0.449623,0.3318158
1.661,0.4498442,0.3319102
1.662,0.4500506,0.3320104
1.663,0.4502888,0.3321092
1.664,0.4504994,0.3322202
1.665,0.4507106,0.3323236
1.666,0.4509494,0.3324266
1.667,0.451177,0.3325228
1.668,0.4513968,0.3326106
1.669,0.4516308,0.3327124
1.67,0.4518692,0.3328152
1.671,0.4521028,0.3329168
1.672,0.4523006,0.333006
1.673,0.4525076,0.3331092
1.674,0.4527132,0.3332092
1.675,0.452939,0.3333092
1.676,0.4531506,0.3334054
1.677,0.453373,0.333499
1.678,0.4535854,0.333599
1.679,0.453796,0.3337024
1.68,0.454016,0.3338074
1.681,0.4542414,0.3339152
1.682,0.4544646,0.3340144
1.683,0.454679,0.3341182
1.684,0.4548808,0.3342076
1.685,0.4550974,0.3343046
1.686,0.4553226,0.3343976
1.687,0.455534,0.334497
1.688,0.4557392,0.3345992
1.689,0.4559506,0.3347004
1.69,0.4561624,0.3348064
1.691,0.456367,0.3349208
1.692,0.4566032,0.33502
1.693,0.456847,0.335113
1.694,0.4570708,0.3351962
1.695,0.4572728,0.3352954
1.696,0.4574944,0.3353878
1.697,0.4577154,0.3354706
1.698,0.4579292,0.3355686
1.699,0.4581408,0.3356642
1.7,0.4583348,0.335756
1.701,0.4585388,0.3358488
1.702,0.4587636,0.3359488
1.703,0.4589828,0.3360424
1.704,0.4591982,0.3361418
1.705,0.459414,0.3362416
1.706,0.4596236,0.3363396
1.707,0.4598512,0.3364392
1.708,0.460056,0.336528
1.709,0.4602576,0.33662
1.71,0.4604764,0.3367256
1.711,0.4606924,0.3368048
1.712,0.4608996,0.3368988
1.713,0.4611186,0.3370032
1.714,0.4613292,0.3370952
1.715,0.461536,0.3371964
1.716,0.4617448,0.3372788
1.717,0.4619488,0.3373734
1.718,0.4621568,0.3374762
1.719,0.4623702,0.3375636
1.72,0.4625858,0.3376626
1.721,0.462806,0.3377646
1.722,0.4630162,0.3378528
1.723,0.4632328,0.3379466
1.724,0.4634468,0.3380454
1.725,0.463654,0.3381412
1.726,0.4638564,0.3382482
1.727,0.4640736,0.3383304
1.728,0.4642926,0.338423
1.729,0.4645006,0.3385156
1.73,0.4646994,0.3386054
1.731,0.4649092,0.3386998
1.732,0.4651242,0.3387914
1.733,0.4653312,0.3388766
1.734,0.4655614,0.3389674
1.735,0.4657796,0.3390608
1.736,0.46599,0.3391454
1.737,0.4661988,0.3392416
1.738,0.4663934,0.3393326
1.739,0.4665998,0.339431
1.74,0.4668044,0.3395316
1.741,0.4670154,0.3396196
1.742,0.4672292,0.3397136
1.743,0.4674394,0.3398116
1.744,0.4676516,0.339897
1.745,0.467872,0.339985
1.746,0.4680716,0.3400718
1.747,0.4682906,0.340171
1.748,0.4684906,0.3402604
1.749,0.46869,0.3403516
1.75,0.4688956,0.3404392
1.751,0.4691,0.3405234
1.752,0.4693122,0.3406208
1.753,0.4695206,0.3407056
1.754,0.469747,0.3407906
1.755,0.4699478,0.3408806
1.756,0.4701614,0.3409744
1.757,0.4703804,0.341067
1.758,0.4705976,0.3411552
1.759,0.4707904,0.3412516
1.76,0.470994,0.3413488
1.761,0.4712096,0.3414522
1.762,0.4714016,0.3415302
1.763,0.4716018,0.34162
1.764,0.4718034,0.3417078
1.765,0.4720114,0.3418024
1.766,0.4722212,0.3418908
1.767,0.4724246,0.3419852
1.768,0.472635,0.3420734
1.769,0.4728328,0.3421588
1.77,0.473035,0.3422518
1.771,0.4732356,0.3423464
1.772,0.4734358,0.3424318
1.773,0.4736386,0.3425184
1.774,0.4738354,0.3426076
1.775,0.4740256,0.342695
1.776,0.4742408,0.3427842
1.777,0.474443,0.3428674
1.778,0.474636,0.342958
1.779,0.4748408,0.3430444
1.78,0.4750396,0.343144
1.781,0.4752488,0.3432338
1.782,0.4754484,0.343332
1.783,0.4756462,0.3434214
1.784,0.4758568,0.3435076
1.785,0.4760582,0.3435954
1.786,0.4762572,0.3436772
1.787,0.4764564,0.3437712
1.788,0.4766526,0.3438626
1.789,0.4768404,0.3439574
1.79,0.4770518,0.3440358
1.791,0.4772518,0.3441188
1.792,0.4774652,0.3442066
1.793,0.4776822,0.344281
1.794,0.4778726,0.3443626
1.795,0.4780788,0.344454
1.796,0.4782742,0.3445374
1.797,0.4784732,0.3446234
1.798,0.4786634,0.3447112
1.799,0.4788646,0.3448006
1.8,0.4790746,0.3448826
1.801,0.4792646,0.3449708
1.802,0.4794706,0.345053
1.803,0.4796888,0.3451348
1.804,0.4798874,0.3452178
1.805,0.4800874,0.3452964
1.806,0.4802884,0.3453868
1.807,0.4804858,0.3454824
1.808,0.480702,0.3455682
1.809,0.480915,0.3456538
1.81,0.4811046,0.3457412
1.811,0.4813036,0.345826
1.812,0.481503,0.3459112
1.813,0.4817022,0.3459876
1.814,0.4819236,0.3460792
1.815,0.4821206,0.3461686
1.816,0.4823236,0.3462562
1.817,0.482534,0.3463338
1.818,0.4827332,0.346415
1.819,0.4829388,0.346495
1.82,0.4831482,0.3465788
1.821,0.4833494,0.346662
1.822,0.4835624,0.3467452
1.823,0.4837694,0.3468216
1.824,0.4839806,0.3469044
1.825,0.4842082,0.3469804
1.826,0.4843948,0.3470638
1.827,0.484588,0.347138
1.828,0.484784,0.347208
1.829,0.484995,0.3472898
1.83,0.4851998,0.3473762
1.831,0.4853956,0.3474546
1.832,0.4855914,0.3475292
1.833,0.4857946,0.3476098
1.834,0.4859972,0.347684
1.835,0.4861916,0.347762
1.836,0.486398,0.3478476
1.837,0.4865856,0.347933
1.838,0.4867812,0.348013
1.839,0.486985,0.3480968
1.84,0.48719,0.3481732
1.841,0.4873926,0.3482582
1.842,0.4875972,0.3483428
1.843,0.4877908,0.348425
1.844,0.4879828,0.3485016
1.845,0.4881726,0.3485792
1.846,0.4883682,0.3486536
1.847,0.4885654,0.3487208
1.848,0.4887558,0.3488036
1.849,0.4889592,0.3488796
1.85,0.4891598,0.3489606
1.851,0.4893474,0.3490346
1.852,0.4895534,0.3491114
1.853,0.489758,0.349184
1.854,0.4899508,0.349263
1.855,0.490132,0.349336
1.856,0.4903072,0.3494156
1.857,0.490493,0.3494968
1.858,0.4906778,0.3495686
1.859,0.490877,0.3496442
1.86,0.4910838,0.3497108
1.861,0.4912746,0.349794
1.862,0.4914698,0.34987
1.863,0.4916698,0.3499616
1.864,0.4918598,0.3500422
1.865,0.492056,0.3501218
1.866,0.4922472,0.3501978
1.867,0.492443,0.350281
1.868,0.4926434,0.3503686
1.869,0.4928476,0.3504546
1.87,0.4930412,0.3505282
1.871,0.493228,0.3506096
1.872,0.493426,0.3506872
1.873,0.4936072,0.350759
1.874,0.4938006,0.3508386
1.875,0.4939954,0.3509102
1.876,0.4941918,0.3509822
1.877,0.4943878,0.3510536
1.878,0.49459,0.3511394
1.879,0.4947908,0.3512218
1.88,0.4949742,0.351299
1.881,0.4951646,0.35137
1.882,0.4953548,0.3514488
1.883,0.4955356,0.3515142
1.884,0.4957182,0.3515876
1.885,0.4959042,0.3516598
1.886,0.4961022,0.3517472
1.887,0.4962944,0.3518222
1.888,0.4964982,0.3519022
1.889,0.4966964,0.3519766
1.89,0.4969,0.3520504
1.891,0.4970854,0.3521294
1.892,0.4972804,0.3522008
1.893,0.4974766,0.3522742
1.894,0.4976598,0.3523436
1.895,0.497847,0.352431
1.896,0.4980344,0.352512
1.897,0.4982194,0.352591
1.898,0.4983912,0.3526664
1.899,0.4985792,0.3527464
1.9,0.4987704,0.3528194
1.901,0.4989572,0.3528974
1.902,0.4991522,0.3529756
1.903,0.4993352,0.3530478
1.904,0.4995196,0.3531178
1.905,0.4996998,0.3531964
1.906,0.4998898,0.3532684
1.907,0.5000898,0.3533472
1.908,0.5002838,0.353423
1.909,0.5004846,0.3534912
1.91,0.5006664,0.3535588
1.911,0.500852,0.353638
1.912,0.5010426,0.3537128
1.913,0.5012428,0.35379
1.914,0.5014248,0.3538616
1.915,0.5016032,0.3539454
1.916,0.501796,0.3540224
1.917,0.5019592,0.3540992
1.918,0.5021514,0.3541754
1.919,0.5023556,0.3542582
1.92,0.5025372,0.354334
1.921,0.5027128,0.3544084
1.922,0.5028904,0.354486
1.923,0.5030768,0.354558
1.924,0.5032616,0.3546436
1.925,0.503448,0.354712
1.926,0.5036332,0.354781
1.927,0.5038198,0.3548458
1.928,0.5040182,0.3549184
1.929,0.5041926,0.355003
1.93,0.5043776,0.3550732
1.931,0.504558,0.3551408
1.932,0.5047462,0.3552164
1.933,0.5049362,0.3552826
1.934,0.5051424,0.3553624
1.935,0.5053378,0.355442
1.936,0.505544,0.3555166
1.937,0.505724,0.3555858
1.938,0.5059086,0.3556526
1.939,0.5060916,0.3557158
1.94,0.5062794,0.3557844
1.941,0.5064808,0.35586
1.942,0.5066768,0.3559264
1.943,0.5068696,0.3560028
1.944,0.5070596,0.3560698
1.945,0.5072448,0.356142
1.946,0.5074428,0.3562124
1.947,0.5076276,0.3562768
1.948,0.507816,0.3563378
1.949,0.5080128,0.3564018
1.95,0.5082118,0.3564634
1.951,0.5084016,0.356534
1.952,0.5085748,0.3566118
1.953,0.5087546,0.3566812
1.954,0.5089362,0.3567372
1.955,0.5091276,0.35681
1.956,0.509322,0.3568822
1.957,0.5094984,0.3569372
1.958,0.5096706,0.356998
1.959,0.5098512,0.3570636
1.96,0.5100422,0.3571304
1.961,0.5102448,0.3572024
1.962,0.510423,0.3572654
1.963,0.5106058,0.3573336
1.964,0.5107958,0.3574006
1.965,0.51099,0.3574742
1.966,0.5111714,0.357546
1.967,0.5113546,0.3576092
1.968,0.5115304,0.3576688
1.969,0.511713,0.3577372
1.97,0.511906,0.357811
1.971,0.5120902,0.3578768
1.972,0.5122648,0.3579414
1.973,0.512451,0.3580176
1.974,0.512626,0.3580874
1.975,0.5128036,0.358148
1.976,0.5129846,0.3582162
1.977,0.5131826,0.3582864
1.978,0.5133624,0.3583494
1.979,0.5135578,0.3584162
1.98,0.5137456,0.3584832
1.981,0.513936,0.3585486
1.982,0.514113,0.3586188
1.983,0.5142972,0.3586868
1.984,0.5144682,0.358756
1.985,0.5146638,0.35882
1.986,0.5148444,0.3588852
1.987,0.515028,0.3589514
1.988,0.5152016,0.3590148
1.989,0.5153738,0.3590838
1.99,0.5155534,0.3591444
1.991,0.515741,0.3592094
1.992,0.5159312,0.359267
1.993,0.5161042,0.3593274
1.994,0.5162724,0.3593928
1.995,0.516462,0.35945
1.996,0.516641,0.3595222
1.997,0.5168344,0.3595902
1.998,0.5170116,0.3596504
1.999,0.5171894,0.3597178
2.0,0.5173604,0.359786
2.001,0.5175392,0.3598552
2.002,0.5177348,0.3599256
2.003,0.5179084,0.3599904
2.004,0.5180838,0.3600512
2.005,0.5182714,0.3601148
2.006,0.5184466,0.3601798
2.007,0.5186222,0.360245
2.008,0.5188028,0.360299
2.009,0.5189892,0.3603638
2.01,0.5191852,0.3604314
2.011,0.519371,0.3604932
2.012,0.519559,0.3605548
2.013,0.5197466,0.360632
2.014,0.5199308,0.360693
2.015,0.520102,0.3607554
2.016,0.5202704,0.3608116
2.017,0.5204588,0.360877
2.018,0.5206234,0.360946
2.019,0.5208172,0.3610136
2.02,0.520987,0.3610818
2.021,0.5211654,0.3611444
2.022,0.5213624,0.3612056
2.023,0.5215452,0.3612614
2.024,0.5217226,0.3613236
2.025,0.521903,0.3613858
2.026,0.5220736,0.3614476
2.027,0.522256,0.3615148
2.028,0.5224306,0.3615838
2.029,0.5226026,0.3616382
2.03,0.5227694,0.361702
2.031,0.5229438,0.3617708
2.032,0.5231106,0.3618274
2.033,0.5232954,0.361893
2.034,0.5234638,0.3619548
2.035,0.5236482,0.3620078
2.036,0.5238116,0.3620682
2.037,0.5239828,0.3621304
2.038,0.5241518,0.362197
2.039,0.5243344,0.3622632
2.04,0.524517,0.3623278
2.041,0.5247012,0.3623866
2.042,0.5248796,0.362452
2.043,0.525053,0.3625086
2.044,0.5252262,0.3625666
2.045,0.5254166,0.362629
2.046,0.5255934,0.3626918
2.047,0.5257694,0.3627594
2.048,0.5259484,0.3628154
2.049,0.5261354,0.3628824
2.05,0.5262974,0.362945
2.051,0.5264602,0.3630008
2.052,0.526632,0.3630582
2.053,0.5267898,0.3631144
2.054,0.526958,0.3631726
2.055,0.527151,0.3632384
2.056,0.5273214,0.3633004
2.057,0.5275042,0.3633678
2.058,0.5276672,0.3634272
2.059,0.5278332,0.3634884
2.06,0.528,0.3635424
2.061,0.5281606,0.363592
2.062,0.528338,0.3636508
2.063,0.528516,0.363701
2.064,0.5286888,0.3637546
2.065,0.5288592,0.3638126
2.066,0.529029,0.3638718
2.067,0.5292014,0.363923
2.068,0.5293796,0.3639874
2.069,0.5295572,0.3640464
2.07,0.5297246,0.3641082
2.071,0.5298916,0.364156
2.072,0.5300534,0.3642138
2.073,0.530218,0.3642686
2.074,0.5303716,0.3643218
2.075,0.530549,0.36438
2.076,0.5307178,0.3644388
2.077,0.530878,0.364498
2.078,0.5310468,0.3645534
2.079,0.5312118,0.3646116
2.08,0.5313924,0.3646642
2.081,0.5315776,0.3647206
2.082,0.5317584,0.3647784
2.083,0.5319336,0.3648348
2.084,0.5321084,0.364902
2.085,0.5322896,0.3649666
2.086,0.5324582,0.3650178
2.087,0.5326264,0.365078
2.088,0.5327874,0.3651342
2.089,0.5329594,0.365186
2.09,0.5331422,0.3652466
2.091,0.5333114,0.3652982
2.092,0.533494,0.3653474
2.093,0.533669,0.3654116
2.094,0.533836,0.3654582
2.095,0.534002,0.3655124
2.096,0.5341654,0.3655728
2.097,0.534338,0.365628
2.098,0.5344932,0.3656854
2.099,0.5346566,0.3657376
2.1,0.6342108,0.3657892
2.101,0.6342108,0.3657892
2.102,0.6342108,0.3657892
2.103,0.6342108,0.3657892
2.104,0.6342108,0.3657892
2.105,0.6342108,0.3657892
2.106,0.6342108,0.3657892
2.107,0.6342108,0.3657892
2.108,0.6342108,0.3657892
2.109,0.6342108,0.3657892
2.11,0.6342108,0.3657892
2.111,0.6342108,0.3657892
2.112,0.6342108,0.3657892
2.113,0.6342108,0.3657892
2.114,0.6342108,0.3657892
2.115,0.6342108,0.3657892
2.116,0.6342108,0.3657892
2.117,0.6342108,0.3657892
2.118,0.6342108,0.3657892
2.119,0.6342108,0.3657892
2.12,0.6342108,0.3657892
2.121,0.6342108,0.3657892
2.122,0.6342108,0.3657892
2.123,0.6342108,0.3657892
2.124,0.6342108,0.3657892
2.125,0.6342108,0.3657892
2.126,0.6342108,0.3657892
2.127,0.6342108,0.3657892
2.128,0.6342108,0.3657892
2.129,0.6342108,0.3657892
2.13,0.6342108,0.3657892
2.131,0.6342108,0.3657892
2.132,0.6342108,0.3657892
2.133,0.6342108,0.3657892
2.134,0.6342108,0.3657892
2.135,0.6342108,0.3657892
2.136,0.6342108,0.3657892
2.137,0.6342108,0.3657892
2.138,0.6342108,0.3657892
2.139,0.6342108,0.3657892
2.14,0.6342108,0.3657892
2.141,0.6342108,0.3657892
2.142,0.6342108,0.3657892
2.143,0.6342108,0.3657892
2.144,0.6342108,0.3657892
2.145,0.6342108,0.3657892
2.146,0.6342108,0.3657892
2.147,0.6342108,0.3657892
2.148,0.6342108,0.3657892
2.149,0.6342108,0.3657892
2.15,0.6342108,0.3657892
2.151,0.6342108,0.3657892
2.152,0.6342108,0.3657892
2.153,0.6342108,0.3657892
2.154,0.6342108,0.3657892
2.155,0.6342108,0.3657892
2.156,0.6342108,0.3657892
2.157,0.6342108,0.3657892
2.158,0.6342108,0.3657892
2.159,0.6342108,0.3657892
2.16,0.6342108,0.3657892
2.161,0.6342108,0.3657892
2.162,0.6342108,0.3657892
2.163,0.6342108,0.3657892
2.164,0.6342108,0.3657892
2.165,0.6342108,0.3657892
2.166,0.6342108,0.3657892
2.167,0.6342108,0.3657892
2.168,0.6342108,0.3657892
2.169,0.6342108,0.3657892
2.17,0.6342108,0.3657892
2.171,0.6342108,0.3657892
2.172,0.6342108,0.3657892
2.173,0.6342108,0.3657892
2.174,0.6342108,0.3657892
2.175,0.6342108,0.3657892
2.176,0.6342108,0.3657892
2.177,0.6342108,0.3657892
2.178,0.6342108,0.3657892
2.179,0.6342108,0.3657892
2.18,0.6342108,0.3657892
2.181,0.6342108,0.3657892
2.182,0.6342108,0.3657892
2.183,0.6342108,0.3657892
2.184,0.6342108,0.3657892
2.185,0.6342108,0.3657892
2.186,0.6342108,0.3657892
2.187,0.6342108,0.3657892
2.188,0.6342108,0.3657892
2.189,0.6342108,0.3657892
2.19,0.6342108,0.3657892
2.191,0.6342108,0.3657892
2.192,0.6342108,0.3657892
2.193,0.6342108,0.3657892
2.194,0.6342108,0.3657892
2.195,0.6342108,0.3657892
2.196,0.6342108,0.3657892
2.197,0.6342108,0.3657892
2.198,0.6342108,0.3657892
2.199,0.6342108,0.3657892
2.2,0.6342108,0.3657892
2.201,0.6342108,0.3657892
2.202,0.6342108,0.3657892
2.203,0.6342108,0.3657892
2.204,0.6342108,0.3657892
2.205,0.6342108,0.3657892
2.206,0.6342108,0.3657892
2.207,0.6342108,0.3657892
2.208,0.6342108,0.3657892
2.209,0.6342108,0.3657892
2.21,0.6342108,0.3657892
2.211,0.6342108,0.3657892
2.212,0.6342108,0.3657892
2.213,0.6342108,0.3657892
2.214,0.6342108,0.3657892
2.215,0.6342108,0.3657892
2.216,0.6342108,0.3657892
2.217,0.6342108,0.3657892
2.218,0.6342108,0.3657892
2.219,0.6342108,0.3657892
2.22,0.6342108,0.3657892
2.221,0.6342108,0.3657892
2.222,0.6342108,0.3657892
2.223,0.6342108,0.3657892
2.224,0.6342108,0.3657892
2.225,0.6342108,0.3657892
2.226,0.6342108,0.3657892
2.227,0.6342108,0.3657892
2.228,0.6342108,0.3657892
2.229,0.6342108,0.3657892
2.23,0.6342108,0.3657892
2.231,0.6342108,0.3657892
2.232,0.6342108,0.3657892
2.233,0.6342108,0.3657892
2.234,0.6342108,0.3657892
2.235,0.6342108,0.3657892
2.236,0.6342108,0.3657892
2.237,0.6342108,0.3657892
2.238,0.6342108,0.3657892
2.239,0.6342108,0.3657892
2.24,0.6342108,0.3657892
2.241,0.6342108,0.3657892
2.242,0.6342108,0.3657892
2.243,0.6342108,0.3657892
2.244,0.6342108,0.3657892
2.245,0.6342108,0.3657892
2.246,0.6342108,0.3657892
2.247,0.6342108,0.3657892
2.248,0.6342108,0.3657892
2.249,0.6342108,0.3657892
2.25,0.6342108,0.3657892
2.251,0.6342108,0.3657892
2.252,0.6342108,0.3657892
2.253,0.6342108,0.3657892
2.254,0.6342108,0.3657892
2.255,0.6342108,0.3657892
2.256,0.6342108,0.3657892
2.257,0.6342108,0.3657892
2.258,0.6342108,0.3657892
2.259,0.6342108,0.3657892
2.26,0.6342108,0.3657892
2.261,0.6342108,0.3657892
2.262,0.6342108,0.3657892
2.263,0.6342108,0.3657892
2.264,0.6342108,0.3657892
2.265,0.6342108,0.3657892
2.266,0.6342108,0.3657892
2.267,0.6342108,0.3657892
2.268,0.6342108,0.3657892
2.269,0.6342108,0.3657892
2.27,0.6342108,0.3657892
2.271,0.6342108,0.3657892
2.272,0.6342108,0.3657892
2.273,0.6342108,0.3657892
2.274,0.6342108,0.3657892
2.275,0.6342108,0.3657892
2.276,0.6342108,0.3657892
2.277,0.6342108,0.3657892
2.278,0.6342108,0.3657892
2.279,0.6342108,0.3657892
2.28,0.6342108,0.3657892
2.281,0.6342108,0.3657892
2.282,0.6342108,0.3657892
2.283,0.6342108,0.3657892
2.284,0.6342108,0.3657892
2.285,0.6342108,0.3657892
2.286,0.6342108,0.3657892
2.287,0.6342108,0.3657892
2.288,0.6342108,0.3657892
2.289,0.6342108,0.3657892
2.29,0.6342108,0.3657892
2.291,0.6342108,0.3657892
2.292,0.6342108,0.3657892
2.293,0.6342108,0.3657892
2.294,0.6342108,0.3657892
2.295,0.6342108,0.3657892
2.296,0.6342108,0.3657892
2.297,0.6342108,0.3657892
2.298,0.6342108,0.3657892
2.299,0.6342108,0.3657892
2.3,0.6342108,0.3657892
2.301,0.6342108,0.3657892
2.302,0.6342108,0.3657892
2.303,0.6342108,0.3657892
2.304,0.6342108,0.3657892
2.305,0.6342108,0.3657892
2.306,0.6342108,0.3657892
2.307,0.6342108,0.3657892
2.308,0.6342108,0.3657892
2.309,0.6342108,0.3657892
2.31,0.6342108,0.3657892
2.311,0.6342108,0.3657892
2.312,0.6342108,0.3657892
2.313,0.6342108,0.3657892
2.314,0.6342108,0.3657892
2.315,0.6342108,0.3657892
2.316,0.6342108,0.3657892
2.317,0.6342108,0.3657892
2.318,0.6342108,0.3657892
2.319,0.6342108,0.3657892
2.32,0.6342108,0.3657892
2.321,0.6342108,0.3657892
2.322,0.6342108,0.3657892
2.323,0.6342108,0.3657892
2.324,0.6342108,0.3657892
2.325,0.6342108,0.3657892
2.326,0.6342108,0.3657892
2.327,0.6342108,0.3657892
2.328,0.6342108,0.3657892
2.329,0.6342108,0.3657892
2.33,0.6342108,0.3657892
2.331,0.6342108,0.3657892
2.332,0.6342108,0.3657892
2.333,0.6342108,0.3657892
2.334,0.6342108,0.3657892
2.335,0.6342108,0.3657892
2.336,0.6342108,0.3657892
2.337,0.6342108,0.3657892
2.338,0.6342108,0.3657892
2.339,0.6342108,0.3657892
2.34,0.6342108,0.3657892
2.341,0.6342108,0.3657892
2.342,0.6342108,0.3657892
2.343,0.6342108,0.3657892
2.344,0.6342108,0.3657892
2.345,0.6342108,0.3657892
2.346,0.6342108,0.3657892
2.347,0.6342108,0.3657892
2.348,0.6342108,0.3657892
2.349,0.6342108,0.3657892
2.35,0.6342108,0.3657892
2.351,0.6342108,0.3657892
2.352,0.6342108,0.3657892
2.353,0.6342108,0.3657892
2.354,0.6342108,0.3657892
2.355,0.6342108,0.3657892
2.356,0.6342108,0.3657892
2.357,0.6342108,0.3657892
2.358,0.6342108,0.3657892
2.359,0.6342108,0.3657892
2.36,0.6342108,0.3657892
2.361,0.6342108,0.3657892
2.362,0.6342108,0.3657892
2.363,0.6342108,0.3657892
2.364,0.6342108,0.3657892
2.365,0.6342108,0.3657892
2.366,0.6342108,0.3657892
2.367,0.6342108,0.3657892
2.368,0.6342108,0.3657892
2.369,0.6342108,0.3657892
2.37,0.6342108,0.3657892
2.371,0.6342108,0.3657892
2.372,0.6342108,0.3657892
2.373,0.6342108,0.3657892
2.374,0.6342108,0.3657892
2.375,0.6342108,0.3657892
2.376,0.6342108,0.3657892
2.377,0.6342108,0.3657892
2.378,0.6342108,0.3657892
2.379,0.6342108,0.3657892
2.38,0.6342108,0.3657892
2.381,0.6342108,0.3657892
2.382,0.6342108,0.3657892
2.383,0.6342108,0.3657892
2.384,0.6342108,0.3657892
2.385,0.6342108,0.3657892
2.386,0.6342108,0.3657892
2.387,0.6342108,0.3657892
2.388,0.6342108,0.3657892
2.389,0.6342108,0.3657892
2.39,0.6342108,0.3657892
2.391,0.6342108,0.3657892
2.392,0.6342108,0.3657892
2.393,0.6342108,0.3657892
2.394,0.6342108,0.3657892
2.395,0.6342108,0.3657892
2.396,0.6342108,0.3657892
2.397,0.6342108,0.3657892
2.398,0.6342108,0.3657892
2.399,0.6342108,0.3657892
2.4,0.6342108,0.3657892
2.401,0.6342108,0.3657892
2.402,0.6342108,0.3657892
2.403,0.6342108,0.3657892
2.404,0.6342108,0.3657892
2.405,0.6342108,0.3657892
2.406,0.6342108,0.3657892
2.407,0.6342108,0.3657892
2.408,0.6342108,0.3657892
2.409,0.6342108,0.3657892
2.41,0.6342108,0.3657892
2.411,0.6342108,0.3657892
2.412,0.6342108,0.3657892
2.413,0.6342108,0.3657892
2.414,0.6342108,0.3657892
2.415,0.6342108,0.3657892
2.416,0.6342108,0.3657892
2.417,0.6342108,0.3657892
2.418,0.6342108,0.3657892
2.419,0.6342108,0.3657892
2.42,0.6342108,0.3657892
2.421,0.6342108,0.3657892
2.422,0.6342108,0.3657892
2.423,0.6342108,0.3657892
2.424,0.6342108,0.3657892
2.425,0.6342108,0.3657892
2.426,0.6342108,0.3657892
2.427,0.6342108,0.3657892
2.428,0.6342108,0.3657892
2.429,0.6342108,0.3657892
2.43,0.6342108,0.3657892
2.431,0.6342108,0.3657892
2.432,0.6342108,0.3657892
2.433,0.6342108,0.3657892
2.434,0.6342108,0.3657892
2.435,0.6342108,0.3657892
2.436,0.6342108,0.3657892
2.437,0.6342108,0.3657892
2.438,0.6342108,0.3657892
2.439,0.6342108,0.3657892
2.44,0.6342108,0.3657892
2.441,0.6342108,0.3657892
2.442,0.6342108,0.3657892
2.443,0.6342108,0.3657892
2.444,0.6342108,0.3657892
2.445,0.6342108,0.3657892
2.446,0.6342108,0.3657892
2.447,0.6342108,0.3657892
2.448,0.6342108,0.3657892
2.449,0.6342108,0.3657892
2.45,0.6342108,0.3657892
2.451,0.6342108,0.3657892
2.452,0.6342108,0.3657892
2.453,0.6342108,0.3657892
2.454,0.6342108,0.3657892
2.455,0.6342108,0.3657892
2.456,0.6342108,0.3657892
2.457,0.6342108,0.3657892
2.458,0.6342108,0.3657892
2.459,0.6342108,0.3657892
2.46,0.6342108,0.3657892
2.461,0.6342108,0.3657892
2.462,0.6342108,0.3657892
2.463,0.6342108,0.3657892
2.464,0.6342108,0.3657892
2.465,0.6342108,0.3657892
2.466,0.6342108,0.3657892
2.467,0.6342108,0.3657892
2.468,0.6342108,0.3657892
2.469,0.6342108,0.3657892
2.47,0.6342108,0.3657892
2.471,0.6342108,0.3657892
2.472,0.6342108,0.3657892
2.473,0.6342108,0.3657892
2.474,0.6342108,0.3657892
2.475,0.6342108,0.3657892
2.476,0.6342108,0.3657892
2.477,0.6342108,0.3657892
2.478,0.6342108,0.3657892
2.479,0.6342108,0.3657892
2.48,0.6342108,0.3657892
2.481,0.6342108,0.3657892
2.482,0.6342108,0.3657892
2.483,0.6342108,0.3657892
2.484,0.6342108,0.3657892
2.485,0.6342108,0.3657892
2.486,0.6342108,0.3657892
2.487,0.6342108,0.3657892
2.488,0.6342108,0.3657892
2.489,0.6342108,0.3657892
2.49,0.6342108,0.3657892
2.491,0.6342108,0.3657892
2.492,0.6342108,0.3657892
2.493,0.6342108,0.3657892
2.494,0.6342108,0.3657892
2.495,0.6342108,0.3657892
2.496,0.6342108,0.3657892
2.497,0.6342108,0.3657892
2.498,0.6342108,0.3657892
2.499,0.6342108,0.3657892
2.5,0.6342108,0.3657892
2.501,0.6342108,0.3657892
2.502,0.6342108,0.3657892
2.503,0.6342108,0.3657892
2.504,0.6342108,0.3657892
2.505,0.6342108,0.3657892
2.506,0.6342108,0.3657892
2.507,0.6342108,0.3657892
2.508,0.6342108,0.3657892
2.509,0.6342108,0.3657892
2.51,0.6342108,0.3657892
2.511,0.6342108,0.3657892
2.512,0.6342108,0.3657892
2.513,0.6342108,0.3657892
2.514,0.6342108,0.3657892
2.515,0.6342108,0.3657892
2.516,0.6342108,0.3657892
2.517,0.6342108,0.3657892
2.518,0.6342108,0.3657892
2.519,0.6342108,0.3657892
2.52,0.6342108,0.3657892
2.521,0.6342108,0.3657892
2.522,0.6342108,0.3657892
2.523,0.6342108,0.3657892
2.524,0.6342108,0.3657892
2.525,0.6342108,0.3657892
2.526,0.6342108,0.3657892
2.527,0.6342108,0.3657892
2.528,0.6342108,0.3657892
2.529,0.6342108,0.3657892
2.53,0.6342108,0.3657892
2.531,0.6342108,0.3657892
2.532,0.6342108,0.3657892
2.533,0.6342108,0.3657892
2.534,0.6342108,0.3657892
2.535,0.6342108,0.3657892
2.536,0.6342108,0.3657892
2.537,0.6342108,0.3657892
2.538,0.6342108,0.3657892
2.539,0.6342108,0.3657892
2.54,0.6342108,0.3657892
2.541,0.6342108,0.3657892
2.542,0.6342108,0.3657892
2.543,0.6342108,0.3657892
2.544,0.6342108,0.3657892
2.545,0.6342108,0.3657892
2.546,0.6342108,0.3657892
2.547,0.6342108,0.3657892
2.548,0.6342108,0.3657892
2.549,0.6342108,0.3657892
2.55,0.6342108,0.3657892
2.551,0.6342108,0.3657892
2.552,0.6342108,0.3657892
2.553,0.6342108,0.3657892
2.554,0.6342108,0.3657892
2.555,0.6342108,0.3657892
2.556,0.6342108,0.3657892
2.557,0.6342108,0.3657892
2.558,0.6342108,0.3657892
2.559,0.6342108,0.3657892
2.56,0.6342108,0.3657892
2.561,0.6342108,0.3657892
2.562,0.6342108,0.3657892
2.563,0.6342108,0.3657892
2.564,0.6342108,0.3657892
2.565,0.6342108,0.3657892
2.566,0.6342108,0.3657892
2.567,0.6342108,0.3657892
2.568,0.6342108,0.3657892
2.569,0.6342108,0.3657892
2.57,0.6342108,0.3657892
2.571,0.6342108,0.3657892
2.572,0.6342108,0.3657892
2.573,0.6342108,0.3657892
2.574,0.6342108,0.3657892
2.575,0.6342108,0.3657892
2.576,0.6342108,0.3657892
2.577,0.6342108,0.3657892
2.578,0.6342108,0.3657892
2.579,0.6342108,0.3657892
2.58,0.6342108,0.3657892
2.581,0.6342108,0.3657892
2.582,0.6342108,0.3657892
2.583,0.6342108,0.3657892
2.584,0.6342108,0.3657892
2.585,0.6342108,0.3657892
2.586,0.6342108,0.3657892
2.587,0.6342108,0.3657892
2.588,0.6342108,0.3657892
2.589,0.6342108,0.3657892
2.59,0.6342108,0.3657892
2.591,0.6342108,0.3657892
2.592,0.6342108,0.3657892
2.593,0.6342108,0.3657892
2.594,0.6342108,0.3657892
2.595,0.6342108,0.3657892
2.596,0.6342108,0.3657892
2.597,0.6342108,0.3657892
2.598,0.6342108,0.3657892
2.599,0.6342108,0.3657892
2.6,0.6342108,0.3657892
2.601,0.6342108,0.3657892
2.602,0.6342108,0.3657892
2.603,0.6342108,0.3657892
2.604,0.6342108,0.3657892
2.605,0.6342108,0.3657892
2.606,0.6342108,0.3657892
2.607,0.6342108,0.3657892
2.608,0.6342108,0.3657892
2.609,0.6342108,0.3657892
2.61,0.6342108,0.3657892
2.611,0.6342108,0.3657892
2.612,0.6342108,0.3657892
2.613,0.6342108,0.3657892
2.614,0.6342108,0.3657892
2.615,0.6342108,0.3657892
2.616,0.6342108,0.3657892
2.617,0.6342108,0.3657892
2.618,0.6342108,0.3657892
2.619,0.6342108,0.3657892
2.62,0.6342108,0.3657892
2.621,0.6342108,0.3657892
2.622,0.6342108,0.3657892
2.623,0.6342108,0.3657892
2.624,0.6342108,0.3657892
2.625,0.6342108,0.3657892
2.626,0.6342108,0.3657892
2.627,0.6342108,0.3657892
2.628,0.6342108,0.3657892
2.629,0.6342108,0.3657892
2.63,0.6342108,0.3657892
2.631,0.6342108,0.3657892
2.632,0.6342108,0.3657892
2.633,0.6342108,0.3657892
2.634,0.6342108,0.3657892
2.635,0.6342108,0.3657892
2.636,0.6342108,0.3657892
2.637,0.6342108,0.3657892
2.638,0.6342108,0.3657892
2.639,0.6342108,0.3657892
2.64,0.6342108,0.3657892
2.641,0.6342108,0.3657892
2.642,0.6342108,0.3657892
2.643,0.6342108,0.3657892
2.644,0.6342108,0.3657892
2.645,0.6342108,0.3657892
2.646,0.6342108,0.3657892
2.647,0.6342108,0.3657892
2.648,0.6342108,0.3657892
2.649,0.6342108,0.3657892
2.65,0.6342108,0.3657892
2.651,0.6342108,0.3657892
2.652,0.6342108,0.3657892
2.653,0.6342108,0.3657892
2.654,0.6342108,0.3657892
2.655,0.6342108,0.3657892
2.656,0.6342108,0.3657892
2.657,0.6342108,0.3657892
2.658,0.6342108,0.3657892
2.659,0.6342108,0.3657892
2.66,0.6342108,0.3657892
2.661,0.6342108,0.3657892
2.662,0.6342108,0.3657892
2.663,0.6342108,0.3657892
2.664,0.6342108,0.3657892
2.665,0.6342108,0.3657892
2.666,0.6342108,0.3657892
2.667,0.6342108,0.3657892
2.668,0.6342108,0.3657892
2.669,0.6342108,0.3657892
2.67,0.6342108,0.3657892
2.671,0.6342108,0.3657892
2.672,0.6342108,0.3657892
2.673,0.6342108,0.3657892
2.674,0.6342108,0.3657892
2.675,0.6342108,0.3657892
2.676,0.6342108,0.3657892
2.677,0.6342108,0.3657892
2.678,0.6342108,0.3657892
2.679,0.6342108,0.3657892
2.68,0.6342108,0.3657892
2.681,0.6342108,0.3657892
2.682,0.6342108,0.3657892
2.683,0.6342108,0.3657892
2.684,0.6342108,0.3657892
2.685,0.6342108,0.3657892
2.686,0.6342108,0.3657892
2.687,0.6342108,0.3657892
2.688,0.6342108,0.3657892
2.689,0.6342108,0.3657892
2.69,0.6342108,0.3657892
2.691,0.6342108,0.3657892
2.692,0.6342108,0.3657892
2.693,0.6342108,0.3657892
2.694,0.6342108,0.3657892
2.695,0.6342108,0.3657892
2.696,0.6342108,0.3657892
2.697,0.6342108,0.3657892
2.698,0.6342108,0.3657892
2.699,0.6342108,0.3657892
2.7,0.6342108,0.3657892
2.701,0.6342108,0.3657892
2.702,0.6342108,0.3657892
2.703,0.6342108,0.3657892
2.704,0.6342108,0.3657892
2.705,0.6342108,0.3657892
2.706,0.6342108,0.3657892
2.707,0.6342108,0.3657892
2.708,0.6342108,0.3657892
2.709,0.6342108,0.3657892
2.71,0.6342108,0.3657892
2.711,0.6342108,0.3657892
2.712,0.6342108,0.3657892
2.713,0.6342108,0.3657892
2.714,0.6342108,0.3657892
2.715,0.6342108,0.3657892
2.716,0.6342108,0.3657892
2.717,0.6342108,0.3657892
2.718,0.6342108,0.3657892
2.719,0.6342108,0.3657892
2.72,0.6342108,0.3657892
2.721,0.6342108,0.3657892
2.722,0.6342108,0.3657892
2.723,0.6342108,0.3657892
2.724,0.6342108,0.3657892
2.725,0.6342108,0.3657892
2.726,0.6342108,0.3657892
2.727,0.6342108,0.3657892
2.728,0.6342108,0.3657892
2.729,0.6342108,0.3657892
2.73,0.6342108,0.3657892
2.731,0.6342108,0.3657892
2.732,0.6342108,0.3657892
2.733,0.6342108,0.3657892
2.734,0.6342108,0.3657892
2.735,0.6342108,0.3657892
2.736,0.6342108,0.3657892
2.737,0.6342108,0.3657892
2.738,0.6342108,0.3657892
2.739,0.6342108,0.3657892
2.74,0.6342108,0.3657892
2.741,0.6342108,0.3657892
2.742,0.6342108,0.3657892
2.743,0.6342108,0.3657892
2.744,0.6342108,0.3657892
2.745,0.6342108,0.3657892
2.746,0.6342108,0.3657892
2.747,0.6342108,0.3657892
2.748,0.6342108,0.3657892
2.749,0.6342108,0.3657892
2.75,0.6342108,0.3657892
2.751,0.6342108,0.3657892
2.752,0.6342108,0.3657892
2.753,0.6342108,0.3657892
2.754,0.6342108,0.3657892
2.755,0.6342108,0.3657892
2.756,0.6342108,0.3657892
2.757,0.6342108,0.3657892
2.758,0.6342108,0.3657892
2.759,0.6342108,0.3657892
2.76,0.6342108,0.3657892
2.761,0.6342108,0.3657892
2.762,0.6342108,0.3657892
2.763,0.6342108,0.3657892
2.764,0.6342108,0.3657892
2.765,0.6342108,0.3657892
2.766,0.6342108,0.3657892
2.767,0.6342108,0.3657892
2.768,0.6342108,0.3657892
2.769,0.6342108,0.3657892
2.77,0.6342108,0.3657892
2.771,0.6342108,0.3657892
2.772,0.6342108,0.3657892
2.773,0.6342108,0.3657892
2.774,0.6342108,0.3657892
2.775,0.6342108,0.3657892
2.776,0.6342108,0.3657892
2.777,0.6342108,0.3657892
2.778,0.6342108,0.3657892
2.779,0.6342108,0.3657892
2.78,0.6342108,0.3657892
2.781,0.6342108,0.3657892
2.782,0.6342108,0.3657892
2.783,0.6342108,0.3657892
2.784,0.6342108,0.3657892
2.785,0.6342108,0.3657892
2.786,0.6342108,0.3657892
2.787,0.6342108,0.3657892
2.788,0.6342108,0.3657892
2.789,0.6342108,0.3657892
2.79,0.6342108,0.3657892
2.791,0.6342108,0.3657892
2.792,0.6342108,0.3657892
2.793,0.6342108,0.3657892
2.794,0.6342108,0.3657892
2.795,0.6342108,0.3657892
2.796,0.6342108,0.3657892
2.797,0.6342108,0.3657892
2.798,0.6342108,0.3657892
2.799,0.6342108,0.3657892
2.8,0.6342108,0.3657892
2.801,0.6342108,0.3657892
2.802,0.6342108,0.3657892
2.803,0.6342108,0.3657892
2.804,0.6342108,0.3657892
2.805,0.6342108,0.3657892
2.806,0.6342108,0.3657892
2.807,0.6342108,0.3657892
2.808,0.6342108,0.3657892
2.809,0.6342108,0.3657892
2.81,0.6342108,0.3657892
2.811,0.6342108,0.3657892
2.812,0.6342108,0.3657892
2.813,0.6342108,0.3657892
2.814,0.6342108,0.3657892
2.815,0.6342108,0.3657892
2.816,0.6342108,0.3657892
2.817,0.6342108,0.3657892
2.818,0.6342108,0.3657892
2.819,0.6342108,0.3657892
2.82,0.6342108,0.3657892
2.821,0.6342108,0.3657892
2.822,0.6342108,0.3657892
2.823,0.6342108,0.3657892
2.824,0.6342108,0.3657892
2.825,0.6342108,0.3657892
2.826,0.6342108,0.3657892
2.827,0.6342108,0.3657892
2.828,0.6342108,0.3657892
2.829,0.6342108,0.3657892
2.83,0.6342108,0.3657892
2.831,0.6342108,0.3657892
2.832,0.6342108,0.3657892
2.833,0.6342108,0.3657892
2.834,0.6342108,0.3657892
2.835,0.6342108,0.3657892
2.836,0.6342108,0.3657892
2.837,0.6342108,0.3657892
2.838,0.6342108,0.3657892
2.839,0.6342108,0.3657892
2.84,0.6342108,0.3657892
2.841,0.6342108,0.3657892
2.842,0.6342108,0.3657892
2.843,0.6342108,0.3657892
2.844,0.6342108,0.3657892
2.845,0.6342108,0.3657892
2.846,0.6342108,0.3657892
2.847,0.6342108,0.3657892
2.848,0.6342108,0.3657892
2.849,0.6342108,0.3657892
2.85,0.6342108,0.3657892
2.851,0.6342108,0.3657892
2.852,0.6342108,0.3657892
2.853,0.6342108,0.3657892
2.854,0.6342108,0.3657892
2.855,0.6342108,0.3657892
2.856,0.6342108,0.3657892
2.857,0.6342108,0.3657892
2.858,0.6342108,0.3657892
2.859,0.6342108,0.3657892
2.86,0.6342108,0.3657892
2.861,0.6342108,0.3657892
2.862,0.6342108,0.3657892
2.863,0.6342108,0.3657892
2.864,0.6342108,0.3657892
2.865,0.6342108,0.3657892
2.866,0.6342108,0.3657892
2.867,0.6342108,0.3657892
2.868,0.6342108,0.3657892
2.869,0.6342108,0.3657892
2.87,0.6342108,0.3657892
2.871,0.6342108,0.3657892
2.872,0.6342108,0.3657892
2.873,0.6342108,0.3657892
2.874,0.6342108,0.3657892
2.875,0.6342108,0.3657892
2.876,0.6342108,0.3657892
2.877,0.6342108,0.3657892
2.878,0.6342108,0.3657892
2.879,0.6342108,0.3657892
2.88,0.6342108,0.3657892
2.881,0.6342108,0.3657892
2.882,0.6342108,0.3657892
2.883,0.6342108,0.3657892
2.884,0.6342108,0.3657892
2.885,0.6342108,0.3657892
2.886,0.6342108,0.3657892
2.887,0.6342108,0.3657892
2.888,0.6342108,0.3657892
2.889,0.6342108,0.3657892
2.89,0.6342108,0.3657892
2.891,0.6342108,0.3657892
2.892,0.6342108,0.3657892
2.893,0.6342108,0.3657892
2.894,0.6342108,0.3657892
2.895,0.6342108,0.3657892
2.896,0.6342108,0.3657892
2.897,0.6342108,0.3657892
2.898,0.6342108,0.3657892
2.899,0.6342108,0.3657892
2.9,0.6342108,0.3657892
2.901,0.6342108,0.3657892
2.902,0.6342108,0.3657892
2.903,0.6342108,0.3657892
2.904,0.6342108,0.3657892
2.905,0.6342108,0.3657892
2.906,0.6342108,0.3657892
2.907,0.6342108,0.3657892
2.908,0.6342108,0.3657892
2.909,0.6342108,0.3657892
2.91,0.6342108,0.3657892
2.911,0.6342108,0.3657892
2.912,0.6342108,0.3657892
2.913,0.6342108,0.3657892
2.914,0.6342108,0.3657892
2.915,0.6342108,0.3657892
2.916,0.6342108,0.3657892
2.917,0.6342108,0.3657892
2.918,0.6342108,0.3657892
2.919,0.6342108,0.3657892
2.92,0.6342108,0.3657892
2.921,0.6342108,0.3657892
2.922,0.6342108,0.3657892
2.923,0.6342108,0.3657892
2.924,0.6342108,0.3657892
2.925,0.6342108,0.3657892
2.926,0.6342108,0.3657892
2.927,0.6342108,0.3657892
2.928,0.6342108,0.3657892
2.929,0.6342108,0.3657892
2.93,0.6342108,0.3657892
2.931,0.6342108,0.3657892
2.932,0.6342108,0.3657892
2.933,0.6342108,0.3657892
2.934,0.6342108,0.3657892
2.935,0.6342108,0.3657892
2.936,0.6342108,0.3657892
2.937,0.6342108,0.3657892
2.938,0.6342108,0.3657892
2.939,0.6342108,0.3657892
2.94,0.6342108,0.3657892
2.941,0.6342108,0.3657892
2.942,0.6342108,0.3657892
2.943,0.6342108,0.3657892
2.944,0.6342108,0.3657892
2.945,0.6342108,0.3657892
2.946,0.6342108,0.3657892
2.947,0.6342108,0.3657892
2.948,0.6342108,0.3657892
2.949,0.6342108,0.3657892
2.95,0.6342108,0.3657892
2.951,0.6342108,0.3657892
2.952,0.6342108,0.3657892
2.953,0.6342108,0.3657892
2.954,0.6342108,0.3657892
2.955,0.6342108,0.3657892
2.956,0.6342108,0.3657892
2.957,0.6342108,0.3657892
2.958,0.6342108,0.3657892
2.959,0.6342108,0.3657892
2.96,0.6342108,0.3657892
2.961,0.6342108,0.3657892
2.962,0.6342108,0.3657892
2.963,0.6342108,0.3657892
2.964,0.6342108,0.3657892
2.965,0.6342108,0.3657892
2.966,0.6342108,0.3657892
2.967,0.6342108,0.3657892
2.968,0.6342108,0.3657892
2.969,0.6342108,0.3657892
2.97,0.6342108,0.3657892
2.971,0.6342108,0.3657892
2.972,0.6342108,0.3657892
2.973,0.6342108,0.3657892
2.974,0.6342108,0.3657892
2.975,0.6342108,0.3657892
2.976,0.6342108,0.3657892
2.977,0.6342108,0.3657892
2.978,0.6342108,0.3657892
2.979,0.6342108,0.3657892
2.98,0.6342108,0.3657892
2.981,0.6342108,0.3657892
2.982,0.6342108,0.3657892
2.983,0.6342108,0.3657892
2.984,0.6342108,0.3657892
2.985,0.6342108,0.3657892
2.986,0.6342108,0.3657892
2.987,0.6342108,0.3657892
2.988,0.6342108,0.3657892
2.989,0.6342108,0.3657892
2.99,0.6342108,0.3657892
2.991,0.6342108,0.3657892
2.992,0.6342108,0.3657892
2.993,0.6342108,0.3657892
2.994,0.6342108,0.3657892
2.995,0.6342108,0.3657892
2.996,0.6342108,0.3657892
2.997,0.6342108,0.3657892
2.998,0.6342108,0.3657892
2.999,0.6342108,0.3657892
3.0,0.6342108,0.3657892
3.001,0.6342108,0.3657892
3.002,0.6342108,0.3657892
3.003,0.6342108,0.3657892
3.004,0.6342108,0.3657892
3.005,0.6342108,0.3657892
3.006,0.6342108,0.3657892
3.007,0.6342108,0.3657892
3.008,0.6342108,0.3657892
3.009,0.6342108,0.3657892
3.01,0.6342108,0.3657892
3.011,0.6342108,0.3657892
3.012,0.6342108,0.3657892
3.013,0.6342108,0.3657892
3.014,0.6342108,0.3657892
3.015,0.6342108,0.3657892
3.016,0.6342108,0.3657892
3.017,0.6342108,0.3657892
3.018,0.6342108,0.3657892
3.019,0.6342108,0.3657892
3.02,0.6342108,0.3657892
3.021,0.6342108,0.3657892
3.022,0.6342108,0.3657892
3.023,0.6342108,0.3657892
3.024,0.6342108,0.3657892
3.025,0.6342108,0.3657892
3.026,0.6342108,0.3657892
3.027,0.6342108,0.3657892
3.028,0.6342108,0.3657892
3.029,0.6342108,0.3657892
3.03,0.6342108,0.3657892
3.031,0.6342108,0.3657892
3.032,0.6342108,0.3657892
3.033,0.6342108,0.3657892
3.034,0.6342108,0.3657892
3.035,0.6342108,0.3657892
3.036,0.6342108,0.3657892
3.037,0.6342108,0.3657892
3.038,0.6342108,0.3657892
3.039,0.6342108,0.3657892
3.04,0.6342108,0.3657892
3.041,0.6342108,0.3657892
3.042,0.6342108,0.3657892
3.043,0.6342108,0.3657892
3.044,0.6342108,0.3657892
3.045,0.6342108,0.3657892
3.046,0.6342108,0.3657892
3.047,0.6342108,0.3657892
3.048,0.6342108,0.3657892
3.049,0.6342108,0.3657892
3.05,0.6342108,0.3657892
3.051,0.6342108,0.3657892
3.052,0.6342108,0.3657892
3.053,0.6342108,0.3657892
3.054,0.6342108,0.3657892
3.055,0.6342108,0.3657892
3.056,0.6342108,0.3657892
3.057,0.6342108,0.3657892
3.058,0.6342108,0.3657892
3.059,0.6342108,0.3657892
3.06,0.6342108,0.3657892
3.061,0.6342108,0.3657892
3.062,0.6342108,0.3657892
3.063,0.6342108,0.3657892
3.064,0.6342108,0.3657892
3.065,0.6342108,0.3657892
3.066,0.6342108,0.3657892
3.067,0.6342108,0.3657892
3.068,0.6342108,0.3657892
3.069,0.6342108,0.3657892
3.07,0.6342108,0.3657892
3.071,0.6342108,0.3657892
3.072,0.6342108,0.3657892
3.073,0.6342108,0.3657892
3.074,0.6342108,0.3657892
3.075,0.6342108,0.3657892
3.076,0.6342108,0.3657892
3.077,0.6342108,0.3657892
3.078,0.6342108,0.3657892
3.079,0.6342108,0.3657892
3.08,0.6342108,0.3657892
3.081,0.6342108,0.3657892
3.082,0.6342108,0.3657892
3.083,0.6342108,0.3657892
3.084,0.6342108,0.3657892
3.085,0.6342108,0.3657892
3.086,0.6342108,0.3657892
3.087,0.6342108,0.3657892
3.088,0.6342108,0.3657892
3.089,0.6342108,0.3657892
3.09,0.6342108,0.3657892
3.091,0.6342108,0.3657892
3.092,0.6342108,0.3657892
3.093,0.6342108,0.3657892
3.094,0.6342108,0.3657892
3.095,0.6342108,0.3657892
3.096,0.6342108,0.3657892
3.097,0.6342108,0.3657892
3.098,0.6342108,0.3657892
3.099,0.6342108,0.3657892
3.1,0.6342108,0.3657892
3.101,0.6342108,0.3657892
3.102,0.6342108,0.3657892
3.103,0.6342108,0.3657892
3.104,0.6342108,0.3657892
3.105,0.6342108,0.3657892
3.106,0.6342108,0.3657892
3.107,0.6342108,0.3657892
3.108,0.6342108,0.3657892
3.109,0.6342108,0.3657892
3.11,0.6342108,0.3657892
3.111,0.6342108,0.3657892
3.112,0.6342108,0.3657892
3.113,0.6342108,0.3657892
3.114,0.6342108,0.3657892
3.115,0.6342108,0.3657892
3.116,0.6342108,0.3657892
3.117,0.6342108,0.3657892
3.118,0.6342108,0.3657892
3.119,0.6342108,0.3657892
3.12,0.6342108,0.3657892
3.121,0.6342108,0.3657892
3.122,0.6342108,0.3657892
3.123,0.6342108,0.3657892
3.124,0.6342108,0.3657892
3.125,0.6342108,0.3657892
3.126,0.6342108,0.3657892
3.127,0.6342108,0.3657892
3.128,0.6342108,0.3657892
3.129,0.6342108,0.3657892
3.13,0.6342108,0.3657892
3.131,0.6342108,0.3657892
3.132,0.6342108,0.3657892
3.133,0.6342108,0.3657892
3.134,0.6342108,0.3657892
3.135,0.6342108,0.3657892
3.136,0.6342108,0.3657892
3.137,0.6342108,0.3657892
3.138,0.6342108,0.3657892
3.139,0.6342108,0.3657892
3.14,0.6342108,0.3657892
3.141,0.6342108,0.3657892
3.142,0.6342108,0.3657892
3.143,0.6342108,0.3657892
3.144,0.6342108,0.3657892
3.145,0.6342108,0.3657892
3.146,0.6342108,0.3657892
3.147,0.6342108,0.3657892
3.148,0.6342108,0.3657892
3.149,0.6342108,0.3657892
3.15,0.6342108,0.3657892
3.151,0.6342108,0.3657892
3.152,0.6342108,0.3657892
3.153,0.6342108,0.3657892
3.154,0.6342108,0.3657892
3.155,0.6342108,0.3657892
3.156,0.6342108,0.3657892
3.157,0.6342108,0.3657892
3.158,0.6342108,0.3657892
3.159,0.6342108,0.3657892
3.16,0.6342108,0.3657892
3.161,0.6342108,0.3657892
3.162,0.6342108,0.3657892
3.163,0.6342108,0.3657892
3.164,0.6342108,0.3657892
3.165,0.6342108,0.3657892
3.166,0.6342108,0.3657892
3.167,0.6342108,0.3657892
3.168,0.6342108,0.3657892
3.169,0.6342108,0.3657892
3.17,0.6342108,0.3657892
3.171,0.6342108,0.3657892
3.172,0.6342108,0.3657892
3.173,0.6342108,0.3657892
3.174,0.6342108,0.3657892
3.175,0.6342108,0.3657892
3.176,0.6342108,0.3657892
3.177,0.6342108,0.3657892
3.178,0.6342108,0.3657892
3.179,0.6342108,0.3657892
3.18,0.6342108,0.3657892
3.181,0.6342108,0.3657892
3.182,0.6342108,0.3657892
3.183,0.6342108,0.3657892
3.184,0.6342108,0.3657892
3.185,0.6342108,0.3657892
3.186,0.6342108,0.3657892
3.187,0.6342108,0.3657892
3.188,0.6342108,0.3657892
3.189,0.6342108,0.3657892
3.19,0.6342108,0.3657892
3.191,0.6342108,0.3657892
3.192,0.6342108,0.3657892
3.193,0.6342108,0.3657892
3.194,0.6342108,0.3657892
3.195,0.6342108,0.3657892
3.196,0.6342108,0.3657892
3.197,0.6342108,0.3657892
3.198,0.6342108,0.3657892
3.199,0.6342108,0.3657892
3.2,0.6342108,0.3657892
3.201,0.6342108,0.3657892
3.202,0.6342108,0.3657892
3.203,0.6342108,0.3657892
3.204,0.6342108,0.3657892
3.205,0.6342108,0.3657892
3.206,0.6342108,0.3657892
3.207,0.6342108,0.3657892
3.208,0.6342108,0.3657892
3.209,0.6342108,0.3657892
3.21,0.6342108,0.3657892
3.211,0.6342108,0.3657892
3.212,0.6342108,0.3657892
3.213,0.6342108,0.3657892
3.214,0.6342108,0.3657892
3.215,0.6342108,0.3657892
3.216,0.6342108,0.3657892
3.217,0.6342108,0.3657892
3.218,0.6342108,0.3657892
3.219,0.6342108,0.3657892
3.22,0.6342108,0.3657892
3.221,0.6342108,0.3657892
3.222,0.6342108,0.3657892
3.223,0.6342108,0.3657892
3.224,0.6342108,0.3657892
3.225,0.6342108,0.3657892
3.226,0.6342108,0.3657892
3.227,0.6342108,0.3657892
3.228,0.6342108,0.3657892
3.229,0.6342108,0.3657892
3.23,0.6342108,0.3657892
3.231,0.6342108,0.3657892
3.232,0.6342108,0.3657892
3.233,0.6342108,0.3657892
3.234,0.6342108,0.3657892
3.235,0.6342108,0.3657892
3.236,0.6342108,0.3657892
3.237,0.6342108,0.3657892
3.238,0.6342108,0.3657892
3.239,0.6342108,0.3657892
3.24,0.6342108,0.3657892
3.241,0.6342108,0.3657892
3.242,0.6342108,0.3657892
3.243,0.6342108,0.3657892
3.244,0.6342108,0.3657892
3.245,0.6342108,0.3657892
3.246,0.6342108,0.3657892
3.247,0.6342108,0.3657892
3.248,0.6342108,0.3657892
3.249,0.6342108,0.3657892
3.25,0.6342108,0.3657892
3.251,0.6342108,0.3657892
3.252,0.6342108,0.3657892
3.253,0.6342108,0.3657892
3.254,0.6342108,0.3657892
3.255,0.6342108,0.3657892
3.256,0.6342108,0.3657892
3.257,0.6342108,0.3657892
3.258,0.6342108,0.3657892
3.259,0.6342108,0.3657892
3.26,0.6342108,0.3657892
3.261,0.6342108,0.3657892
3.262,0.6342108,0.3657892
3.263,0.6342108,0.3657892
3.264,0.6342108,0.3657892
3.265,0.6342108,0.3657892
3.266,0.6342108,0.3657892
3.267,0.6342108,0.3657892
3.268,0.6342108,0.3657892
3.269,0.6342108,0.3657892
3.27,0.6342108,0.3657892
3.271,0.6342108,0.3657892
3.272,0.6342108,0.3657892
3.273,0.6342108,0.3657892
3.274,0.6342108,0.3657892
3.275,0.6342108,0.3657892
3.276,0.6342108,0.3657892
3.277,0.6342108,0.3657892
3.278,0.6342108,0.3657892
3.279,0.6342108,0.3657892
3.28,0.6342108,0.3657892
3.281,0.6342108,0.3657892
3.282,0.6342108,0.3657892
3.283,0.6342108,0.3657892
3.284,0.6342108,0.3657892
3.285,0.6342108,0.3657892
3.286,0.6342108,0.3657892
3.287,0.6342108,0.3657892
3.288,0.6342108,0.3657892
3.289,0.6342108,0.3657892
3.29,0.6342108,0.3657892
3.291,0.6342108,0.3657892
3.292,0.6342108,0.3657892
3.293,0.6342108,0.3657892
3.294,0.6342108,0.3657892
3.295,0.6342108,0.3657892
3.296,0.6342108,0.3657892
3.297,0.6342108,0.3657892
3.298,0.6342108,0.3657892
3.299,0.6342108,0.3657892
3.3,0.6342108,0.3657892
3.301,0.6342108,0.3657892
3.302,0.6342108,0.3657892
3.303,0.6342108,0.3657892
3.304,0.6342108,0.3657892
3.305,0.6342108,0.3657892
3.306,0.6342108,0.3657892
3.307,0.6342108,0.3657892
3.308,0.6342108,0.3657892
3.309,0.6342108,0.3657892
3.31,0.6342108,0.3657892
3.311,0.6342108,0.3657892
3.312,0.6342108,0.3657892
3.313,0.6342108,0.3657892
3.314,0.6342108,0.3657892
3.315,0.6342108,0.3657892
3.316,0.6342108,0.3657892
3.317,0.6342108,0.3657892
3.318,0.6342108,0.3657892
3.319,0.6342108,0.3657892
3.32,0.6342108,0.3657892
3.321,0.6342108,0.3657892
3.322,0.6342108,0.3657892
3.323,0.6342108,0.3657892
3.324,0.6342108,0.3657892
3.325,0.6342108,0.3657892
3.326,0.6342108,0.3657892
3.327,0.6342108,0.3657892
3.328,0.6342108,0.3657892
3.329,0.6342108,0.3657892
3.33,0.6342108,0.3657892
3.331,0.6342108,0.3657892
3.332,0.6342108,0.3657892
3.333,0.6342108,0.3657892
3.334,0.6342108,0.3657892
3.335,0.6342108,0.3657892
3.336,0.6342108,0.3657892
3.337,0.6342108,0.3657892
3.338,0.6342108,0.3657892
3.339,0.6342108,0.3657892
3.34,0.6342108,0.3657892
3.341,0.6342108,0.3657892
3.342,0.6342108,0.3657892
3.343,0.6342108,0.3657892
3.344,0.6342108,0.3657892
3.345,0.6342108,0.3657892
3.346,0.6342108,0.3657892
3.347,0.6342108,0.3657892
3.348,0.6342108,0.3657892
3.349,0.6342108,0.3657892
3.35,0.6342108,0.3657892
3.351,0.6342108,0.3657892
3.352,0.6342108,0.3657892
3.353,0.6342108,0.3657892
3.354,0.6342108,0.3657892
3.355,0.6342108,0.3657892
3.356,0.6342108,0.3657892
3.357,0.6342108,0.3657892
3.358,0.6342108,0.3657892
3.359,0.6342108,0.3657892
3.36,0.6342108,0.3657892
3.361,0.6342108,0.3657892
3.362,0.6342108,0.3657892
3.363,0.6342108,0.3657892
3.364,0.6342108,0.3657892
3.365,0.6342108,0.3657892
3.366,0.6342108,0.3657892
3.367,0.6342108,0.3657892
3.368,0.6342108,0.3657892
3.369,0.6342108,0.3657892
3.37,0.6342108,0.3657892
3.371,0.6342108,0.3657892
3.372,0.6342108,0.3657892
3.373,0.6342108,0.3657892
3.374,0.6342108,0.3657892
3.375,0.6342108,0.3657892
3.376,0.6342108,0.3657892
3.377,0.6342108,0.3657892
3.378,0.6342108,0.3657892
3.379,0.6342108,0.3657892
3.38,0.6342108,0.3657892
3.381,0.6342108,0.3657892
3.382,0.6342108,0.3657892
3.383,0.6342108,0.3657892
3.384,0.6342108,0.3657892
3.385,0.6342108,0.3657892
3.386,0.6342108,0.3657892
3.387,0.6342108,0.3657892
3.388,0.6342108,0.3657892
3.389,0.6342108,0.3657892
3.39,0.6342108,0.3657892
3.391,0.6342108,0.3657892
3.392,0.6342108,0.3657892
3.393,0.6342108,0.3657892
3.394,0.6342108,0.3657892
3.395,0.6342108,0.3657892
3.396,0.6342108,0.3657892
3.397,0.6342108,0.3657892
3.398,0.6342108,0.3657892
3.399,0.6342108,0.3657892
3.4,0.6342108,0.3657892
3.401,0.6342108,0.3657892
3.402,0.6342108,0.3657892
3.403,0.6342108,0.3657892
3.404,0.6342108,0.3657892
3.405,0.6342108,0.3657892
3.406,0.6342108,0.3657892
3.407,0.6342108,0.3657892
3.408,0.6342108,0.3657892
3.409,0.6342108,0.3657892
3.41,0.6342108,0.3657892
3.411,0.6342108,0.3657892
3.412,0.6342108,0.3657892
3.413,0.6342108,0.3657892
3.414,0.6342108,0.3657892
3.415,0.6342108,0.3657892
3.416,0.6342108,0.3657892
3.417,0.6342108,0.3657892
3.418,0.6342108,0.3657892
3.419,0.6342108,0.3657892
3.42,0.6342108,0.3657892
3.421,0.6342108,0.3657892
3.422,0.6342108,0.3657892
3.423,0.6342108,0.3657892
3.424,0.6342108,0.3657892
3.425,0.6342108,0.3657892
3.426,0.6342108,0.3657892
3.427,0.6342108,0.3657892
3.428,0.6342108,0.3657892
3.429,0.6342108,0.3657892
3.43,0.6342108,0.3657892
3.431,0.6342108,0.3657892
3.432,0.6342108,0.3657892
3.433,0.6342108,0.3657892
3.434,0.6342108,0.3657892
3.435,0.6342108,0.3657892
3.436,0.6342108,0.3657892
3.437,0.6342108,0.3657892
3.438,0.6342108,0.3657892
3.439,0.6342108,0.3657892
3.44,0.6342108,0.3657892
3.441,0.6342108,0.3657892
3.442,0.6342108,0.3657892
3.443,0.6342108,0.3657892
3.444,0.6342108,0.3657892
3.445,0.6342108,0.3657892
3.446,0.6342108,0.3657892
3.447,0.6342108,0.3657892
3.448,0.6342108,0.3657892
3.449,0.6342108,0.3657892
3.45,0.6342108,0.3657892
3.451,0.6342108,0.3657892
3.452,0.6342108,0.3657892
3.453,0.6342108,0.3657892
3.454,0.6342108,0.3657892
3.455,0.6342108,0.3657892
3.456,0.6342108,0.3657892
3.457,0.6342108,0.3657892
3.458,0.6342108,0.3657892
3.459,0.6342108,0.3657892
3.46,0.6342108,0.3657892
3.461,0.6342108,0.3657892
3.462,0.6342108,0.3657892
3.463,0.6342108,0.3657892
3.464,0.6342108,0.3657892
3.465,0.6342108,0.3657892
3.466,0.6342108,0.3657892
3.467,0.6342108,0.3657892
3.468,0.6342108,0.3657892
3.469,0.6342108,0.3657892
3.47,0.6342108,0.3657892
3.471,0.6342108,0.3657892
3.472,0.6342108,0.3657892
3.473,0.6342108,0.3657892
3.474,0.6342108,0.3657892
3.475,0.6342108,0.3657892
3.476,0.6342108,0.3657892
3.477,0.6342108,0.3657892
3.478,0.6342108,0.3657892
3.479,0.6342108,0.3657892
3.48,0.6342108,0.3657892
3.481,0.6342108,0.3657892
3.482,0.6342108,0.3657892
3.483,0.6342108,0.3657892
3.484,0.6342108,0.3657892
3.485,0.6342108,0.3657892
3.486,0.6342108,0.3657892
3.487,0.6342108,0.3657892
3.488,0.6342108,0.3657892
3.489,0.6342108,0.3657892
3.49,0.6342108,0.3657892
3.491,0.6342108,0.3657892
3.492,0.6342108,0.3657892
3.493,0.6342108,0.3657892
3.494,0.6342108,0.3657892
3.495,0.6342108,0.3657892
3.496,0.6342108,0.3657892
3.497,0.6342108,0.3657892
3.498,0.6342108,0.3657892
3.499,0.6342108,0.3657892
3.5,0.6342108,0.3657892
3.501,0.6342108,0.3657892
3.502,0.6342108,0.3657892
3.503,0.6342108,0.3657892
3.504,0.6342108,0.3657892
3.505,0.6342108,0.3657892
3.506,0.6342108,0.3657892
3.507,0.6342108,0.3657892
3.508,0.6342108,0.3657892
3.509,0.6342108,0.3657892
3.51,0.6342108,0.3657892
3.511,0.6342108,0.3657892
3.512,0.6342108,0.3657892
3.513,0.6342108,0.3657892
3.514,0.6342108,0.3657892
3.515,0.6342108,0.3657892
3.516,0.6342108,0.3657892
3.517,0.6342108,0.3657892
3.518,0.6342108,0.3657892
3.519,0.6342108,0.3657892
3.52,0.6342108,0.3657892
3.521,0.6342108,0.3657892
3.522,0.6342108,0.3657892
3.523,0.6342108,0.3657892
3.524,0.6342108,0.3657892
3.525,0.6342108,0.3657892
3.526,0.6342108,0.3657892
3.527,0.6342108,0.3657892
3.528,0.6342108,0.3657892
3.529,0.6342108,0.3657892
3.53,0.6342108,0.3657892
3.531,0.6342108,0.3657892
3.532,0.6342108,0.3657892
3.533,0.6342108,0.3657892
3.534,0.6342108,0.3657892
3.535,0.6342108,0.3657892
3.536,0.6342108,0.3657892
3.537,0.6342108,0.3657892
3.538,0.6342108,0.3657892
3.539,0.6342108,0.3657892
3.54,0.6342108,0.3657892
3.541,0.6342108,0.3657892
3.542,0.6342108,0.3657892
3.543,0.6342108,0.3657892
3.544,0.6342108,0.3657892
3.545,0.6342108,0.3657892
3.546,0.6342108,0.3657892
3.547,0.6342108,0.3657892
3.548,0.6342108,0.3657892
3.549,0.6342108,0.3657892
3.55,0.6342108,0.3657892
3.551,0.6342108,0.3657892
3.552,0.6342108,0.3657892
3.553,0.6342108,0.3657892
3.554,0.6342108,0.3657892
3.555,0.6342108,0.3657892
3.556,0.6342108,0.3657892
3.557,0.6342108,0.3657892
3.558,0.6342108,0.3657892
3.559,0.6342108,0.3657892
3.56,0.6342108,0.3657892
3.561,0.6342108,0.3657892
3.562,0.6342108,0.3657892
3.563,0.6342108,0.3657892
3.564,0.6342108,0.3657892
3.565,0.6342108,0.3657892
3.566,0.6342108,0.3657892
3.567,0.6342108,0.3657892
3.568,0.6342108,0.3657892
3.569,0.6342108,0.3657892
3.57,0.6342108,0.3657892
3.571,0.6342108,0.3657892
3.572,0.6342108,0.3657892
3.573,0.6342108,0.3657892
3.574,0.6342108,0.3657892
3.575,0.6342108,0.3657892
3.576,0.6342108,0.3657892
3.577,0.6342108,0.3657892
3.578,0.6342108,0.3657892
3.579,0.6342108,0.3657892
3.58,0.6342108,0.3657892
3.581,0.6342108,0.3657892
3.582,0.6342108,0.3657892
3.583,0.6342108,0.3657892
3.584,0.6342108,0.3657892
3.585,0.6342108,0.3657892
3.586,0.6342108,0.3657892
3.587,0.6342108,0.3657892
3.588,0.6342108,0.3657892
3.589,0.6342108,0.3657892
3.59,0.6342108,0.3657892
3.591,0.6342108,0.3657892
3.592,0.6342108,0.3657892
3.593,0.6342108,0.3657892
3.594,0.6342108,0.3657892
3.595,0.6342108,0.3657892
3.596,0.6342108,0.3657892
3.597,0.6342108,0.3657892
3.598,0.6342108,0.3657892
3.599,0.6342108,0.3657892
3.6,0.6342108,0.3657892
3.601,0.6342108,0.3657892
3.602,0.6342108,0.3657892
3.603,0.6342108,0.3657892
3.604,0.6342108,0.3657892
3.605,0.6342108,0.3657892
3.606,0.6342108,0.3657892
3.607,0.6342108,0.3657892
3.608,0.6342108,0.3657892
3.609,0.6342108,0.3657892
3.61,0.6342108,0.3657892
3.611,0.6342108,0.3657892
3.612,0.6342108,0.3657892
3.613,0.6342108,0.3657892
3.614,0.6342108,0.3657892
3.615,0.6342108,0.3657892
3.616,0.6342108,0.3657892
3.617,0.6342108,0.3657892
3.618,0.6342108,0.3657892
3.619,0.6342108,0.3657892
3.62,0.6342108,0.3657892
3.621,0.6342108,0.3657892
3.622,0.6342108,0.3657892
3.623,0.6342108,0.3657892
3.624,0.6342108,0.3657892
3.625,0.6342108,0.3657892
3.626,0.6342108,0.3657892
3.627,0.6342108,0.3657892
3.628,0.6342108,0.3657892
3.629,0.6342108,0.3657892
3.63,0.6342108,0.3657892
3.631,0.6342108,0.3657892
3.632,0.6342108,0.3657892
3.633,0.6342108,0.3657892
3.634,0.6342108,0.3657892
3.635,0.6342108,0.3657892
3.636,0.6342108,0.3657892
3.637,0.6342108,0.3657892
3.638,0.6342108,0.3657892
3.639,0.6342108,0.3657892
3.64,0.6342108,0.3657892
3.641,0.6342108,0.3657892
3.642,0.6342108,0.3657892
3.643,0.6342108,0.3657892
3.644,0.6342108,0.3657892
3.645,0.6342108,0.3657892
3.646,0.6342108,0.3657892
3.647,0.6342108,0.3657892
3.648,0.6342108,0.3657892
3.649,0.6342108,0.3657892
3.65,0.6342108,0.3657892
3.651,0.6342108,0.3657892
3.652,0.6342108,0.3657892
3.653,0.6342108,0.3657892
3.654,0.6342108,0.3657892
3.655,0.6342108,0.3657892
3.656,0.6342108,0.3657892
3.657,0.6342108,0.3657892
3.658,0.6342108,0.3657892
3.659,0.6342108,0.3657892
3.66,0.6342108,0.3657892
3.661,0.6342108,0.3657892
3.662,0.6342108,0.3657892
3.663,0.6342108,0.3657892
3.664,0.6342108,0.3657892
3.665,0.6342108,0.3657892
3.666,0.6342108,0.3657892
3.667,0.6342108,0.3657892
3.668,0.6342108,0.3657892
3.669,0.6342108,0.3657892
3.67,0.6342108,0.3657892
3.671,0.6342108,0.3657892
3.672,0.6342108,0.3657892
3.673,0.6342108,0.3657892
3.674,0.6342108,0.3657892
3.675,0.6342108,0.3657892
3.676,0.6342108,0.3657892
3.677,0.6342108,0.3657892
3.678,0.6342108,0.3657892
3.679,0.6342108,0.3657892
3.68,0.6342108,0.3657892
3.681,0.6342108,0.3657892
3.682,0.6342108,0.3657892
3.683,0.6342108,0.3657892
3.684,0.6342108,0.3657892
3.685,0.6342108,0.3657892
3.686,0.6342108,0.3657892
3.687,0.6342108,0.3657892
3.688,0.6342108,0.3657892
3.689,0.6342108,0.3657892
3.69,0.6342108,0.3657892
3.691,0.6342108,0.3657892
3.692,0.6342108,0.3657892
3.693,0.6342108,0.3657892
3.694,0.6342108,0.3657892
3.695,0.6342108,0.3657892
3.696,0.6342108,0.3657892
3.697,0.6342108,0.3657892
3.698,0.6342108,0.3657892
3.699,0.6342108,0.3657892
3.7,0.6342108,0.3657892
3.701,0.6342108,0.3657892
3.702,0.6342108,0.3657892
3.703,0.6342108,0.3657892
3.704,0.6342108,0.3657892
3.705,0.6342108,0.3657892
3.706,0.6342108,0.3657892
3.707,0.6342108,0.3657892
3.708,0.6342108,0.3657892
3.709,0.6342108,0.3657892
3.71,0.6342108,0.3657892
3.711,0.6342108,0.3657892
3.712,0.6342108,0.3657892
3.713,0.6342108,0.3657892
3.714,0.6342108,0.3657892
3.715,0.6342108,0.3657892
3.716,0.6342108,0.3657892
3.717,0.6342108,0.3657892
3.718,0.6342108,0.3657892
3.719,0.6342108,0.3657892
3.72,0.6342108,0.3657892
3.721,0.6342108,0.3657892
3.722,0.6342108,0.3657892
3.723,0.6342108,0.3657892
3.724,0.6342108,0.3657892
3.725,0.6342108,0.3657892
3.726,0.6342108,0.3657892
3.727,0.6342108,0.3657892
3.728,0.6342108,0.3657892
3.729,0.6342108,0.3657892
3.73,0.6342108,0.3657892
3.731,0.6342108,0.3657892
3.732,0.6342108,0.3657892
3.733,0.6342108,0.3657892
3.734,0.6342108,0.3657892
3.735,0.6342108,0.3657892
3.736,0.6342108,0.3657892
3.737,0.6342108,0.3657892
3.738,0.6342108,0.3657892
3.739,0.6342108,0.3657892
3.74,0.6342108,0.3657892
3.741,0.6342108,0.3657892
3.742,0.6342108,0.3657892
3.743,0.6342108,0.3657892
3.744,0.6342108,0.3657892
3.745,0.6342108,0.3657892
3.746,0.6342108,0.3657892
3.747,0.6342108,0.3657892
3.748,0.6342108,0.3657892
3.749,0.6342108,0.3657892
3.75,0.6342108,0.3657892
3.751,0.6342108,0.3657892
3.752,0.6342108,0.3657892
3.753,0.6342108,0.3657892
3.754,0.6342108,0.3657892
3.755,0.6342108,0.3657892
3.756,0.6342108,0.3657892
3.757,0.6342108,0.3657892
3.758,0.6342108,0.3657892
3.759,0.6342108,0.3657892
3.76,0.6342108,0.3657892
3.761,0.6342108,0.3657892
3.762,0.6342108,0.3657892
3.763,0.6342108,0.3657892
3.764,0.6342108,0.3657892
3.765,0.6342108,0.3657892
3.766,0.6342108,0.3657892
3.767,0.6342108,0.3657892
3.768,0.6342108,0.3657892
3.769,0.6342108,0.3657892
3.77,0.6342108,0.3657892
3.771,0.6342108,0.3657892
3.772,0.6342108,0.3657892
3.773,0.6342108,0.3657892
3.774,0.6342108,0.3657892
3.775,0.6342108,0.3657892
3.776,0.6342108,0.3657892
3.777,0.6342108,0.3657892
3.778,0.6342108,0.3657892
3.779,0.6342108,0.3657892
3.78,0.6342108,0.3657892
3.781,0.6342108,0.3657892
3.782,0.6342108,0.3657892
3.783,0.6342108,0.3657892
3.784,0.6342108,0.3657892
3.785,0.6342108,0.3657892
3.786,0.6342108,0.3657892
3.787,0.6342108,0.3657892
3.788,0.6342108,0.3657892
3.789,0.6342108,0.3657892
3.79,0.6342108,0.3657892
3.791,0.6342108,0.3657892
3.792,0.6342108,0.3657892
3.793,0.6342108,0.3657892
3.794,0.6342108,0.3657892
3.795,0.6342108,0.3657892
3.796,0.6342108,0.3657892
3.797,0.6342108,0.3657892
3.798,0.6342108,0.3657892
3.799,0.6342108,0.3657892
3.8,0.6342108,0.3657892
3.801,0.6342108,0.3657892
3.802,0.6342108,0.3657892
3.803,0.6342108,0.3657892
3.804,0.6342108,0.3657892
3.805,0.6342108,0.3657892
3.806,0.6342108,0.3657892
3.807,0.6342108,0.3657892
3.808,0.6342108,0.3657892
3.809,0.6342108,0.3657892
3.81,0.6342108,0.3657892
3.811,0.6342108,0.3657892
3.812,0.6342108,0.3657892
3.813,0.6342108,0.3657892
3.814,0.6342108,0.3657892
3.815,0.6342108,0.3657892
3.816,0.6342108,0.3657892
3.817,0.6342108,0.3657892
3.818,0.6342108,0.3657892
3.819,0.6342108,0.3657892
3.82,0.6342108,0.3657892
3.821,0.6342108,0.3657892
3.822,0.6342108,0.3657892
3.823,0.6342108,0.3657892
3.824,0.6342108,0.3657892
3.825,0.6342108,0.3657892
3.826,0.6342108,0.3657892
3.827,0.6342108,0.3657892
3.828,0.6342108,0.3657892
3.829,0.6342108,0.3657892
3.83,0.6342108,0.3657892
3.831,0.6342108,0.3657892
3.832,0.6342108,0.3657892
3.833,0.6342108,0.3657892
3.834,0.6342108,0.3657892
3.835,0.6342108,0.3657892
3.836,0.6342108,0.3657892
3.837,0.6342108,0.3657892
3.838,0.6342108,0.3657892
3.839,0.6342108,0.3657892
3.84,0.6342108,0.3657892
3.841,0.6342108,0.3657892
3.842,0.6342108,0.3657892
3.843,0.6342108,0.3657892
3.844,0.6342108,0.3657892
3.845,0.6342108,0.3657892
3.846,0.6342108,0.3657892
3.847,0.6342108,0.3657892
3.848,0.6342108,0.3657892
3.849,0.6342108,0.3657892
3.85,0.6342108,0.3657892
3.851,0.6342108,0.3657892
3.852,0.6342108,0.3657892
3.853,0.6342108,0.3657892
3.854,0.6342108,0.3657892
3.855,0.6342108,0.3657892
3.856,0.6342108,0.3657892
3.857,0.6342108,0.3657892
3.858,0.6342108,0.3657892
3.859,0.6342108,0.3657892
3.86,0.6342108,0.3657892
3.861,0.6342108,0.3657892
3.862,0.6342108,0.3657892
3.863,0.6342108,0.3657892
3.864,0.6342108,0.3657892
3.865,0.6342108,0.3657892
3.866,0.6342108,0.3657892
3.867,0.6342108,0.3657892
3.868,0.6342108,0.3657892
3.869,0.6342108,0.3657892
3.87,0.6342108,0.3657892
3.871,0.6342108,0.3657892
3.872,0.6342108,0.3657892
3.873,0.6342108,0.3657892
3.874,0.6342108,0.3657892
3.875,0.6342108,0.3657892
3.876,0.6342108,0.3657892
3.877,0.6342108,0.3657892
3.878,0.6342108,0.3657892
3.879,0.6342108,0.3657892
3.88,0.6342108,0.3657892
3.881,0.6342108,0.3657892
3.882,0.6342108,0.3657892
3.883,0.6342108,0.3657892
3.884,0.6342108,0.3657892
3.885,0.6342108,0.3657892
3.886,0.6342108,0.3657892
3.887,0.6342108,0.3657892
3.888,0.6342108,0.3657892
3.889,0.6342108,0.3657892
3.89,0.6342108,0.3657892
3.891,0.6342108,0.3657892
3.892,0.6342108,0.3657892
3.893,0.6342108,0.3657892
3.894,0.6342108,0.3657892
3.895,0.6342108,0.3657892
3.896,0.6342108,0.3657892
3.897,0.6342108,0.3657892
3.898,0.6342108,0.3657892
3.899,0.6342108,0.3657892
3.9,0.6342108,0.3657892
3.901,0.6342108,0.3657892
3.902,0.6342108,0.3657892
3.903,0.6342108,0.3657892
3.904,0.6342108,0.3657892
3.905,0.6342108,0.3657892
3.906,0.6342108,0.3657892
3.907,0.6342108,0.3657892
3.908,0.6342108,0.3657892
3.909,0.6342108,0.3657892
3.91,0.6342108,0.3657892
3.911,0.6342108,0.3657892
3.912,0.6342108,0.3657892
3.913,0.6342108,0.3657892
3.914,0.6342108,0.3657892
3.915,0.6342108,0.3657892
3.916,0.6342108,0.3657892
3.917,0.6342108,0.3657892
3.918,0.6342108,0.3657892
3.919,0.6342108,0.3657892
3.92,0.6342108,0.3657892
3.921,0.6342108,0.3657892
3.922,0.6342108,0.3657892
3.923,0.6342108,0.3657892
3.924,0.6342108,0.3657892
3.925,0.6342108,0.3657892
3.926,0.6342108,0.3657892
3.927,0.6342108,0.3657892
3.928,0.6342108,0.3657892
3.929,0.6342108,0.3657892
3.93,0.6342108,0.3657892
3.931,0.6342108,0.3657892
3.932,0.6342108,0.3657892
3.933,0.6342108,0.3657892
3.934,0.6342108,0.3657892
3.935,0.6342108,0.3657892
3.936,0.6342108,0.3657892
3.937,0.6342108,0.3657892
3.938,0.6342108,0.3657892
3.939,0.6342108,0.3657892
3.94,0.6342108,0.3657892
3.941,0.6342108,0.3657892
3.942,0.6342108,0.3657892
3.943,0.6342108,0.3657892
3.944,0.6342108,0.3657892
3.945,0.6342108,0.3657892
3.946,0.6342108,0.3657892
3.947,0.6342108,0.3657892
3.948,0.6342108,0.3657892
3.949,0.6342108,0.3657892
3.95,0.6342108,0.3657892
3.951,0.6342108,0.3657892
3.952,0.6342108,0.3657892
3.953,0.6342108,0.3657892
3.954,0.6342108,0.3657892
3.955,0.6342108,0.3657892
3.956,0.6342108,0.3657892
3.957,0.6342108,0.3657892
3.958,0.6342108,0.3657892
3.959,0.6342108,0.3657892
3.96,0.6342108,0.3657892
3.961,0.6342108,0.3657892
3.962,0.6342108,0.3657892
3.963,0.6342108,0.3657892
3.964,0.6342108,0.3657892
3.965,0.6342108,0.3657892
3.966,0.6342108,0.3657892
3.967,0.6342108,0.3657892
3.968,0.6342108,0.3657892
3.969,0.6342108,0.3657892
3.97,0.6342108,0.3657892
3.971,0.6342108,0.3657892
3.972,0.6342108,0.3657892
3.973,0.6342108,0.3657892
3.974,0.6342108,0.3657892
3.975,0.6342108,0.3657892
3.976,0.6342108,0.3657892
3.977,0.6342108,0.3657892
3.978,0.6342108,0.3657892
3.979,0.6342108,0.3657892
3.98,0.6342108,0.3657892
3.981,0.6342108,0.3657892
3.982,0.6342108,0.3657892
3.983,0.6342108,0.3657892
3.984,0.6342108,0.3657892
3.985,0.6342108,0.3657892
3.986,0.6342108,0.3657892
3.987,0.6342108,0.3657892
3.988,0.6342108,0.3657892
3.989,0.6342108,0.3657892
3.99,0.6342108,0.3657892
3.991,0.6342108,0.3657892
3.992,0.6342108,0.3657892
3.993,0.6342108,0.3657892
3.994,0.6342108,0.3657892
3.995,0.6342108,0.3657892
3.996,0.6342108,0.3657892
3.997,0.6342108,0.3657892
3.998,0.6342108,0.3657892
3.999,0.6342108,0.3657892
4.0,0.6342108,0.3657892
4.001,0.6342108,0.3657892
4.002,0.6342108,0.3657892
4.003,0.6342108,0.3657892
4.004,0.6342108,0.3657892
4.005,0.6342108,0.3657892
4.006,0.6342108,0.3657892
4.007,0.6342108,0.3657892
4.008,0.6342108,0.3657892
4.009,0.6342108,0.3657892
4.01,0.6342108,0.3657892
4.011,0.6342108,0.3657892
4.012,0.6342108,0.3657892
4.013,0.6342108,0.3657892
4.014,0.6342108,0.3657892
4.015,0.6342108,0.3657892
4.016,0.6342108,0.3657892
4.017,0.6342108,0.3657892
4.018,0.6342108,0.3657892
4.019,0.6342108,0.3657892
4.02,0.6342108,0.3657892
4.021,0.6342108,0.3657892
4.022,0.6342108,0.3657892
4.023,0.6342108,0.3657892
4.024,0.6342108,0.3657892
4.025,0.6342108,0.3657892
4.026,0.6342108,0.3657892
4.027,0.6342108,0.3657892
4.028,0.6342108,0.3657892
4.029,0.6342108,0.3657892
4.03,0.6342108,0.3657892
4.031,0.6342108,0.3657892
4.032,0.6342108,0.3657892
4.033,0.6342108,0.3657892
4.034,0.6342108,0.3657892
4.035,0.6342108,0.3657892
4.036,0.6342108,0.3657892
4.037,0.6342108,0.3657892
4.038,0.6342108,0.3657892
4.039,0.6342108,0.3657892
4.04,0.6342108,0.3657892
4.041,0.6342108,0.3657892
4.042,0.6342108,0.3657892
4.043,0.6342108,0.3657892
4.044,0.6342108,0.3657892
4.045,0.6342108,0.3657892
4.046,0.6342108,0.3657892
4.047,0.6342108,0.3657892
4.048,0.6342108,0.3657892
4.049,0.6342108,0.3657892
4.05,0.6342108,0.3657892
4.051,0.6342108,0.3657892
4.052,0.6342108,0.3657892
4.053,0.6342108,0.3657892
4.054,0.6342108,0.3657892
4.055,0.6342108,0.3657892
4.056,0.6342108,0.3657892
4.057,0.6342108,0.3657892
4.058,0.6342108,0.3657892
4.059,0.6342108,0.3657892
4.06,0.6342108,0.3657892
4.061,0.6342108,0.3657892
4.062,0.6342108,0.3657892
4.063,0.6342108,0.3657892
4.064,0.6342108,0.3657892
4.065,0.6342108,0.3657892
4.066,0.6342108,0.3657892
4.067,0.6342108,0.3657892
4.068,0.6342108,0.3657892
4.069,0.6342108,0.3657892
4.07,0.6342108,0.3657892
4.071,0.6342108,0.3657892
4.072,0.6342108,0.3657892
4.073,0.6342108,0.3657892
4.074,0.6342108,0.3657892
4.075,0.6342108,0.3657892
4.076,0.6342108,0.3657892
4.077,0.6342108,0.3657892
4.078,0.6342108,0.3657892
4.079,0.6342108,0.3657892
4.08,0.6342108,0.3657892
4.081,0.6342108,0.3657892
4.082,0.6342108,0.3657892
4.083,0.6342108,0.3657892
4.084,0.6342108,0.3657892
4.085,0.6342108,0.3657892
4.086,0.6342108,0.3657892
4.087,0.6342108,0.3657892
4.088,0.6342108,0.3657892
4.089,0.6342108,0.3657892
4.09,0.6342108,0.3657892
4.091,0.6342108,0.3657892
4.092,0.6342108,0.3657892
4.093,0.6342108,0.3657892
4.094,0.6342108,0.3657892
4.095,0.6342108,0.3657892
4.096,0.6342108,0.3657892
4.097,0.6342108,0.3657892
4.098,0.6342108,0.3657892
4.099,0.6342108,0.3657892
4.1,0.6342108,0.3657892
4.101,0.6342108,0.3657892
4.102,0.6342108,0.3657892
4.103,0.6342108,0.3657892
4.104,0.6342108,0.3657892
4.105,0.6342108,0.3657892
4.106,0.6342108,0.3657892
4.107,0.6342108,0.3657892
4.108,0.6342108,0.3657892
4.109,0.6342108,0.3657892
4.11,0.6342108,0.3657892
4.111,0.6342108,0.3657892
4.112,0.6342108,0.3657892
4.113,0.6342108,0.3657892
4.114,0.6342108,0.3657892
4.115,0.6342108,0.3657892
4.116,0.6342108,0.3657892
4.117,0.6342108,0.3657892
4.118,0.6342108,0.3657892
4.119,0.6342108,0.3657892
4.12,0.6342108,0.3657892
4.121,0.6342108,0.3657892
4.122,0.6342108,0.3657892
4.123,0.6342108,0.3657892
4.124,0.6342108,0.3657892
4.125,0.6342108,0.3657892
4.126,0.6342108,0.3657892
4.127,0.6342108,0.3657892
4.128,0.6342108,0.3657892
4.129,0.6342108,0.3657892
4.13,0.6342108,0.3657892
4.131,0.6342108,0.3657892
4.132,0.6342108,0.3657892
4.133,0.6342108,0.3657892
4.134,0.6342108,0.3657892
4.135,0.6342108,0.3657892
4.136,0.6342108,0.3657892
4.137,0.6342108,0.3657892
4.138,0.6342108,0.3657892
4.139,0.6342108,0.3657892
4.14,0.6342108,0.3657892
4.141,0.6342108,0.3657892
4.142,0.6342108,0.3657892
4.143,0.6342108,0.3657892
4.144,0.6342108,0.3657892
4.145,0.6342108,0.3657892
4.146,0.6342108,0.3657892
4.147,0.6342108,0.3657892
4.148,0.6342108,0.3657892
4.149,0.6342108,0.3657892
4.15,0.6342108,0.3657892
4.151,0.6342108,0.3657892
4.152,0.6342108,0.3657892
4.153,0.6342108,0.3657892
4.154,0.6342108,0.3657892
4.155,0.6342108,0.3657892
4.156,0.6342108,0.3657892
4.157,0.6342108,0.3657892
4.158,0.6342108,0.3657892
4.159,0.6342108,0.3657892
4.16,0.6342108,0.3657892
4.161,0.6342108,0.3657892
4.162,0.6342108,0.3657892
4.163,0.6342108,0.3657892
4.164,0.6342108,0.3657892
4.165,0.6342108,0.3657892
4.166,0.6342108,0.3657892
4.167,0.6342108,0.3657892
4.168,0.6342108,0.3657892
4.169,0.6342108,0.3657892
4.17,0.6342108,0.3657892
4.171,0.6342108,0.3657892
4.172,0.6342108,0.3657892
4.173,0.6342108,0.3657892
4.174,0.6342108,0.3657892
4.175,0.6342108,0.3657892
4.176,0.6342108,0.3657892
4.177,0.6342108,0.3657892
4.178,0.6342108,0.3657892
4.179,0.6342108,0.3657892
4.18,0.6342108,0.3657892
4.181,0.6342108,0.3657892
4.182,0.6342108,0.3657892
4.183,0.6342108,0.3657892
4.184,0.6342108,0.3657892
4.185,0.6342108,0.3657892
4.186,0.6342108,0.3657892
4.187,0.6342108,0.3657892
4.188,0.6342108,0.3657892
4.189,0.6342108,0.3657892
4.19,0.6342108,0.3657892
4.191,0.6342108,0.3657892
4.192,0.6342108,0.3657892
4.193,0.6342108,0.3657892
4.194,0.6342108,0.3657892
4.195,0.6342108,0.3657892
4.196,0.6342108,0.3657892
4.197,0.6342108,0.3657892
4.198,0.6342108,0.3657892
4.199,0.6342108,0.3657892
4.2,0.6342108,0.3657892
4.201,0.6342108,0.3657892
4.202,0.6342108,0.3657892
4.203,0.6342108,0.3657892
4.204,0.6342108,0.3657892
4.205,0.6342108,0.3657892
4.206,0.6342108,0.3657892
4.207,0.6342108,0.3657892
4.208,0.6342108,0.3657892
4.209,0.6342108,0.3657892
4.21,0.6342108,0.3657892
4.211,0.6342108,0.3657892
4.212,0.6342108,0.3657892
4.213,0.6342108,0.3657892
4.214,0.6342108,0.3657892
4.215,0.6342108,0.3657892
4.216,0.6342108,0.3657892
4.217,0.6342108,0.3657892
4.218,0.6342108,0.3657892
4.219,0.6342108,0.3657892
4.22,0.6342108,0.3657892
4.221,0.6342108,0.3657892
4.222,0.6342108,0.3657892
4.223,0.6342108,0.3657892
4.224,0.6342108,0.3657892
4.225,0.6342108,0.3657892
4.226,0.6342108,0.3657892
4.227,0.6342108,0.3657892
4.228,0.6342108,0.3657892
4.229,0.6342108,0.3657892
4.23,0.6342108,0.3657892
4.231,0.6342108,0.3657892
4.232,0.6342108,0.3657892
4.233,0.6342108,0.3657892
4.234,0.6342108,0.3657892
4.235,0.6342108,0.3657892
4.236,0.6342108,0.3657892
4.237,0.6342108,0.3657892
4.238,0.6342108,0.3657892
4.239,0.6342108,0.3657892
4.24,0.6342108,0.3657892
4.241,0.6342108,0.3657892
4.242,0.6342108,0.3657892
4.243,0.6342108,0.3657892
4.244,0.6342108,0.3657892
4.245,0.6342108,0.3657892
4.246,0.6342108,0.3657892
4.247,0.6342108,0.3657892
4.248,0.6342108,0.3657892
4.249,0.6342108,0.3657892
4.25,0.6342108,0.3657892
4.251,0.6342108,0.3657892
4.252,0.6342108,0.3657892
4.253,0.6342108,0.3657892
4.254,0.6342108,0.3657892
4.255,0.6342108,0.3657892
4.256,0.6342108,0.3657892
4.257,0.6342108,0.3657892
4.258,0.6342108,0.3657892
4.259,0.6342108,0.3657892
4.26,0.6342108,0.3657892
4.261,0.6342108,0.3657892
4.262,0.6342108,0.3657892
4.263,0.6342108,0.3657892
4.264,0.6342108,0.3657892
4.265,0.6342108,0.3657892
4.266,0.6342108,0.3657892
4.267,0.6342108,0.3657892
4.268,0.6342108,0.3657892
4.269,0.6342108,0.3657892
4.27,0.6342108,0.3657892
4.271,0.6342108,0.3657892
4.272,0.6342108,0.3657892
4.273,0.6342108,0.3657892
4.274,0.6342108,0.3657892
4.275,0.6342108,0.3657892
4.276,0.6342108,0.3657892
4.277,0.6342108,0.3657892
4.278,0.6342108,0.3657892
4.279,0.6342108,0.3657892
4.28,0.6342108,0.3657892
4.281,0.6342108,0.3657892
4.282,0.6342108,0.3657892
4.283,0.6342108,0.3657892
4.284,0.6342108,0.3657892
4.285,0.6342108,0.3657892
4.286,0.6342108,0.3657892
4.287,0.6342108,0.3657892
4.288,0.6342108,0.3657892
4.289,0.6342108,0.3657892
4.29,0.6342108,0.3657892
4.291,0.6342108,0.3657892
4.292,0.6342108,0.3657892
4.293,0.6342108,0.3657892
4.294,0.6342108,0.3657892
4.295,0.6342108,0.3657892
4.296,0.6342108,0.3657892
4.297,0.6342108,0.3657892
4.298,0.6342108,0.3657892
4.299,0.6342108,0.3657892
4.3,0.6342108,0.3657892
4.301,0.6342108,0.3657892
4.302,0.6342108,0.3657892
4.303,0.6342108,0.3657892
4.304,0.6342108,0.3657892
4.305,0.6342108,0.3657892
4.306,0.6342108,0.3657892
4.307,0.6342108,0.3657892
4.308,0.6342108,0.3657892
4.309,0.6342108,0.3657892
4.31,0.6342108,0.3657892
4.311,0.6342108,0.3657892
4.312,0.6342108,0.3657892
4.313,0.6342108,0.3657892
4.314,0.6342108,0.3657892
4.315,0.6342108,0.3657892
4.316,0.6342108,0.3657892
4.317,0.6342108,0.3657892
4.318,0.6342108,0.3657892
4.319,0.6342108,0.3657892
4.32,0.6342108,0.3657892
4.321,0.6342108,0.3657892
4.322,0.6342108,0.3657892
4.323,0.6342108,0.3657892
4.324,0.6342108,0.3657892
4.325,0.6342108,0.3657892
4.326,0.6342108,0.3657892
4.327,0.6342108,0.3657892
4.328,0.6342108,0.3657892
4.329,0.6342108,0.3657892
4.33,0.6342108,0.3657892
4.331,0.6342108,0.3657892
4.332,0.6342108,0.3657892
4.333,0.6342108,0.3657892
4.334,0.6342108,0.3657892
4.335,0.6342108,0.3657892
4.336,0.6342108,0.3657892
4.337,0.6342108,0.3657892
4.338,0.6342108,0.3657892
4.339,0.6342108,0.3657892
4.34,0.6342108,0.3657892
4.341,0.6342108,0.3657892
4.342,0.6342108,0.3657892
4.343,0.6342108,0.3657892
4.344,0.6342108,0.3657892
4.345,0.6342108,0.3657892
4.346,0.6342108,0.3657892
4.347,0.6342108,0.3657892
4.348,0.6342108,0.3657892
4.349,0.6342108,0.3657892
4.35,0.6342108,0.3657892
4.351,0.6342108,0.3657892
4.352,0.6342108,0.3657892
4.353,0.6342108,0.3657892
4.354,0.6342108,0.3657892
4.355,0.6342108,0.3657892
4.356,0.6342108,0.3657892
4.357,0.6342108,0.3657892
4.358,0.6342108,0.3657892
4.359,0.6342108,0.3657892
4.36,0.6342108,0.3657892
4.361,0.6342108,0.3657892
4.362,0.6342108,0.3657892
4.363,0.6342108,0.3657892
4.364,0.6342108,0.3657892
4.365,0.6342108,0.3657892
4.366,0.6342108,0.3657892
4.367,0.6342108,0.3657892
4.368,0.6342108,0.3657892
4.369,0.6342108,0.3657892
4.37,0.6342108,0.3657892
4.371,0.6342108,0.3657892
4.372,0.6342108,0.3657892
4.373,0.6342108,0.3657892
4.374,0.6342108,0.3657892
4.375,0.6342108,0.3657892
4.376,0.6342108,0.3657892
4.377,0.6342108,0.3657892
4.378,0.6342108,0.3657892
4.379,0.6342108,0.3657892
4.38,0.6342108,0.3657892
4.381,0.6342108,0.3657892
4.382,0.6342108,0.3657892
4.383,0.6342108,0.3657892
4.384,0.6342108,0.3657892
4.385,0.6342108,0.3657892
4.386,0.6342108,0.3657892
4.387,0.6342108,0.3657892
4.388,0.6342108,0.3657892
4.389,0.6342108,0.3657892
4.39,0.6342108,0.3657892
4.391,0.6342108,0.3657892
4.392,0.6342108,0.3657892
4.393,0.6342108,0.3657892
4.394,0.6342108,0.3657892
4.395,0.6342108,0.3657892
4.396,0.6342108,0.3657892
4.397,0.6342108,0.3657892
4.398,0.6342108,0.3657892
4.399,0.6342108,0.3657892
4.4,0.6342108,0.3657892
4.401,0.6342108,0.3657892
4.402,0.6342108,0.3657892
4.403,0.6342108,0.3657892
4.404,0.6342108,0.3657892
4.405,0.6342108,0.3657892
4.406,0.6342108,0.3657892
4.407,0.6342108,0.3657892
4.408,0.6342108,0.3657892
4.409,0.6342108,0.3657892
4.41,0.6342108,0.3657892
4.411,0.6342108,0.3657892
4.412,0.6342108,0.3657892
4.413,0.6342108,0.3657892
4.414,0.6342108,0.3657892
4.415,0.6342108,0.3657892
4.416,0.6342108,0.3657892
4.417,0.6342108,0.3657892
4.418,0.6342108,0.3657892
4.419,0.6342108,0.3657892
4.42,0.6342108,0.3657892
4.421,0.6342108,0.3657892
4.422,0.6342108,0.3657892
4.423,0.6342108,0.3657892
4.424,0.6342108,0.3657892
4.425,0.6342108,0.3657892
4.426,0.6342108,0.3657892
4.427,0.6342108,0.3657892
4.428,0.6342108,0.3657892
4.429,0.6342108,0.3657892
4.43,0.6342108,0.3657892
4.431,0.6342108,0.3657892
4.432,0.6342108,0.3657892
4.433,0.6342108,0.3657892
4.434,0.6342108,0.3657892
4.435,0.6342108,0.3657892
4.436,0.6342108,0.3657892
4.437,0.6342108,0.3657892
4.438,0.6342108,0.3657892
4.439,0.6342108,0.3657892
4.44,0.6342108,0.3657892
4.441,0.6342108,0.3657892
4.442,0.6342108,0.3657892
4.443,0.6342108,0.3657892
4.444,0.6342108,0.3657892
4.445,0.6342108,0.3657892
4.446,0.6342108,0.3657892
4.447,0.6342108,0.3657892
4.448,0.6342108,0.3657892
4.449,0.6342108,0.3657892
4.45,0.6342108,0.3657892
4.451,0.6342108,0.3657892
4.452,0.6342108,0.3657892
4.453,0.6342108,0.3657892
4.454,0.6342108,0.3657892
4.455,0.6342108,0.3657892
4.456,0.6342108,0.3657892
4.457,0.6342108,0.3657892
4.458,0.6342108,0.3657892
4.459,0.6342108,0.3657892
4.46,0.6342108,0.3657892
4.461,0.6342108,0.3657892
4.462,0.6342108,0.3657892
4.463,0.6342108,0.3657892
4.464,0.6342108,0.3657892
4.465,0.6342108,0.3657892
4.466,0.6342108,0.3657892
4.467,0.6342108,0.3657892
4.468,0.6342108,0.3657892
4.469,0.6342108,0.3657892
4.47,0.6342108,0.3657892
4.471,0.6342108,0.3657892
4.472,0.6342108,0.3657892
4.473,0.6342108,0.3657892
4.474,0.6342108,0.3657892
4.475,0.6342108,0.3657892
4.476,0.6342108,0.3657892
4.477,0.6342108,0.3657892
4.478,0.6342108,0.3657892
4.479,0.6342108,0.3657892
4.48,0.6342108,0.3657892
4.481,0.6342108,0.3657892
4.482,0.6342108,0.3657892
4.483,0.6342108,0.3657892
4.484,0.6342108,0.3657892
4.485,0.6342108,0.3657892
4.486,0.6342108,0.3657892
4.487,0.6342108,0.3657892
4.488,0.6342108,0.3657892
4.489,0.6342108,0.3657892
4.49,0.6342108,0.3657892
4.491,0.6342108,0.3657892
4.492,0.6342108,0.3657892
4.493,0.6342108,0.3657892
4.494,0.6342108,0.3657892
4.495,0.6342108,0.3657892
4.496,0.6342108,0.3657892
4.497,0.6342108,0.3657892
4.498,0.6342108,0.3657892
4.499,0.6342108,0.3657892
4.5,0.6342108,0.3657892
4.501,0.6342108,0.3657892
4.502,0.6342108,0.3657892
4.503,0.6342108,0.3657892
4.504,0.6342108,0.3657892
4.505,0.6342108,0.3657892
4.506,0.6342108,0.3657892
4.507,0.6342108,0.3657892
4.508,0.6342108,0.3657892
4.509,0.6342108,0.3657892
4.51,0.6342108,0.3657892
4.511,0.6342108,0.3657892
4.512,0.6342108,0.3657892
4.513,0.6342108,0.3657892
4.514,0.6342108,0.3657892
4.515,0.6342108,0.3657892
4.516,0.6342108,0.3657892
4.517,0.6342108,0.3657892
4.518,0.6342108,0.3657892
4.519,0.6342108,0.3657892
4.52,0.6342108,0.3657892
4.521,0.6342108,0.3657892
4.522,0.6342108,0.3657892
4.523,0.6342108,0.3657892
4.524,0.6342108,0.3657892
4.525,0.6342108,0.3657892
4.526,0.6342108,0.3657892
4.527,0.6342108,0.3657892
4.528,0.6342108,0.3657892
4.529,0.6342108,0.3657892
4.53,0.6342108,0.3657892
4.531,0.6342108,0.3657892
4.532,0.6342108,0.3657892
4.533,0.6342108,0.3657892
4.534,0.6342108,0.3657892
4.535,0.6342108,0.3657892
4.536,0.6342108,0.3657892
4.537,0.6342108,0.3657892
4.538,0.6342108,0.3657892
4.539,0.6342108,0.3657892
4.54,0.6342108,0.3657892
4.541,0.6342108,0.3657892
4.542,0.6342108,0.3657892
4.543,0.6342108,0.3657892
4.544,0.6342108,0.3657892
4.545,0.6342108,0.3657892
4.546,0.6342108,0.3657892
4.547,0.6342108,0.3657892
4.548,0.6342108,0.3657892
4.549,0.6342108,0.3657892
4.55,0.6342108,0.3657892
4.551,0.6342108,0.3657892
4.552,0.6342108,0.3657892
4.553,0.6342108,0.3657892
4.554,0.6342108,0.3657892
4.555,0.6342108,0.3657892
4.556,0.6342108,0.3657892
4.557,0.6342108,0.3657892
4.558,0.6342108,0.3657892
4.559,0.6342108,0.3657892
4.56,0.6342108,0.3657892
4.561,0.6342108,0.3657892
4.562,0.6342108,0.3657892
4.563,0.6342108,0.3657892
4.564,0.6342108,0.3657892
4.565,0.6342108,0.3657892
4.566,0.6342108,0.3657892
4.567,0.6342108,0.3657892
4.568,0.6342108,0.3657892
4.569,0.6342108,0.3657892
4.57,0.6342108,0.3657892
4.571,0.6342108,0.3657892
4.572,0.6342108,0.3657892
4.573,0.6342108,0.3657892
4.574,0.6342108,0.3657892
4.575,0.6342108,0.3657892
4.576,0.6342108,0.3657892
4.577,0.6342108,0.3657892
4.578,0.6342108,0.3657892
4.579,0.6342108,0.3657892
4.58,0.6342108,0.3657892
4.581,0.6342108,0.3657892
4.582,0.6342108,0.3657892
4.583,0.6342108,0.3657892
4.584,0.6342108,0.3657892
4.585,0.6342108,0.3657892
4.586,0.6342108,0.3657892
4.587,0.6342108,0.3657892
4.588,0.6342108,0.3657892
4.589,0.6342108,0.3657892
4.59,0.6342108,0.3657892
4.591,0.6342108,0.3657892
4.592,0.6342108,0.3657892
4.593,0.6342108,0.3657892
4.594,0.6342108,0.3657892
4.595,0.6342108,0.3657892
4.596,0.6342108,0.3657892
4.597,0.6342108,0.3657892
4.598,0.6342108,0.3657892
4.599,0.6342108,0.3657892
4.6,0.6342108,0.3657892
4.601,0.6342108,0.3657892
4.602,0.6342108,0.3657892
4.603,0.6342108,0.3657892
4.604,0.6342108,0.3657892
4.605,0.6342108,0.3657892
4.606,0.6342108,0.3657892
4.607,0.6342108,0.3657892
4.608,0.6342108,0.3657892
4.609,0.6342108,0.3657892
4.61,0.6342108,0.3657892
4.611,0.6342108,0.3657892
4.612,0.6342108,0.3657892
4.613,0.6342108,0.3657892
4.614,0.6342108,0.3657892
4.615,0.6342108,0.3657892
4.616,0.6342108,0.3657892
4.617,0.6342108,0.3657892
4.618,0.6342108,0.3657892
4.619,0.6342108,0.3657892
4.62,0.6342108,0.3657892
4.621,0.6342108,0.3657892
4.622,0.6342108,0.3657892
4.623,0.6342108,0.3657892
4.624,0.6342108,0.3657892
4.625,0.6342108,0.3657892
4.626,0.6342108,0.3657892
4.627,0.6342108,0.3657892
4.628,0.6342108,0.3657892
4.629,0.6342108,0.3657892
4.63,0.6342108,0.3657892
4.631,0.6342108,0.3657892
4.632,0.6342108,0.3657892
4.633,0.6342108,0.3657892
4.634,0.6342108,0.3657892
4.635,0.6342108,0.3657892
4.636,0.6342108,0.3657892
4.637,0.6342108,0.3657892
4.638,0.6342108,0.3657892
4.639,0.6342108,0.3657892
4.64,0.6342108,0.3657892
4.641,0.6342108,0.3657892
4.642,0.6342108,0.3657892
4.643,0.6342108,0.3657892
4.644,0.6342108,0.3657892
4.645,0.6342108,0.3657892
4.646,0.6342108,0.3657892
4.647,0.6342108,0.3657892
4.648,0.6342108,0.3657892
4.649,0.6342108,0.3657892
4.65,0.6342108,0.3657892
4.651,0.6342108,0.3657892
4.652,0.6342108,0.3657892
4.653,0.6342108,0.3657892
4.654,0.6342108,0.3657892
4.655,0.6342108,0.3657892
4.656,0.6342108,0.3657892
4.657,0.6342108,0.3657892
4.658,0.6342108,0.3657892
4.659,0.6342108,0.3657892
4.66,0.6342108,0.3657892
4.661,0.6342108,0.3657892
4.662,0.6342108,0.3657892
4.663,0.6342108,0.3657892
4.664,0.6342108,0.3657892
4.665,0.6342108,0.3657892
4.666,0.6342108,0.3657892
4.667,0.6342108,0.3657892
4.668,0.6342108,0.3657892
4.669,0.6342108,0.3657892
4.67,0.6342108,0.3657892
4.671,0.6342108,0.3657892
4.672,0.6342108,0.3657892
4.673,0.6342108,0.3657892
4.674,0.6342108,0.3657892
4.675,0.6342108,0.3657892
4.676,0.6342108,0.3657892
4.677,0.6342108,0.3657892
4.678,0.6342108,0.3657892
4.679,0.6342108,0.3657892
4.68,0.6342108,0.3657892
4.681,0.6342108,0.3657892
4.682,0.6342108,0.3657892
4.683,0.6342108,0.3657892
4.684,0.6342108,0.3657892
4.685,0.6342108,0.3657892
4.686,0.6342108,0.3657892
4.687,0.6342108,0.3657892
4.688,0.6342108,0.3657892
4.689,0.6342108,0.3657892
4.69,0.6342108,0.3657892
4.691,0.6342108,0.3657892
4.692,0.6342108,0.3657892
4.693,0.6342108,0.3657892
4.694,0.6342108,0.3657892
4.695,0.6342108,0.3657892
4.696,0.6342108,0.3657892
4.697,0.6342108,0.3657892
4.698,0.6342108,0.3657892
4.699,0.6342108,0.3657892
4.7,0.6342108,0.3657892
4.701,0.6342108,0.3657892
4.702,0.6342108,0.3657892
4.703,0.6342108,0.3657892
4.704,0.6342108,0.3657892
4.705,0.6342108,0.3657892
4.706,0.6342108,0.3657892
4.707,0.6342108,0.3657892
4.708,0.6342108,0.3657892
4.709,0.6342108,0.3657892
4.71,0.6342108,0.3657892
4.711,0.6342108,0.3657892
4.712,0.6342108,0.3657892
4.713,0.6342108,0.3657892
4.714,0.6342108,0.3657892
4.715,0.6342108,0.3657892
4.716,0.6342108,0.3657892
4.717,0.6342108,0.3657892
4.718,0.6342108,0.3657892
4.719,0.6342108,0.3657892
4.72,0.6342108,0.3657892
4.721,0.6342108,0.3657892
4.722,0.6342108,0.3657892
4.723,0.6342108,0.3657892
4.724,0.6342108,0.3657892
4.725,0.6342108,0.3657892
4.726,0.6342108,0.3657892
4.727,0.6342108,0.3657892
4.728,0.6342108,0.3657892
4.729,0.6342108,0.3657892
4.73,0.6342108,0.3657892
4.731,0.6342108,0.3657892
4.732,0.6342108,0.3657892
4.733,0.6342108,0.3657892
4.734,0.6342108,0.3657892
4.735,0.6342108,0.3657892
4.736,0.6342108,0.3657892
4.737,0.6342108,0.3657892
4.738,0.6342108,0.3657892
4.739,0.6342108,0.3657892
4.74,0.6342108,0.3657892
4.741,0.6342108,0.3657892
4.742,0.6342108,0.3657892
4.743,0.6342108,0.3657892
4.744,0.6342108,0.3657892
4.745,0.6342108,0.3657892
4.746,0.6342108,0.3657892
4.747,0.6342108,0.3657892
4.748,0.6342108,0.3657892
4.749,0.6342108,0.3657892
4.75,0.6342108,0.3657892
4.751,0.6342108,0.3657892
4.752,0.6342108,0.3657892
4.753,0.6342108,0.3657892
4.754,0.6342108,0.3657892
4.755,0.6342108,0.3657892
4.756,0.6342108,0.3657892
4.757,0.6342108,0.3657892
4.758,0.6342108,0.3657892
4.759,0.6342108,0.3657892
4.76,0.6342108,0.3657892
4.761,0.6342108,0.3657892
4.762,0.6342108,0.3657892
4.763,0.6342108,0.3657892
4.764,0.6342108,0.3657892
4.765,0.6342108,0.3657892
4.766,0.6342108,0.3657892
4.767,0.6342108,0.3657892
4.768,0.6342108,0.3657892
4.769,0.6342108,0.3657892
4.77,0.6342108,0.3657892
4.771,0.6342108,0.3657892
4.772,0.6342108,0.3657892
4.773,0.6342108,0.3657892
4.774,0.6342108,0.3657892
4.775,0.6342108,0.3657892
4.776,0.6342108,0.3657892
4.777,0.6342108,0.3657892
4.778,0.6342108,0.3657892
4.779,0.6342108,0.3657892
4.78,0.6342108,0.3657892
4.781,0.6342108,0.3657892
4.782,0.6342108,0.3657892
4.783,0.6342108,0.3657892
4.784,0.6342108,0.3657892
4.785,0.6342108,0.3657892
4.786,0.6342108,0.3657892
4.787,0.6342108,0.3657892
4.788,0.6342108,0.3657892
4.789,0.6342108,0.3657892
4.79,0.6342108,0.3657892
4.791,0.6342108,0.3657892
4.792,0.6342108,0.3657892
4.793,0.6342108,0.3657892
4.794,0.6342108,0.3657892
4.795,0.6342108,0.3657892
4.796,0.6342108,0.3657892
4.797,0.6342108,0.3657892
4.798,0.6342108,0.3657892
4.799,0.6342108,0.3657892
4.8,0.6342108,0.3657892
4.801,0.6342108,0.3657892
4.802,0.6342108,0.3657892
4.803,0.6342108,0.3657892
4.804,0.6342108,0.3657892
4.805,0.6342108,0.3657892
4.806,0.6342108,0.3657892
4.807,0.6342108,0.3657892
4.808,0.6342108,0.3657892
4.809,0.6342108,0.3657892
4.81,0.6342108,0.3657892
4.811,0.6342108,0.3657892
4.812,0.6342108,0.3657892
4.813,0.6342108,0.3657892
4.814,0.6342108,0.3657892
4.815,0.6342108,0.3657892
4.816,0.6342108,0.3657892
4.817,0.6342108,0.3657892
4.818,0.6342108,0.3657892
4.819,0.6342108,0.3657892
4.82,0.6342108,0.3657892
4.821,0.6342108,0.3657892
4.822,0.6342108,0.3657892
4.823,0.6342108,0.3657892
4.824,0.6342108,0.3657892
4.825,0.6342108,0.3657892
4.826,0.6342108,0.3657892
4.827,0.6342108,0.3657892
4.828,0.6342108,0.3657892
4.829,0.6342108,0.3657892
4.83,0.6342108,0.3657892
4.831,0.6342108,0.3657892
4.832,0.6342108,0.3657892
4.833,0.6342108,0.3657892
4.834,0.6342108,0.3657892
4.835,0.6342108,0.3657892
4.836,0.6342108,0.3657892
4.837,0.6342108,0.3657892
4.838,0.6342108,0.3657892
4.839,0.6342108,0.3657892
4.84,0.6342108,0.3657892
4.841,0.6342108,0.3657892
4.842,0.6342108,0.3657892
4.843,0.6342108,0.3657892
4.844,0.6342108,0.3657892
4.845,0.6342108,0.3657892
4.846,0.6342108,0.3657892
4.847,0.6342108,0.3657892
4.848,0.6342108,0.3657892
4.849,0.6342108,0.3657892
4.85,0.6342108,0.3657892
4.851,0.6342108,0.3657892
4.852,0.6342108,0.3657892
4.853,0.6342108,0.3657892
4.854,0.6342108,0.3657892
4.855,0.6342108,0.3657892
4.856,0.6342108,0.3657892
4.857,0.6342108,0.3657892
4.858,0.6342108,0.3657892
4.859,0.6342108,0.3657892
4.86,0.6342108,0.3657892
4.861,0.6342108,0.3657892
4.862,0.6342108,0.3657892
4.863,0.6342108,0.3657892
4.864,0.6342108,0.3657892
4.865,0.6342108,0.3657892
4.866,0.6342108,0.3657892
4.867,0.6342108,0.3657892
4.868,0.6342108,0.3657892
4.869,0.6342108,0.3657892
4.87,0.6342108,0.3657892
4.871,0.6342108,0.3657892
4.872,0.6342108,0.3657892
4.873,0.6342108,0.3657892
4.874,0.6342108,0.3657892
4.875,0.6342108,0.3657892
4.876,0.6342108,0.3657892
4.877,0.6342108,0.3657892
4.878,0.6342108,0.3657892
4.879,0.6342108,0.3657892
4.88,0.6342108,0.3657892
4.881,0.6342108,0.3657892
4.882,0.6342108,0.3657892
4.883,0.6342108,0.3657892
4.884,0.6342108,0.3657892
4.885,0.6342108,0.3657892
4.886,0.6342108,0.3657892
4.887,0.6342108,0.3657892
4.888,0.6342108,0.3657892
4.889,0.6342108,0.3657892
4.89,0.6342108,0.3657892
4.891,0.6342108,0.3657892
4.892,0.6342108,0.3657892
4.893,0.6342108,0.3657892
4.894,0.6342108,0.3657892
4.895,0.6342108,0.3657892
4.896,0.6342108,0.3657892
4.897,0.6342108,0.3657892
4.898,0.6342108,0.3657892
4.899,0.6342108,0.3657892
4.9,0.6342108,0.3657892
4.901,0.6342108,0.3657892
4.902,0.6342108,0.3657892
4.903,0.6342108,0.3657892
4.904,0.6342108,0.3657892
4.905,0.6342108,0.3657892
4.906,0.6342108,0.3657892
4.907,0.6342108,0.3657892
4.908,0.6342108,0.3657892
4.909,0.6342108,0.3657892
4.91,0.6342108,0.3657892
4.911,0.6342108,0.3657892
4.912,0.6342108,0.3657892
4.913,0.6342108,0.3657892
4.914,0.6342108,0.3657892
4.915,0.6342108,0.3657892
4.916,0.6342108,0.3657892
4.917,0.6342108,0.3657892
4.918,0.6342108,0.3657892
4.919,0.6342108,0.3657892
4.92,0.6342108,0.3657892
4.921,0.6342108,0.3657892
4.922,0.6342108,0.3657892
4.923,0.6342108,0.3657892
4.924,0.6342108,0.3657892
4.925,0.6342108,0.3657892
4.926,0.6342108,0.3657892
4.927,0.6342108,0.3657892
4.928,0.6342108,0.3657892
4.929,0.6342108,0.3657892
4.93,0.6342108,0.3657892
4.931,0.6342108,0.3657892
4.932,0.6342108,0.3657892
4.933,0.6342108,0.3657892
4.934,0.6342108,0.3657892
4.935,0.6342108,0.3657892
4.936,0.6342108,0.3657892
4.937,0.6342108,0.3657892
4.938,0.6342108,0.3657892
4.939,0.6342108,0.3657892
4.94,0.6342108,0.3657892
4.941,0.6342108,0.3657892
4.942,0.6342108,0.3657892
4.943,0.6342108,0.3657892
4.944,0.6342108,0.3657892
4.945,0.6342108,0.3657892
4.946,0.6342108,0.3657892
4.947,0.6342108,0.3657892
4.948,0.6342108,0.3657892
4.949,0.6342108,0.3657892
4.95,0.6342108,0.3657892
4.951,0.6342108,0.3657892
4.952,0.6342108,0.3657892
4.953,0.6342108,0.3657892
4.954,0.6342108,0.3657892
4.955,0.6342108,0.3657892
4.956,0.6342108,0.3657892
4.957,0.6342108,0.3657892
4.958,0.6342108,0.3657892
4.959,0.6342108,0.3657892
4.96,0.6342108,0.3657892
4.961,0.6342108,0.3657892
4.962,0.6342108,0.3657892
4.963,0.6342108,0.3657892
4.964,0.6342108,0.3657892
4.965,0.6342108,0.3657892
4.966,0.6342108,0.3657892
4.967,0.6342108,0.3657892
4.968,0.6342108,0.3657892
4.969,0.6342108,0.3657892
4.97,0.6342108,0.3657892
4.971,0.6342108,0.3657892
4.972,0.6342108,0.3657892
4.973,0.6342108,0.3657892
4.974,0.6342108,0.3657892
4.975,0.6342108,0.3657892
4.976,0.6342108,0.3657892
4.977,0.6342108,0.3657892
4.978,0.6342108,0.3657892
4.979,0.6342108,0.3657892
4.98,0.6342108,0.3657892
4.981,0.6342108,0.3657892
4.982,0.6342108,0.3657892
4.983,0.6342108,0.3657892
4.984,0.6342108,0.3657892
4.985,0.6342108,0.3657892
4.986,0.6342108,0.3657892
4.987,0.6342108,0.3657892
4.988,0.6342108,0.3657892
4.989,0.6342108,0.3657892
4.99,0.6342108,0.3657892
4.991,0.6342108,0.3657892
4.992,0.6342108,0.3657892
4.993,0.6342108,0.3657892
4.994,0.6342108,0.3657892
4.995,0.6342108,0.3657892
4.996,0.6342108,0.3657892
4.997,0.6342108,0.3657892
4.998,0.6342108,0.3657892
4.999,0.6342108,0.3657892
5.0,0.6342108,0.3657892
5.001,0.6342108,0.3657892
5.002,0.6342108,0.3657892
5.003,0.6342108,0.3657892
5.004,0.6342108,0.3657892
5.005,0.6342108,0.3657892
5.006,0.6342108,0.3657892
5.007,0.6342108,0.3657892
5.008,0.6342108,0.3657892
5.009,0.6342108,0.3657892
5.01,0.6342108,0.3657892
5.011,0.6342108,0.3657892
5.012,0.6342108,0.3657892
5.013,0.6342108,0.3657892
5.014,0.6342108,0.3657892
5.015,0.6342108,0.3657892
5.016,0.6342108,0.3657892
5.017,0.6342108,0.3657892
5.018,0.6342108,0.3657892
5.019,0.6342108,0.3657892
5.02,0.6342108,0.3657892
5.021,0.6342108,0.3657892
5.022,0.6342108,0.3657892
5.023,0.6342108,0.3657892
5.024,0.6342108,0.3657892
5.025,0.6342108,0.3657892
5.026,0.6342108,0.3657892
5.027,0.6342108,0.3657892
5.028,0.6342108,0.3657892
5.029,0.6342108,0.3657892
5.03,0.6342108,0.3657892
5.031,0.6342108,0.3657892
5.032,0.6342108,0.3657892
5.033,0.6342108,0.3657892
5.034,0.6342108,0.3657892
5.035,0.6342108,0.3657892
5.036,0.6342108,0.3657892
5.037,0.6342108,0.3657892
5.038,0.6342108,0.3657892
5.039,0.6342108,0.3657892
5.04,0.6342108,0.3657892
5.041,0.6342108,0.3657892
5.042,0.6342108,0.3657892
5.043,0.6342108,0.3657892
5.044,0.6342108,0.3657892
5.045,0.6342108,0.3657892
5.046,0.6342108,0.3657892
5.047,0.6342108,0.3657892
5.048,0.6342108,0.3657892
5.049,0.6342108,0.3657892
5.05,0.6342108,0.3657892
5.051,0.6342108,0.3657892
5.052,0.6342108,0.3657892
5.053,0.6342108,0.3657892
5.054,0.6342108,0.3657892
5.055,0.6342108,0.3657892
5.056,0.6342108,0.3657892
5.057,0.6342108,0.3657892
5.058,0.6342108,0.3657892
5.059,0.6342108,0.3657892
5.06,0.6342108,0.3657892
5.061,0.6342108,0.3657892
5.062,0.6342108,0.3657892
5.063,0.6342108,0.3657892
5.064,0.6342108,0.3657892
5.065,0.6342108,0.3657892
5.066,0.6342108,0.3657892
5.067,0.6342108,0.3657892
5.068,0.6342108,0.3657892
5.069,0.6342108,0.3657892
5.07,0.6342108,0.3657892
5.071,0.6342108,0.3657892
5.072,0.6342108,0.3657892
5.073,0.6342108,0.3657892
5.074,0.6342108,0.3657892
5.075,0.6342108,0.3657892
5.076,0.6342108,0.3657892
5.077,0.6342108,0.3657892
5.078,0.6342108,0.3657892
5.079,0.6342108,0.3657892
5.08,0.6342108,0.3657892
5.081,0.6342108,0.3657892
5.082,0.6342108,0.3657892
5.083,0.6342108,0.3657892
5.084,0.6342108,0.3657892
5.085,0.6342108,0.3657892
5.086,0.6342108,0.3657892
5.087,0.6342108,0.3657892
5.088,0.6342108,0.3657892
5.089,0.6342108,0.3657892
5.09,0.6342108,0.3657892
5.091,0.6342108,0.3657892
5.092,0.6342108,0.3657892
5.093,0.6342108,0.3657892
5.094,0.6342108,0.3657892
5.095,0.6342108,0.3657892
5.096,0.6342108,0.3657892
5.097,0.6342108,0.3657892
5.098,0.6342108,0.3657892
5.099,0.6342108,0.3657892
5.1,0.6342108,0.3657892
5.101,0.6342108,0.3657892
5.102,0.6342108,0.3657892
5.103,0.6342108,0.3657892
5.104,0.6342108,0.3657892
5.105,0.6342108,0.3657892
5.106,0.6342108,0.3657892
5.107,0.6342108,0.3657892
5.108,0.6342108,0.3657892
5.109,0.6342108,0.3657892
5.11,0.6342108,0.3657892
5.111,0.6342108,0.3657892
5.112,0.6342108,0.3657892
5.113,0.6342108,0.3657892
5.114,0.6342108,0.3657892
5.115,0.6342108,0.3657892
5.116,0.6342108,0.3657892
5.117,0.6342108,0.3657892
5.118,0.6342108,0.3657892
5.119,0.6342108,0.3657892
5.12,0.6342108,0.3657892
5.121,0.6342108,0.3657892
5.122,0.6342108,0.3657892
5.123,0.6342108,0.3657892
5.124,0.6342108,0.3657892
5.125,0.6342108,0.3657892
5.126,0.6342108,0.3657892
5.127,0.6342108,0.3657892
5.128,0.6342108,0.3657892
5.129,0.6342108,0.3657892
5.13,0.6342108,0.3657892
5.131,0.6342108,0.3657892
5.132,0.6342108,0.3657892
5.133,0.6342108,0.3657892
5.134,0.6342108,0.3657892
5.135,0.6342108,0.3657892
5.136,0.6342108,0.3657892
5.137,0.6342108,0.3657892
5.138,0.6342108,0.3657892
5.139,0.6342108,0.3657892
5.14,0.6342108,0.3657892
5.141,0.6342108,0.3657892
5.142,0.6342108,0.3657892
5.143,0.6342108,0.3657892
5.144,0.6342108,0.3657892
5.145,0.6342108,0.3657892
5.146,0.6342108,0.3657892
5.147,0.6342108,0.3657892
5.148,0.6342108,0.3657892
5.149,0.6342108,0.3657892
5.15,0.6342108,0.3657892
5.151,0.6342108,0.3657892
5.152,0.6342108,0.3657892
5.153,0.6342108,0.3657892
5.154,0.6342108,0.3657892
5.155,0.6342108,0.3657892
5.156,0.6342108,0.3657892
5.157,0.6342108,0.3657892
5.158,0.6342108,0.3657892
5.159,0.6342108,0.3657892
5.16,0.6342108,0.3657892
5.161,0.6342108,0.3657892
5.162,0.6342108,0.3657892
5.163,0.6342108,0.3657892
5.164,0.6342108,0.3657892
5.165,0.6342108,0.3657892
5.166,0.6342108,0.3657892
5.167,0.6342108,0.3657892
5.168,0.6342108,0.3657892
5.169,0.6342108,0.3657892
5.17,0.6342108,0.3657892
5.171,0.6342108,0.3657892
5.172,0.6342108,0.3657892
5.173,0.6342108,0.3657892
5.174,0.6342108,0.3657892
5.175,0.6342108,0.3657892
5.176,0.6342108,0.3657892
5.177,0.6342108,0.3657892
5.178,0.6342108,0.3657892
5.179,0.6342108,0.3657892
5.18,0.6342108,0.3657892
5.181,0.6342108,0.3657892
5.182,0.6342108,0.3657892
5.183,0.6342108,0.3657892
5.184,0.6342108,0.3657892
5.185,0.6342108,0.3657892
5.186,0.6342108,0.3657892
5.187,0.6342108,0.3657892
5.188,0.6342108,0.3657892
5.189,0.6342108,0.3657892
5.19,0.6342108,0.3657892
5.191,0.6342108,0.3657892
5.192,0.6342108,0.3657892
5.193,0.6342108,0.3657892
5.194,0.6342108,0.3657892
5.195,0.6342108,0.3657892
5.196,0.6342108,0.3657892
5.197,0.6342108,0.3657892
5.198,0.6342108,0.3657892
5.199,0.6342108,0.3657892
5.2,0.6342108,0.3657892
5.201,0.6342108,0.3657892
5.202,0.6342108,0.3657892
5.203,0.6342108,0.3657892
5.204,0.6342108,0.3657892
5.205,0.6342108,0.3657892
5.206,0.6342108,0.3657892
5.207,0.6342108,0.3657892
5.208,0.6342108,0.3657892
5.209,0.6342108,0.3657892
5.21,0.6342108,0.3657892
5.211,0.6342108,0.3657892
5.212,0.6342108,0.3657892
5.213,0.6342108,0.3657892
5.214,0.6342108,0.3657892
5.215,0.6342108,0.3657892
5.216,0.6342108,0.3657892
5.217,0.6342108,0.3657892
5.218,0.6342108,0.3657892
5.219,0.6342108,0.3657892
5.22,0.6342108,0.3657892
5.221,0.6342108,0.3657892
5.222,0.6342108,0.3657892
5.223,0.6342108,0.3657892
5.224,0.6342108,0.3657892
5.225,0.6342108,0.3657892
5.226,0.6342108,0.3657892
5.227,0.6342108,0.3657892
5.228,0.6342108,0.3657892
5.229,0.6342108,0.3657892
5.23,0.6342108,0.3657892
5.231,0.6342108,0.3657892
5.232,0.6342108,0.3657892
5.233,0.6342108,0.3657892
5.234,0.6342108,0.3657892
5.235,0.6342108,0.3657892
5.236,0.6342108,0.3657892
5.237,0.6342108,0.3657892
5.238,0.6342108,0.3657892
5.239,0.6342108,0.3657892
5.24,0.6342108,0.3657892
5.241,0.6342108,0.3657892
5.242,0.6342108,0.3657892
5.243,0.6342108,0.3657892
5.244,0.6342108,0.3657892
5.245,0.6342108,0.3657892
5.246,0.6342108,0.3657892
5.247,0.6342108,0.3657892
5.248,0.6342108,0.3657892
5.249,0.6342108,0.3657892
5.25,0.6342108,0.3657892
5.251,0.6342108,0.3657892
5.252,0.6342108,0.3657892
5.253,0.6342108,0.3657892
5.254,0.6342108,0.3657892
5.255,0.6342108,0.3657892
5.256,0.6342108,0.3657892
5.257,0.6342108,0.3657892
5.258,0.6342108,0.3657892
5.259,0.6342108,0.3657892
5.26,0.6342108,0.3657892
5.261,0.6342108,0.3657892
5.262,0.6342108,0.3657892
5.263,0.6342108,0.3657892
5.264,0.6342108,0.3657892
5.265,0.6342108,0.3657892
5.266,0.6342108,0.3657892
5.267,0.6342108,0.3657892
5.268,0.6342108,0.3657892
5.269,0.6342108,0.3657892
5.27,0.6342108,0.3657892
5.271,0.6342108,0.3657892
5.272,0.6342108,0.3657892
5.273,0.6342108,0.3657892
5.274,0.6342108,0.3657892
5.275,0.6342108,0.3657892
5.276,0.6342108,0.3657892
5.277,0.6342108,0.3657892
5.278,0.6342108,0.3657892
5.279,0.6342108,0.3657892
5.28,0.6342108,0.3657892
5.281,0.6342108,0.3657892
5.282,0.6342108,0.3657892
5.283,0.6342108,0.3657892
5.284,0.6342108,0.3657892
5.285,0.6342108,0.3657892
5.286,0.6342108,0.3657892
5.287,0.6342108,0.3657892
5.288,0.6342108,0.3657892
5.289,0.6342108,0.3657892
5.29,0.6342108,0.3657892
5.291,0.6342108,0.3657892
5.292,0.6342108,0.3657892
5.293,0.6342108,0.3657892
5.294,0.6342108,0.3657892
5.295,0.6342108,0.3657892
5.296,0.6342108,0.3657892
5.297,0.6342108,0.3657892
5.298,0.6342108,0.3657892
5.299,0.6342108,0.3657892
5.3,0.6342108,0.3657892
5.301,0.6342108,0.3657892
5.302,0.6342108,0.3657892
5.303,0.6342108,0.3657892
5.304,0.6342108,0.3657892
5.305,0.6342108,0.3657892
5.306,0.6342108,0.3657892
5.307,0.6342108,0.3657892
5.308,0.6342108,0.3657892
5.309,0.6342108,0.3657892
5.31,0.6342108,0.3657892
5.311,0.6342108,0.3657892
5.312,0.6342108,0.3657892
5.313,0.6342108,0.3657892
5.314,0.6342108,0.3657892
5.315,0.6342108,0.3657892
5.316,0.6342108,0.3657892
5.317,0.6342108,0.3657892
5.318,0.6342108,0.3657892
5.319,0.6342108,0.3657892
5.32,0.6342108,0.3657892
5.321,0.6342108,0.3657892
5.322,0.6342108,0.3657892
5.323,0.6342108,0.3657892
5.324,0.6342108,0.3657892
5.325,0.6342108,0.3657892
5.326,0.6342108,0.3657892
5.327,0.6342108,0.3657892
5.328,0.6342108,0.3657892
5.329,0.6342108,0.3657892
5.33,0.6342108,0.3657892
5.331,0.6342108,0.3657892
5.332,0.6342108,0.3657892
5.333,0.6342108,0.3657892
5.334,0.6342108,0.3657892
5.335,0.6342108,0.3657892
5.336,0.6342108,0.3657892
5.337,0.6342108,0.3657892
5.338,0.6342108,0.3657892
5.339,0.6342108,0.3657892
5.34,0.6342108,0.3657892
5.341,0.6342108,0.3657892
5.342,0.6342108,0.3657892
5.343,0.6342108,0.3657892
5.344,0.6342108,0.3657892
5.345,0.6342108,0.3657892
5.346,0.6342108,0.3657892
5.347,0.6342108,0.3657892
5.348,0.6342108,0.3657892
5.349,0.6342108,0.3657892
5.35,0.6342108,0.3657892
5.351,0.6342108,0.3657892
5.352,0.6342108,0.3657892
5.353,0.6342108,0.3657892
5.354,0.6342108,0.3657892
5.355,0.6342108,0.3657892
5.356,0.6342108,0.3657892
5.357,0.6342108,0.3657892
5.358,0.6342108,0.3657892
5.359,0.6342108,0.3657892
5.36,0.6342108,0.3657892
5.361,0.6342108,0.3657892
5.362,0.6342108,0.3657892
5.363,0.6342108,0.3657892
5.364,0.6342108,0.3657892
5.365,0.6342108,0.3657892
5.366,0.6342108,0.3657892
5.367,0.6342108,0.3657892
5.368,0.6342108,0.3657892
5.369,0.6342108,0.3657892
5.37,0.6342108,0.3657892
5.371,0.6342108,0.3657892
5.372,0.6342108,0.3657892
5.373,0.6342108,0.3657892
5.374,0.6342108,0.3657892
5.375,0.6342108,0.3657892
5.376,0.6342108,0.3657892
5.377,0.6342108,0.3657892
5.378,0.6342108,0.3657892
5.379,0.6342108,0.3657892
5.38,0.6342108,0.3657892
5.381,0.6342108,0.3657892
5.382,0.6342108,0.3657892
5.383,0.6342108,0.3657892
5.384,0.6342108,0.3657892
5.385,0.6342108,0.3657892
5.386,0.6342108,0.3657892
5.387,0.6342108,0.3657892
5.388,0.6342108,0.3657892
5.389,0.6342108,0.3657892
5.39,0.6342108,0.3657892
5.391,0.6342108,0.3657892
5.392,0.6342108,0.3657892
5.393,0.6342108,0.3657892
5.394,0.6342108,0.3657892
5.395,0.6342108,0.3657892
5.396,0.6342108,0.3657892
5.397,0.6342108,0.3657892
5.398,0.6342108,0.3657892
5.399,0.6342108,0.3657892
5.4,0.6342108,0.3657892
5.401,0.6342108,0.3657892
5.402,0.6342108,0.3657892
5.403,0.6342108,0.3657892
5.404,0.6342108,0.3657892
5.405,0.6342108,0.3657892
5.406,0.6342108,0.3657892
5.407,0.6342108,0.3657892
5.408,0.6342108,0.3657892
5.409,0.6342108,0.3657892
5.41,0.6342108,0.3657892
5.411,0.6342108,0.3657892
5.412,0.6342108,0.3657892
5.413,0.6342108,0.3657892
5.414,0.6342108,0.3657892
5.415,0.6342108,0.3657892
5.416,0.6342108,0.3657892
5.417,0.6342108,0.3657892
5.418,0.6342108,0.3657892
5.419,0.6342108,0.3657892
5.42,0.6342108,0.3657892
5.421,0.6342108,0.3657892
5.422,0.6342108,0.3657892
5.423,0.6342108,0.3657892
5.424,0.6342108,0.3657892
5.425,0.6342108,0.3657892
5.426,0.6342108,0.3657892
5.427,0.6342108,0.3657892
5.428,0.6342108,0.3657892
5.429,0.6342108,0.3657892
5.43,0.6342108,0.3657892
5.431,0.6342108,0.3657892
5.432,0.6342108,0.3657892
5.433,0.6342108,0.3657892
5.434,0.6342108,0.3657892
5.435,0.6342108,0.3657892
5.436,0.6342108,0.3657892
5.437,0.6342108,0.3657892
5.438,0.6342108,0.3657892
5.439,0.6342108,0.3657892
5.44,0.6342108,0.3657892
5.441,0.6342108,0.3657892
5.442,0.6342108,0.3657892
5.443,0.6342108,0.3657892
5.444,0.6342108,0.3657892
5.445,0.6342108,0.3657892
5.446,0.6342108,0.3657892
5.447,0.6342108,0.3657892
5.448,0.6342108,0.3657892
5.449,0.6342108,0.3657892
5.45,0.6342108,0.3657892
5.451,0.6342108,0.3657892
5.452,0.6342108,0.3657892
5.453,0.6342108,0.3657892
5.454,0.6342108,0.3657892
5.455,0.6342108,0.3657892
5.456,0.6342108,0.3657892
5.457,0.6342108,0.3657892
5.458,0.6342108,0.3657892
5.459,0.6342108,0.3657892
5.46,0.6342108,0.3657892
5.461,0.6342108,0.3657892
5.462,0.6342108,0.3657892
5.463,0.6342108,0.3657892
5.464,0.6342108,0.3657892
5.465,0.6342108,0.3657892
5.466,0.6342108,0.3657892
5.467,0.6342108,0.3657892
5.468,0.6342108,0.3657892
5.469,0.6342108,0.3657892
5.47,0.6342108,0.3657892
5.471,0.6342108,0.3657892
5.472,0.6342108,0.3657892
5.473,0.6342108,0.3657892
5.474,0.6342108,0.3657892
5.475,0.6342108,0.3657892
5.476,0.6342108,0.3657892
5.477,0.6342108,0.3657892
5.478,0.6342108,0.3657892
5.479,0.6342108,0.3657892
5.48,0.6342108,0.3657892
5.481,0.6342108,0.3657892
5.482,0.6342108,0.3657892
5.483,0.6342108,0.3657892
5.484,0.6342108,0.3657892
5.485,0.6342108,0.3657892
5.486,0.6342108,0.3657892
5.487,0.6342108,0.3657892
5.488,0.6342108,0.3657892
5.489,0.6342108,0.3657892
5.49,0.6342108,0.3657892
5.491,0.6342108,0.3657892
5.492,0.6342108,0.3657892
5.493,0.6342108,0.3657892
5.494,0.6342108,0.3657892
5.495,0.6342108,0.3657892
5.496,0.6342108,0.3657892
5.497,0.6342108,0.3657892
5.498,0.6342108,0.3657892
5.499,0.6342108,0.3657892
5.5,0.6342108,0.3657892
5.501,0.6342108,0.3657892
5.502,0.6342108,0.3657892
5.503,0.6342108,0.3657892
5.504,0.6342108,0.3657892
5.505,0.6342108,0.3657892
5.506,0.6342108,0.3657892
5.507,0.6342108,0.3657892
5.508,0.6342108,0.3657892
5.509,0.6342108,0.3657892
5.51,0.6342108,0.3657892
5.511,0.6342108,0.3657892
5.512,0.6342108,0.3657892
5.513,0.6342108,0.3657892
5.514,0.6342108,0.3657892
5.515,0.6342108,0.3657892
5.516,0.6342108,0.3657892
5.517,0.6342108,0.3657892
5.518,0.6342108,0.3657892
5.519,0.6342108,0.3657892
5.52,0.6342108,0.3657892
5.521,0.6342108,0.3657892
5.522,0.6342108,0.3657892
5.523,0.6342108,0.3657892
5.524,0.6342108,0.3657892
5.525,0.6342108,0.3657892
5.526,0.6342108,0.3657892
5.527,0.6342108,0.3657892
5.528,0.6342108,0.3657892
5.529,0.6342108,0.3657892
5.53,0.6342108,0.3657892
5.531,0.6342108,0.3657892
5.532,0.6342108,0.3657892
5.533,0.6342108,0.3657892
5.534,0.6342108,0.3657892
5.535,0.6342108,0.3657892
5.536,0.6342108,0.3657892
5.537,0.6342108,0.3657892
5.538,0.6342108,0.3657892
5.539,0.6342108,0.3657892
5.54,0.6342108,0.3657892
5.541,0.6342108,0.3657892
5.542,0.6342108,0.3657892
5.543,0.6342108,0.3657892
5.544,0.6342108,0.3657892
5.545,0.6342108,0.3657892
5.546,0.6342108,0.3657892
5.547,0.6342108,0.3657892
5.548,0.6342108,0.3657892
5.549,0.6342108,0.3657892
5.55,0.6342108,0.3657892
5.551,0.6342108,0.3657892
5.552,0.6342108,0.3657892
5.553,0.6342108,0.3657892
5.554,0.6342108,0.3657892
5.555,0.6342108,0.3657892
5.556,0.6342108,0.3657892
5.557,0.6342108,0.3657892
5.558,0.6342108,0.3657892
5.559,0.6342108,0.3657892
5.56,0.6342108,0.3657892
5.561,0.6342108,0.3657892
5.562,0.6342108,0.3657892
5.563,0.6342108,0.3657892
5.564,0.6342108,0.3657892
5.565,0.6342108,0.3657892
5.566,0.6342108,0.3657892
5.567,0.6342108,0.3657892
5.568,0.6342108,0.3657892
5.569,0.6342108,0.3657892
5.57,0.6342108,0.3657892
5.571,0.6342108,0.3657892
5.572,0.6342108,0.3657892
5.573,0.6342108,0.3657892
5.574,0.6342108,0.3657892
5.575,0.6342108,0.3657892
5.576,0.6342108,0.3657892
5.577,0.6342108,0.3657892
5.578,0.6342108,0.3657892
5.579,0.6342108,0.3657892
5.58,0.6342108,0.3657892
5.581,0.6342108,0.3657892
5.582,0.6342108,0.3657892
5.583,0.6342108,0.3657892
5.584,0.6342108,0.3657892
5.585,0.6342108,0.3657892
5.586,0.6342108,0.3657892
5.587,0.6342108,0.3657892
5.588,0.6342108,0.3657892
5.589,0.6342108,0.3657892
5.59,0.6342108,0.3657892
5.591,0.6342108,0.3657892
5.592,0.6342108,0.3657892
5.593,0.6342108,0.3657892
5.594,0.6342108,0.3657892
5.595,0.6342108,0.3657892
5.596,0.6342108,0.3657892
5.597,0.6342108,0.3657892
5.598,0.6342108,0.3657892
5.599,0.6342108,0.3657892
5.6,0.6342108,0.3657892
5.601,0.6342108,0.3657892
5.602,0.6342108,0.3657892
5.603,0.6342108,0.3657892
5.604,0.6342108,0.3657892
5.605,0.6342108,0.3657892
5.606,0.6342108,0.3657892
5.607,0.6342108,0.3657892
5.608,0.6342108,0.3657892
5.609,0.6342108,0.3657892
5.61,0.6342108,0.3657892
5.611,0.6342108,0.3657892
5.612,0.6342108,0.3657892
5.613,0.6342108,0.3657892
5.614,0.6342108,0.3657892
5.615,0.6342108,0.3657892
5.616,0.6342108,0.3657892
5.617,0.6342108,0.3657892
5.618,0.6342108,0.3657892
5.619,0.6342108,0.3657892
5.62,0.6342108,0.3657892
5.621,0.6342108,0.3657892
5.622,0.6342108,0.3657892
5.623,0.6342108,0.3657892
5.624,0.6342108,0.3657892
5.625,0.6342108,0.3657892
5.626,0.6342108,0.3657892
5.627,0.6342108,0.3657892
5.628,0.6342108,0.3657892
5.629,0.6342108,0.3657892
5.63,0.6342108,0.3657892
5.631,0.6342108,0.3657892
5.632,0.6342108,0.3657892
5.633,0.6342108,0.3657892
5.634,0.6342108,0.3657892
5.635,0.6342108,0.3657892
5.636,0.6342108,0.3657892
5.637,0.6342108,0.3657892
5.638,0.6342108,0.3657892
5.639,0.6342108,0.3657892
5.64,0.6342108,0.3657892
5.641,0.6342108,0.3657892
5.642,0.6342108,0.3657892
5.643,0.6342108,0.3657892
5.644,0.6342108,0.3657892
5.645,0.6342108,0.3657892
5.646,0.6342108,0.3657892
5.647,0.6342108,0.3657892
5.648,0.6342108,0.3657892
5.649,0.6342108,0.3657892
5.65,0.6342108,0.3657892
5.651,0.6342108,0.3657892
5.652,0.6342108,0.3657892
5.653,0.6342108,0.3657892
5.654,0.6342108,0.3657892
5.655,0.6342108,0.3657892
5.656,0.6342108,0.3657892
5.657,0.6342108,0.3657892
5.658,0.6342108,0.3657892
5.659,0.6342108,0.3657892
5.66,0.6342108,0.3657892
5.661,0.6342108,0.3657892
5.662,0.6342108,0.3657892
5.663,0.6342108,0.3657892
5.664,0.6342108,0.3657892
5.665,0.6342108,0.3657892
5.666,0.6342108,0.3657892
5.667,0.6342108,0.3657892
5.668,0.6342108,0.3657892
5.669,0.6342108,0.3657892
5.67,0.6342108,0.3657892
5.671,0.6342108,0.3657892
5.672,0.6342108,0.3657892
5.673,0.6342108,0.3657892
5.674,0.6342108,0.3657892
5.675,0.6342108,0.3657892
5.676,0.6342108,0.3657892
5.677,0.6342108,0.3657892
5.678,0.6342108,0.3657892
5.679,0.6342108,0.3657892
5.68,0.6342108,0.3657892
5.681,0.6342108,0.3657892
5.682,0.6342108,0.3657892
5.683,0.6342108,0.3657892
5.684,0.6342108,0.3657892
5.685,0.6342108,0.3657892
5.686,0.6342108,0.3657892
5.687,0.6342108,0.3657892
5.688,0.6342108,0.3657892
5.689,0.6342108,0.3657892
5.69,0.6342108,0.3657892
5.691,0.6342108,0.3657892
5.692,0.6342108,0.3657892
5.693,0.6342108,0.3657892
5.694,0.6342108,0.3657892
5.695,0.6342108,0.3657892
5.696,0.6342108,0.3657892
5.697,0.6342108,0.3657892
5.698,0.6342108,0.3657892
5.699,0.6342108,0.3657892
5.7,0.6342108,0.3657892
5.701,0.6342108,0.3657892
5.702,0.6342108,0.3657892
5.703,0.6342108,0.3657892
5.704,0.6342108,0.3657892
5.705,0.6342108,0.3657892
5.706,0.6342108,0.3657892
5.707,0.6342108,0.3657892
5.708,0.6342108,0.3657892
5.709,0.6342108,0.3657892
5.71,0.6342108,0.3657892
5.711,0.6342108,0.3657892
5.712,0.6342108,0.3657892
5.713,0.6342108,0.3657892
5.714,0.6342108,0.3657892
5.715,0.6342108,0.3657892
5.716,0.6342108,0.3657892
5.717,0.6342108,0.3657892
5.718,0.6342108,0.3657892
5.719,0.6342108,0.3657892
5.72,0.6342108,0.3657892
5.721,0.6342108,0.3657892
5.722,0.6342108,0.3657892
5.723,0.6342108,0.3657892
5.724,0.6342108,0.3657892
5.725,0.6342108,0.3657892
5.726,0.6342108,0.3657892
5.727,0.6342108,0.3657892
5.728,0.6342108,0.3657892
5.729,0.6342108,0.3657892
5.73,0.6342108,0.3657892
5.731,0.6342108,0.3657892
5.732,0.6342108,0.3657892
5.733,0.6342108,0.3657892
5.734,0.6342108,0.3657892
5.735,0.6342108,0.3657892
5.736,0.6342108,0.3657892
5.737,0.6342108,0.3657892
5.738,0.6342108,0.3657892
5.739,0.6342108,0.3657892
5.74,0.6342108,0.3657892
5.741,0.6342108,0.3657892
5.742,0.6342108,0.3657892
5.743,0.6342108,0.3657892
5.744,0.6342108,0.3657892
5.745,0.6342108,0.3657892
5.746,0.6342108,0.3657892
5.747,0.6342108,0.3657892
5.748,0.6342108,0.3657892
5.749,0.6342108,0.3657892
5.75,0.6342108,0.3657892
5.751,0.6342108,0.3657892
5.752,0.6342108,0.3657892
5.753,0.6342108,0.3657892
5.754,0.6342108,0.3657892
5.755,0.6342108,0.3657892
5.756,0.6342108,0.3657892
5.757,0.6342108,0.3657892
5.758,0.6342108,0.3657892
5.759,0.6342108,0.3657892
5.76,0.6342108,0.3657892
5.761,0.6342108,0.3657892
5.762,0.6342108,0.3657892
5.763,0.6342108,0.3657892
5.764,0.6342108,0.3657892
5.765,0.6342108,0.3657892
5.766,0.6342108,0.3657892
5.767,0.6342108,0.3657892
5.768,0.6342108,0.3657892
5.769,0.6342108,0.3657892
5.77,0.6342108,0.3657892
5.771,0.6342108,0.3657892
5.772,0.6342108,0.3657892
5.773,0.6342108,0.3657892
5.774,0.6342108,0.3657892
5.775,0.6342108,0.3657892
5.776,0.6342108,0.3657892
5.777,0.6342108,0.3657892
5.778,0.6342108,0.3657892
5.779,0.6342108,0.3657892
5.78,0.6342108,0.3657892
5.781,0.6342108,0.3657892
5.782,0.6342108,0.3657892
5.783,0.6342108,0.3657892
5.784,0.6342108,0.3657892
5.785,0.6342108,0.3657892
5.786,0.6342108,0.3657892
5.787,0.6342108,0.3657892
5.788,0.6342108,0.3657892
5.789,0.6342108,0.3657892
5.79,0.6342108,0.3657892
5.791,0.6342108,0.3657892
5.792,0.6342108,0.3657892
5.793,0.6342108,0.3657892
5.794,0.6342108,0.3657892
5.795,0.6342108,0.3657892
5.796,0.6342108,0.3657892
5.797,0.6342108,0.3657892
5.798,0.6342108,0.3657892
5.799,0.6342108,0.3657892
5.8,0.6342108,0.3657892
5.801,0.6342108,0.3657892
5.802,0.6342108,0.3657892
5.803,0.6342108,0.3657892
5.804,0.6342108,0.3657892
5.805,0.6342108,0.3657892
5.806,0.6342108,0.3657892
5.807,0.6342108,0.3657892
5.808,0.6342108,0.3657892
5.809,0.6342108,0.3657892
5.81,0.6342108,0.3657892
5.811,0.6342108,0.3657892
5.812,0.6342108,0.3657892
5.813,0.6342108,0.3657892
5.814,0.6342108,0.3657892
5.815,0.6342108,0.3657892
5.816,0.6342108,0.3657892
5.817,0.6342108,0.3657892
5.818,0.6342108,0.3657892
5.819,0.6342108,0.3657892
5.82,0.6342108,0.3657892
5.821,0.6342108,0.3657892
5.822,0.6342108,0.3657892
5.823,0.6342108,0.3657892
5.824,0.6342108,0.3657892
5.825,0.6342108,0.3657892
5.826,0.6342108,0.3657892
5.827,0.6342108,0.3657892
5.828,0.6342108,0.3657892
5.829,0.6342108,0.3657892
5.83,0.6342108,0.3657892
5.831,0.6342108,0.3657892
5.832,0.6342108,0.3657892
5.833,0.6342108,0.3657892
5.834,0.6342108,0.3657892
5.835,0.6342108,0.3657892
5.836,0.6342108,0.3657892
5.837,0.6342108,0.3657892
5.838,0.6342108,0.3657892
5.839,0.6342108,0.3657892
5.84,0.6342108,0.3657892
5.841,0.6342108,0.3657892
5.842,0.6342108,0.3657892
5.843,0.6342108,0.3657892
5.844,0.6342108,0.3657892
5.845,0.6342108,0.3657892
5.846,0.6342108,0.3657892
5.847,0.6342108,0.3657892
5.848,0.6342108,0.3657892
5.849,0.6342108,0.3657892
5.85,0.6342108,0.3657892
5.851,0.6342108,0.3657892
5.852,0.6342108,0.3657892
5.853,0.6342108,0.3657892
5.854,0.6342108,0.3657892
5.855,0.6342108,0.3657892
5.856,0.6342108,0.3657892
5.857,0.6342108,0.3657892
5.858,0.6342108,0.3657892
5.859,0.6342108,0.3657892
5.86,0.6342108,0.3657892
5.861,0.6342108,0.3657892
5.862,0.6342108,0.3657892
5.863,0.6342108,0.3657892
5.864,0.6342108,0.3657892
5.865,0.6342108,0.3657892
5.866,0.6342108,0.3657892
5.867,0.6342108,0.3657892
5.868,0.6342108,0.3657892
5.869,0.6342108,0.3657892
5.87,0.6342108,0.3657892
5.871,0.6342108,0.3657892
5.872,0.6342108,0.3657892
5.873,0.6342108,0.3657892
5.874,0.6342108,0.3657892
5.875,0.6342108,0.3657892
5.876,0.6342108,0.3657892
5.877,0.6342108,0.3657892
5.878,0.6342108,0.3657892
5.879,0.6342108,0.3657892
5.88,0.6342108,0.3657892
5.881,0.6342108,0.3657892
5.882,0.6342108,0.3657892
5.883,0.6342108,0.3657892
5.884,0.6342108,0.3657892
5.885,0.6342108,0.3657892
5.886,0.6342108,0.3657892
5.887,0.6342108,0.3657892
5.888,0.6342108,0.3657892
5.889,0.6342108,0.3657892
5.89,0.6342108,0.3657892
5.891,0.6342108,0.3657892
5.892,0.6342108,0.3657892
5.893,0.6342108,0.3657892
5.894,0.6342108,0.3657892
5.895,0.6342108,0.3657892
5.896,0.6342108,0.3657892
5.897,0.6342108,0.3657892
5.898,0.6342108,0.3657892
5.899,0.6342108,0.3657892
5.9,0.6342108,0.3657892
5.901,0.6342108,0.3657892
5.902,0.6342108,0.3657892
5.903,0.6342108,0.3657892
5.904,0.6342108,0.3657892
5.905,0.6342108,0.3657892
5.906,0.6342108,0.3657892
5.907,0.6342108,0.3657892
5.908,0.6342108,0.3657892
5.909,0.6342108,0.3657892
5.91,0.6342108,0.3657892
5.911,0.6342108,0.3657892
5.912,0.6342108,0.3657892
5.913,0.6342108,0.3657892
5.914,0.6342108,0.3657892
5.915,0.6342108,0.3657892
5.916,0.6342108,0.3657892
5.917,0.6342108,0.3657892
5.918,0.6342108,0.3657892
5.919,0.6342108,0.3657892
5.92,0.6342108,0.3657892
5.921,0.6342108,0.3657892
5.922,0.6342108,0.3657892
5.923,0.6342108,0.3657892
5.924,0.6342108,0.3657892
5.925,0.6342108,0.3657892
5.926,0.6342108,0.3657892
5.927,0.6342108,0.3657892
5.928,0.6342108,0.3657892
5.929,0.6342108,0.3657892
5.93,0.6342108,0.3657892
5.931,0.6342108,0.3657892
5.932,0.6342108,0.3657892
5.933,0.6342108,0.3657892
5.934,0.6342108,0.3657892
5.935,0.6342108,0.3657892
5.936,0.6342108,0.3657892
5.937,0.6342108,0.3657892
5.938,0.6342108,0.3657892
5.939,0.6342108,0.3657892
5.94,0.6342108,0.3657892
5.941,0.6342108,0.3657892
5.942,0.6342108,0.3657892
5.943,0.6342108,0.3657892
5.944,0.6342108,0.3657892
5.945,0.6342108,0.3657892
5.946,0.6342108,0.3657892
5.947,0.6342108,0.3657892
5.948,0.6342108,0.3657892
5.949,0.6342108,0.3657892
5.95,0.6342108,0.3657892
5.951,0.6342108,0.3657892
5.952,0.6342108,0.3657892
5.953,0.6342108,0.3657892
5.954,0.6342108,0.3657892
5.955,0.6342108,0.3657892
5.956,0.6342108,0.3657892
5.957,0.6342108,0.3657892
5.958,0.6342108,0.3657892
5.959,0.6342108,0.3657892
5.96,0.6342108,0.3657892
5.961,0.6342108,0.3657892
5.962,0.6342108,0.3657892
5.963,0.6342108,0.3657892
5.964,0.6342108,0.3657892
5.965,0.6342108,0.3657892
5.966,0.6342108,0.3657892
5.967,0.6342108,0.3657892
5.968,0.6342108,0.3657892
5.969,0.6342108,0.3657892
5.97,0.6342108,0.3657892
5.971,0.6342108,0.3657892
5.972,0.6342108,0.3657892
5.973,0.6342108,0.3657892
5.974,0.6342108,0.3657892
5.975,0.6342108,0.3657892
5.976,0.6342108,0.3657892
5.977,0.6342108,0.3657892
5.978,0.6342108,0.3657892
5.979,0.6342108,0.3657892
5.98,0.6342108,0.3657892
5.981,0.6342108,0.3657892
5.982,0.6342108,0.3657892
5.983,0.6342108,0.3657892
5.984,0.6342108,0.3657892
5.985,0.6342108,0.3657892
5.986,0.6342108,0.3657892
5.987,0.6342108,0.3657892
5.988,0.6342108,0.3657892
5.989,0.6342108,0.3657892
5.99,0.6342108,0.3657892
5.991,0.6342108,0.3657892
5.992,0.6342108,0.3657892
5.993,0.6342108,0.3657892
5.994,0.6342108,0.3657892
5.995,0.6342108,0.3657892
5.996,0.6342108,0.3657892
5.997,0.6342108,0.3657892
5.998,0.6342108,0.3657892
5.999,0.6342108,0.3657892
6.0,0.6342108,0.3657892
6.001,0.6342108,0.3657892
6.002,0.6342108,0.3657892
6.003,0.6342108,0.3657892
6.004,0.6342108,0.3657892
6.005,0.6342108,0.3657892
6.006,0.6342108,0.3657892
6.007,0.6342108,0.3657892
6.008,0.6342108,0.3657892
6.009,0.6342108,0.3657892
6.01,0.6342108,0.3657892
6.011,0.6342108,0.3657892
6.012,0.6342108,0.3657892
6.013,0.6342108,0.3657892
6.014,0.6342108,0.3657892
6.015,0.6342108,0.3657892
6.016,0.6342108,0.3657892
6.017,0.6342108,0.3657892
6.018,0.6342108,0.3657892
6.019,0.6342108,0.3657892
6.02,0.6342108,0.3657892
6.021,0.6342108,0.3657892
6.022,0.6342108,0.3657892
6.023,0.6342108,0.3657892
6.024,0.6342108,0.3657892
6.025,0.6342108,0.3657892
6.026,0.6342108,0.3657892
6.027,0.6342108,0.3657892
6.028,0.6342108,0.3657892
6.029,0.6342108,0.3657892
6.03,0.6342108,0.3657892
6.031,0.6342108,0.3657892
6.032,0.6342108,0.3657892
6.033,0.6342108,0.3657892
6.034,0.6342108,0.3657892
6.035,0.6342108,0.3657892
6.036,0.6342108,0.3657892
6.037,0.6342108,0.3657892
6.038,0.6342108,0.3657892
6.039,0.6342108,0.3657892
6.04,0.6342108,0.3657892
6.041,0.6342108,0.3657892
6.042,0.6342108,0.3657892
6.043,0.6342108,0.3657892
6.044,0.6342108,0.3657892
6.045,0.6342108,0.3657892
6.046,0.6342108,0.3657892
6.047,0.6342108,0.3657892
6.048,0.6342108,0.3657892
6.049,0.6342108,0.3657892
6.05,0.6342108,0.3657892
6.051,0.6342108,0.3657892
6.052,0.6342108,0.3657892
6.053,0.6342108,0.3657892
6.054,0.6342108,0.3657892
6.055,0.6342108,0.3657892
6.056,0.6342108,0.3657892
6.057,0.6342108,0.3657892
6.058,0.6342108,0.3657892
6.059,0.6342108,0.3657892
6.06,0.6342108,0.3657892
6.061,0.6342108,0.3657892
6.062,0.6342108,0.3657892
6.063,0.6342108,0.3657892
6.064,0.6342108,0.3657892
6.065,0.6342108,0.3657892
6.066,0.6342108,0.3657892
6.067,0.6342108,0.3657892
6.068,0.6342108,0.3657892
6.069,0.6342108,0.3657892
6.07,0.6342108,0.3657892
6.071,0.6342108,0.3657892
6.072,0.6342108,0.3657892
6.073,0.6342108,0.3657892
6.074,0.6342108,0.3657892
6.075,0.6342108,0.3657892
6.076,0.6342108,0.3657892
6.077,0.6342108,0.3657892
6.078,0.6342108,0.3657892
6.079,0.6342108,0.3657892
6.08,0.6342108,0.3657892
6.081,0.6342108,0.3657892
6.082,0.6342108,0.3657892
6.083,0.6342108,0.3657892
6.084,0.6342108,0.3657892
6.085,0.6342108,0.3657892
6.086,0.6342108,0.3657892
6.087,0.6342108,0.3657892
6.088,0.6342108,0.3657892
6.089,0.6342108,0.3657892
6.09,0.6342108,0.3657892
6.091,0.6342108,0.3657892
6.092,0.6342108,0.3657892
6.093,0.6342108,0.3657892
6.094,0.6342108,0.3657892
6.095,0.6342108,0.3657892
6.096,0.6342108,0.3657892
6.097,0.6342108,0.3657892
6.098,0.6342108,0.3657892
6.099,0.6342108,0.3657892
6.1,0.6342108,0.3657892
6.101,0.6342108,0.3657892
6.102,0.6342108,0.3657892
6.103,0.6342108,0.3657892
6.104,0.6342108,0.3657892
6.105,0.6342108,0.3657892
6.106,0.6342108,0.3657892
6.107,0.6342108,0.3657892
6.108,0.6342108,0.3657892
6.109,0.6342108,0.3657892
6.11,0.6342108,0.3657892
6.111,0.6342108,0.3657892
6.112,0.6342108,0.3657892
6.113,0.6342108,0.3657892
6.114,0.6342108,0.3657892
6.115,0.6342108,0.3657892
6.116,0.6342108,0.3657892
6.117,0.6342108,0.3657892
6.118,0.6342108,0.3657892
6.119,0.6342108,0.3657892
6.12,0.6342108,0.3657892
6.121,0.6342108,0.3657892
6.122,0.6342108,0.3657892
6.123,0.6342108,0.3657892
6.124,0.6342108,0.3657892
6.125,0.6342108,0.3657892
6.126,0.6342108,0.3657892
6.127,0.6342108,0.3657892
6.128,0.6342108,0.3657892
6.129,0.6342108,0.3657892
6.13,0.6342108,0.3657892
6.131,0.6342108,0.3657892
6.132,0.6342108,0.3657892
6.133,0.6342108,0.3657892
6.134,0.6342108,0.3657892
6.135,0.6342108,0.3657892
6.136,0.6342108,0.3657892
6.137,0.6342108,0.3657892
6.138,0.6342108,0.3657892
6.139,0.6342108,0.3657892
6.14,0.6342108,0.3657892
6.141,0.6342108,0.3657892
6.142,0.6342108,0.3657892
6.143,0.6342108,0.3657892
6.144,0.6342108,0.3657892
6.145,0.6342108,0.3657892
6.146,0.6342108,0.3657892
6.147,0.6342108,0.3657892
6.148,0.6342108,0.3657892
6.149,0.6342108,0.3657892
6.15,0.6342108,0.3657892
6.151,0.6342108,0.3657892
6.152,0.6342108,0.3657892
6.153,0.6342108,0.3657892
6.154,0.6342108,0.3657892
6.155,0.6342108,0.3657892
6.156,0.6342108,0.3657892
6.157,0.6342108,0.3657892
6.158,0.6342108,0.3657892
6.159,0.6342108,0.3657892
6.16,0.6342108,0.3657892
6.161,0.6342108,0.3657892
6.162,0.6342108,0.3657892
6.163,0.6342108,0.3657892
6.164,0.6342108,0.3657892
6.165,0.6342108,0.3657892
6.166,0.6342108,0.3657892
6.167,0.6342108,0.3657892
6.168,0.6342108,0.3657892
6.169,0.6342108,0.3657892
6.17,0.6342108,0.3657892
6.171,0.6342108,0.3657892
6.172,0.6342108,0.3657892
6.173,0.6342108,0.3657892
6.174,0.6342108,0.3657892
6.175,0.6342108,0.3657892
6.176,0.6342108,0.3657892
6.177,0.6342108,0.3657892
6.178,0.6342108,0.3657892
6.179,0.6342108,0.3657892
6.18,0.6342108,0.3657892
6.181,0.6342108,0.3657892
6.182,0.6342108,0.3657892
6.183,0.6342108,0.3657892
6.184,0.6342108,0.3657892
6.185,0.6342108,0.3657892
6.186,0.6342108,0.3657892
6.187,0.6342108,0.3657892
6.188,0.6342108,0.3657892
6.189,0.6342108,0.3657892
6.19,0.6342108,0.3657892
6.191,0.6342108,0.3657892
6.192,0.6342108,0.3657892
6.193,0.6342108,0.3657892
6.194,0.6342108,0.3657892
6.195,0.6342108,0.3657892
6.196,0.6342108,0.3657892
6.197,0.6342108,0.3657892
6.198,0.6342108,0.3657892
6.199,0.6342108,0.3657892
6.2,0.6342108,0.3657892
6.201,0.6342108,0.3657892
6.202,0.6342108,0.3657892
6.203,0.6342108,0.3657892
6.204,0.6342108,0.3657892
6.205,0.6342108,0.3657892
6.206,0.6342108,0.3657892
6.207,0.6342108,0.3657892
6.208,0.6342108,0.3657892
6.209,0.6342108,0.3657892
6.21,0.6342108,0.3657892
6.211,0.6342108,0.3657892
6.212,0.6342108,0.3657892
6.213,0.6342108,0.3657892
6.214,0.6342108,0.3657892
6.215,0.6342108,0.3657892
6.216,0.6342108,0.3657892
6.217,0.6342108,0.3657892
6.218,0.6342108,0.3657892
6.219,0.6342108,0.3657892
6.22,0.6342108,0.3657892
6.221,0.6342108,0.3657892
6.222,0.6342108,0.3657892
6.223,0.6342108,0.3657892
6.224,0.6342108,0.3657892
6.225,0.6342108,0.3657892
6.226,0.6342108,0.3657892
6.227,0.6342108,0.3657892
6.228,0.6342108,0.3657892
6.229,0.6342108,0.3657892
6.23,0.6342108,0.3657892
6.231,0.6342108,0.3657892
6.232,0.6342108,0.3657892
6.233,0.6342108,0.3657892
6.234,0.6342108,0.3657892
6.235,0.6342108,0.3657892
6.236,0.6342108,0.3657892
6.237,0.6342108,0.3657892
6.238,0.6342108,0.3657892
6.239,0.6342108,0.3657892
6.24,0.6342108,0.3657892
6.241,0.6342108,0.3657892
6.242,0.6342108,0.3657892
6.243,0.6342108,0.3657892
6.244,0.6342108,0.3657892
6.245,0.6342108,0.3657892
6.246,0.6342108,0.3657892
6.247,0.6342108,0.3657892
6.248,0.6342108,0.3657892
6.249,0.6342108,0.3657892
6.25,0.6342108,0.3657892
6.251,0.6342108,0.3657892
6.252,0.6342108,0.3657892
6.253,0.6342108,0.3657892
6.254,0.6342108,0.3657892
6.255,0.6342108,0.3657892
6.256,0.6342108,0.3657892
6.257,0.6342108,0.3657892
6.258,0.6342108,0.3657892
6.259,0.6342108,0.3657892
6.26,0.6342108,0.3657892
6.261,0.6342108,0.3657892
6.262,0.6342108,0.3657892
6.263,0.6342108,0.3657892
6.264,0.6342108,0.3657892
6.265,0.6342108,0.3657892
6.266,0.6342108,0.3657892
6.267,0.6342108,0.3657892
6.268,0.6342108,0.3657892
6.269,0.6342108,0.3657892
6.27,0.6342108,0.3657892
6.271,0.6342108,0.3657892
6.272,0.6342108,0.3657892
6.273,0.6342108,0.3657892
6.274,0.6342108,0.3657892
6.275,0.6342108,0.3657892
6.276,0.6342108,0.3657892
6.277,0.6342108,0.3657892
6.278,0.6342108,0.3657892
6.279,0.6342108,0.3657892
6.28,0.6342108,0.3657892
6.281,0.6342108,0.3657892
6.282,0.6342108,0.3657892
6.283,0.6342108,0.3657892
6.284,0.6342108,0.3657892
6.285,0.6342108,0.3657892
6.286,0.6342108,0.3657892
6.287,0.6342108,0.3657892
6.288,0.6342108,0.3657892
6.289,0.6342108,0.3657892
6.29,0.6342108,0.3657892
6.291,0.6342108,0.3657892
6.292,0.6342108,0.3657892
6.293,0.6342108,0.3657892
6.294,0.6342108,0.3657892
6.295,0.6342108,0.3657892
6.296,0.6342108,0.3657892
6.297,0.6342108,0.3657892
6.298,0.6342108,0.3657892
6.299,0.6342108,0.3657892
6.3,0.6342108,0.3657892
6.301,0.6342108,0.3657892
6.302,0.6342108,0.3657892
6.303,0.6342108,0.3657892
6.304,0.6342108,0.3657892
6.305,0.6342108,0.3657892
6.306,0.6342108,0.3657892
6.307,0.6342108,0.3657892
6.308,0.6342108,0.3657892
6.309,0.6342108,0.3657892
6.31,0.6342108,0.3657892
6.311,0.6342108,0.3657892
6.312,0.6342108,0.3657892
6.313,0.6342108,0.3657892
6.314,0.6342108,0.3657892
6.315,0.6342108,0.3657892
6.316,0.6342108,0.3657892
6.317,0.6342108,0.3657892
6.318,0.6342108,0.3657892
6.319,0.6342108,0.3657892
6.32,0.6342108,0.3657892
6.321,0.6342108,0.3657892
6.322,0.6342108,0.3657892
6.323,0.6342108,0.3657892
6.324,0.6342108,0.3657892
6.325,0.6342108,0.3657892
6.326,0.6342108,0.3657892
6.327,0.6342108,0.3657892
6.328,0.6342108,0.3657892
6.329,0.6342108,0.3657892
6.33,0.6342108,0.3657892
6.331,0.6342108,0.3657892
6.332,0.6342108,0.3657892
6.333,0.6342108,0.3657892
6.334,0.6342108,0.3657892
6.335,0.6342108,0.3657892
6.336,0.6342108,0.3657892
6.337,0.6342108,0.3657892
6.338,0.6342108,0.3657892
6.339,0.6342108,0.3657892
6.34,0.6342108,0.3657892
6.341,0.6342108,0.3657892
6.342,0.6342108,0.3657892
6.343,0.6342108,0.3657892
6.344,0.6342108,0.3657892
6.345,0.6342108,0.3657892
6.346,0.6342108,0.3657892
6.347,0.6342108,0.3657892
6.348,0.6342108,0.3657892
6.349,0.6342108,0.3657892
6.35,0.6342108,0.3657892
6.351,0.6342108,0.3657892
6.352,0.6342108,0.3657892
6.353,0.6342108,0.3657892
6.354,0.6342108,0.3657892
6.355,0.6342108,0.3657892
6.356,0.6342108,0.3657892
6.357,0.6342108,0.3657892
6.358,0.6342108,0.3657892
6.359,0.6342108,0.3657892
6.36,0.6342108,0.3657892
6.361,0.6342108,0.3657892
6.362,0.6342108,0.3657892
6.363,0.6342108,0.3657892
6.364,0.6342108,0.3657892
6.365,0.6342108,0.3657892
6.366,0.6342108,0.3657892
6.367,0.6342108,0.3657892
6.368,0.6342108,0.3657892
6.369,0.6342108,0.3657892
6.37,0.6342108,0.3657892
6.371,0.6342108,0.3657892
6.372,0.6342108,0.3657892
6.373,0.6342108,0.3657892
6.374,0.6342108,0.3657892
6.375,0.6342108,0.3657892
6.376,0.6342108,0.3657892
6.377,0.6342108,0.3657892
6.378,0.6342108,0.3657892
6.379,0.6342108,0.3657892
6.38,0.6342108,0.3657892
6.381,0.6342108,0.3657892
6.382,0.6342108,0.3657892
6.383,0.6342108,0.3657892
6.384,0.6342108,0.3657892
6.385,0.6342108,0.3657892
6.386,0.6342108,0.3657892
6.387,0.6342108,0.3657892
6.388,0.6342108,0.3657892
6.389,0.6342108,0.3657892
6.39,0.6342108,0.3657892
6.391,0.6342108,0.3657892
6.392,0.6342108,0.3657892
6.393,0.6342108,0.3657892
6.394,0.6342108,0.3657892
6.395,0.6342108,0.3657892
6.396,0.6342108,0.3657892
6.397,0.6342108,0.3657892
6.398,0.6342108,0.3657892
6.399,0.6342108,0.3657892
6.4,0.6342108,0.3657892
6.401,0.6342108,0.3657892
6.402,0.6342108,0.3657892
6.403,0.6342108,0.3657892
6.404,0.6342108,0.3657892
6.405,0.6342108,0.3657892
6.406,0.6342108,0.3657892
6.407,0.6342108,0.3657892
6.408,0.6342108,0.3657892
6.409,0.6342108,0.3657892
6.41,0.6342108,0.3657892
6.411,0.6342108,0.3657892
6.412,0.6342108,0.3657892
6.413,0.6342108,0.3657892
6.414,0.6342108,0.3657892
6.415,0.6342108,0.3657892
6.416,0.6342108,0.3657892
6.417,0.6342108,0.3657892
6.418,0.6342108,0.3657892
6.419,0.6342108,0.3657892
6.42,0.6342108,0.3657892
6.421,0.6342108,0.3657892
6.422,0.6342108,0.3657892
6.423,0.6342108,0.3657892
6.424,0.6342108,0.3657892
6.425,0.6342108,0.3657892
6.426,0.6342108,0.3657892
6.427,0.6342108,0.3657892
6.428,0.6342108,0.3657892
6.429,0.6342108,0.3657892
6.43,0.6342108,0.3657892
6.431,0.6342108,0.3657892
6.432,0.6342108,0.3657892
6.433,0.6342108,0.3657892
6.434,0.6342108,0.3657892
6.435,0.6342108,0.3657892
6.436,0.6342108,0.3657892
6.437,0.6342108,0.3657892
6.438,0.6342108,0.3657892
6.439,0.6342108,0.3657892
6.44,0.6342108,0.3657892
6.441,0.6342108,0.3657892
6.442,0.6342108,0.3657892
6.443,0.6342108,0.3657892
6.444,0.6342108,0.3657892
6.445,0.6342108,0.3657892
6.446,0.6342108,0.3657892
6.447,0.6342108,0.3657892
6.448,0.6342108,0.3657892
6.449,0.6342108,0.3657892
6.45,0.6342108,0.3657892
6.451,0.6342108,0.3657892
6.452,0.6342108,0.3657892
6.453,0.6342108,0.3657892
6.454,0.6342108,0.3657892
6.455,0.6342108,0.3657892
6.456,0.6342108,0.3657892
6.457,0.6342108,0.3657892
6.458,0.6342108,0.3657892
6.459,0.6342108,0.3657892
6.46,0.6342108,0.3657892
6.461,0.6342108,0.3657892
6.462,0.6342108,0.3657892
6.463,0.6342108,0.3657892
6.464,0.6342108,0.3657892
6.465,0.6342108,0.3657892
6.466,0.6342108,0.3657892
6.467,0.6342108,0.3657892
6.468,0.6342108,0.3657892
6.469,0.6342108,0.3657892
6.47,0.6342108,0.3657892
6.471,0.6342108,0.3657892
6.472,0.6342108,0.3657892
6.473,0.6342108,0.3657892
6.474,0.6342108,0.3657892
6.475,0.6342108,0.3657892
6.476,0.6342108,0.3657892
6.477,0.6342108,0.3657892
6.478,0.6342108,0.3657892
6.479,0.6342108,0.3657892
6.48,0.6342108,0.3657892
6.481,0.6342108,0.3657892
6.482,0.6342108,0.3657892
6.483,0.6342108,0.3657892
6.484,0.6342108,0.3657892
6.485,0.6342108,0.3657892
6.486,0.6342108,0.3657892
6.487,0.6342108,0.3657892
6.488,0.6342108,0.3657892
6.489,0.6342108,0.3657892
6.49,0.6342108,0.3657892
6.491,0.6342108,0.3657892
6.492,0.6342108,0.3657892
6.493,0.6342108,0.3657892
6.494,0.6342108,0.3657892
6.495,0.6342108,0.3657892
6.496,0.6342108,0.3657892
6.497,0.6342108,0.3657892
6.498,0.6342108,0.3657892
6.499,0.6342108,0.3657892
6.5,0.6342108,0.3657892
6.501,0.6342108,0.3657892
6.502,0.6342108,0.3657892
6.503,0.6342108,0.3657892
6.504,0.6342108,0.3657892
6.505,0.6342108,0.3657892
6.506,0.6342108,0.3657892
6.507,0.6342108,0.3657892
6.508,0.6342108,0.3657892
6.509,0.6342108,0.3657892
6.51,0.6342108,0.3657892
6.511,0.6342108,0.3657892
6.512,0.6342108,0.3657892
6.513,0.6342108,0.3657892
6.514,0.6342108,0.3657892
6.515,0.6342108,0.3657892
6.516,0.6342108,0.3657892
6.517,0.6342108,0.3657892
6.518,0.6342108,0.3657892
6.519,0.6342108,0.3657892
6.52,0.6342108,0.3657892
6.521,0.6342108,0.3657892
6.522,0.6342108,0.3657892
6.523,0.6342108,0.3657892
6.524,0.6342108,0.3657892
6.525,0.6342108,0.3657892
6.526,0.6342108,0.3657892
6.527,0.6342108,0.3657892
6.528,0.6342108,0.3657892
6.529,0.6342108,0.3657892
6.53,0.6342108,0.3657892
6.531,0.6342108,0.3657892
6.532,0.6342108,0.3657892
6.533,0.6342108,0.3657892
6.534,0.6342108,0.3657892
6.535,0.6342108,0.3657892
6.536,0.6342108,0.3657892
6.537,0.6342108,0.3657892
6.538,0.6342108,0.3657892
6.539,0.6342108,0.3657892
6.54,0.6342108,0.3657892
6.541,0.6342108,0.3657892
6.542,0.6342108,0.3657892
6.543,0.6342108,0.3657892
6.544,0.6342108,0.3657892
6.545,0.6342108,0.3657892
6.546,0.6342108,0.3657892
6.547,0.6342108,0.3657892
6.548,0.6342108,0.3657892
6.549,0.6342108,0.3657892
6.55,0.6342108,0.3657892
6.551,0.6342108,0.3657892
6.552,0.6342108,0.3657892
6.553,0.6342108,0.3657892
6.554,0.6342108,0.3657892
6.555,0.6342108,0.3657892
6.556,0.6342108,0.3657892
6.557,0.6342108,0.3657892
6.558,0.6342108,0.3657892
6.559,0.6342108,0.3657892
6.56,0.6342108,0.3657892
6.561,0.6342108,0.3657892
6.562,0.6342108,0.3657892
6.563,0.6342108,0.3657892
6.564,0.6342108,0.3657892
6.565,0.6342108,0.3657892
6.566,0.6342108,0.3657892
6.567,0.6342108,0.3657892
6.568,0.6342108,0.3657892
6.569,0.6342108,0.3657892
6.57,0.6342108,0.3657892
6.571,0.6342108,0.3657892
6.572,0.6342108,0.3657892
6.573,0.6342108,0.3657892
6.574,0.6342108,0.3657892
6.575,0.6342108,0.3657892
6.576,0.6342108,0.3657892
6.577,0.6342108,0.3657892
6.578,0.6342108,0.3657892
6.579,0.6342108,0.3657892
6.58,0.6342108,0.3657892
6.581,0.6342108,0.3657892
6.582,0.6342108,0.3657892
6.583,0.6342108,0.3657892
6.584,0.6342108,0.3657892
6.585,0.6342108,0.3657892
6.586,0.6342108,0.3657892
6.587,0.6342108,0.3657892
6.588,0.6342108,0.3657892
6.589,0.6342108,0.3657892
6.59,0.6342108,0.3657892
6.591,0.6342108,0.3657892
6.592,0.6342108,0.3657892
6.593,0.6342108,0.3657892
6.594,0.6342108,0.3657892
6.595,0.6342108,0.3657892
6.596,0.6342108,0.3657892
6.597,0.6342108,0.3657892
6.598,0.6342108,0.3657892
6.599,0.6342108,0.3657892
6.6,0.6342108,0.3657892
6.601,0.6342108,0.3657892
6.602,0.6342108,0.3657892
6.603,0.6342108,0.3657892
6.604,0.6342108,0.3657892
6.605,0.6342108,0.3657892
6.606,0.6342108,0.3657892
6.607,0.6342108,0.3657892
6.608,0.6342108,0.3657892
6.609,0.6342108,0.3657892
6.61,0.6342108,0.3657892
6.611,0.6342108,0.3657892
6.612,0.6342108,0.3657892
6.613,0.6342108,0.3657892
6.614,0.6342108,0.3657892
6.615,0.6342108,0.3657892
6.616,0.6342108,0.3657892
6.617,0.6342108,0.3657892
6.618,0.6342108,0.3657892
6.619,0.6342108,0.3657892
6.62,0.6342108,0.3657892
6.621,0.6342108,0.3657892
6.622,0.6342108,0.3657892
6.623,0.6342108,0.3657892
6.624,0.6342108,0.3657892
6.625,0.6342108,0.3657892
6.626,0.6342108,0.3657892
6.627,0.6342108,0.3657892
6.628,0.6342108,0.3657892
6.629,0.6342108,0.3657892
6.63,0.6342108,0.3657892
6.631,0.6342108,0.3657892
6.632,0.6342108,0.3657892
6.633,0.6342108,0.3657892
6.634,0.6342108,0.3657892
6.635,0.6342108,0.3657892
6.636,0.6342108,0.3657892
6.637,0.6342108,0.3657892
6.638,0.6342108,0.3657892
6.639,0.6342108,0.3657892
6.64,0.6342108,0.3657892
6.641,0.6342108,0.3657892
6.642,0.6342108,0.3657892
6.643,0.6342108,0.3657892
6.644,0.6342108,0.3657892
6.645,0.6342108,0.3657892
6.646,0.6342108,0.3657892
6.647,0.6342108,0.3657892
6.648,0.6342108,0.3657892
6.649,0.6342108,0.3657892
6.65,0.6342108,0.3657892
6.651,0.6342108,0.3657892
6.652,0.6342108,0.3657892
6.653,0.6342108,0.3657892
6.654,0.6342108,0.3657892
6.655,0.6342108,0.3657892
6.656,0.6342108,0.3657892
6.657,0.6342108,0.3657892
6.658,0.6342108,0.3657892
6.659,0.6342108,0.3657892
6.66,0.6342108,0.3657892
6.661,0.6342108,0.3657892
6.662,0.6342108,0.3657892
6.663,0.6342108,0.3657892
6.664,0.6342108,0.3657892
6.665,0.6342108,0.3657892
6.666,0.6342108,0.3657892
6.667,0.6342108,0.3657892
6.668,0.6342108,0.3657892
6.669,0.6342108,0.3657892
6.67,0.6342108,0.3657892
6.671,0.6342108,0.3657892
6.672,0.6342108,0.3657892
6.673,0.6342108,0.3657892
6.674,0.6342108,0.3657892
6.675,0.6342108,0.3657892
6.676,0.6342108,0.3657892
6.677,0.6342108,0.3657892
6.678,0.6342108,0.3657892
6.679,0.6342108,0.3657892
6.68,0.6342108,0.3657892
6.681,0.6342108,0.3657892
6.682,0.6342108,0.3657892
6.683,0.6342108,0.3657892
6.684,0.6342108,0.3657892
6.685,0.6342108,0.3657892
6.686,0.6342108,0.3657892
6.687,0.6342108,0.3657892
6.688,0.6342108,0.3657892
6.689,0.6342108,0.3657892
6.69,0.6342108,0.3657892
6.691,0.6342108,0.3657892
6.692,0.6342108,0.3657892
6.693,0.6342108,0.3657892
6.694,0.6342108,0.3657892
6.695,0.6342108,0.3657892
6.696,0.6342108,0.3657892
6.697,0.6342108,0.3657892
6.698,0.6342108,0.3657892
6.699,0.6342108,0.3657892
6.7,0.6342108,0.3657892
6.701,0.6342108,0.3657892
6.702,0.6342108,0.3657892
6.703,0.6342108,0.3657892
6.704,0.6342108,0.3657892
6.705,0.6342108,0.3657892
6.706,0.6342108,0.3657892
6.707,0.6342108,0.3657892
6.708,0.6342108,0.3657892
6.709,0.6342108,0.3657892
6.71,0.6342108,0.3657892
6.711,0.6342108,0.3657892
6.712,0.6342108,0.3657892
6.713,0.6342108,0.3657892
6.714,0.6342108,0.3657892
6.715,0.6342108,0.3657892
6.716,0.6342108,0.3657892
6.717,0.6342108,0.3657892
6.718,0.6342108,0.3657892
6.719,0.6342108,0.3657892
6.72,0.6342108,0.3657892
6.721,0.6342108,0.3657892
6.722,0.6342108,0.3657892
6.723,0.6342108,0.3657892
6.724,0.6342108,0.3657892
6.725,0.6342108,0.3657892
6.726,0.6342108,0.3657892
6.727,0.6342108,0.3657892
6.728,0.6342108,0.3657892
6.729,0.6342108,0.3657892
6.73,0.6342108,0.3657892
6.731,0.6342108,0.3657892
6.732,0.6342108,0.3657892
6.733,0.6342108,0.3657892
6.734,0.6342108,0.3657892
6.735,0.6342108,0.3657892
6.736,0.6342108,0.3657892
6.737,0.6342108,0.3657892
6.738,0.6342108,0.3657892
6.739,0.6342108,0.3657892
6.74,0.6342108,0.3657892
6.741,0.6342108,0.3657892
6.742,0.6342108,0.3657892
6.743,0.6342108,0.3657892
6.744,0.6342108,0.3657892
6.745,0.6342108,0.3657892
6.746,0.6342108,0.3657892
6.747,0.6342108,0.3657892
6.748,0.6342108,0.3657892
6.749,0.6342108,0.3657892
6.75,0.6342108,0.3657892
6.751,0.6342108,0.3657892
6.752,0.6342108,0.3657892
6.753,0.6342108,0.3657892
6.754,0.6342108,0.3657892
6.755,0.6342108,0.3657892
6.756,0.6342108,0.3657892
6.757,0.6342108,0.3657892
6.758,0.6342108,0.3657892
6.759,0.6342108,0.3657892
6.76,0.6342108,0.3657892
6.761,0.6342108,0.3657892
6.762,0.6342108,0.3657892
6.763,0.6342108,0.3657892
6.764,0.6342108,0.3657892
6.765,0.6342108,0.3657892
6.766,0.6342108,0.3657892
6.767,0.6342108,0.3657892
6.768,0.6342108,0.3657892
6.769,0.6342108,0.3657892
6.77,0.6342108,0.3657892
6.771,0.6342108,0.3657892
6.772,0.6342108,0.3657892
6.773,0.6342108,0.3657892
6.774,0.6342108,0.3657892
6.775,0.6342108,0.3657892
6.776,0.6342108,0.3657892
6.777,0.6342108,0.3657892
6.778,0.6342108,0.3657892
6.779,0.6342108,0.3657892
6.78,0.6342108,0.3657892
6.781,0.6342108,0.3657892
6.782,0.6342108,0.3657892
6.783,0.6342108,0.3657892
6.784,0.6342108,0.3657892
6.785,0.6342108,0.3657892
6.786,0.6342108,0.3657892
6.787,0.6342108,0.3657892
6.788,0.6342108,0.3657892
6.789,0.6342108,0.3657892
6.79,0.6342108,0.3657892
6.791,0.6342108,0.3657892
6.792,0.6342108,0.3657892
6.793,0.6342108,0.3657892
6.794,0.6342108,0.3657892
6.795,0.6342108,0.3657892
6.796,0.6342108,0.3657892
6.797,0.6342108,0.3657892
6.798,0.6342108,0.3657892
6.799,0.6342108,0.3657892
6.8,0.6342108,0.3657892
6.801,0.6342108,0.3657892
6.802,0.6342108,0.3657892
6.803,0.6342108,0.3657892
6.804,0.6342108,0.3657892
6.805,0.6342108,0.3657892
6.806,0.6342108,0.3657892
6.807,0.6342108,0.3657892
6.808,0.6342108,0.3657892
6.809,0.6342108,0.3657892
6.81,0.6342108,0.3657892
6.811,0.6342108,0.3657892
6.812,0.6342108,0.3657892
6.813,0.6342108,0.3657892
6.814,0.6342108,0.3657892
6.815,0.6342108,0.3657892
6.816,0.6342108,0.3657892
6.817,0.6342108,0.3657892
6.818,0.6342108,0.3657892
6.819,0.6342108,0.3657892
6.82,0.6342108,0.3657892
6.821,0.6342108,0.3657892
6.822,0.6342108,0.3657892
6.823,0.6342108,0.3657892
6.824,0.6342108,0.3657892
6.825,0.6342108,0.3657892
6.826,0.6342108,0.3657892
6.827,0.6342108,0.3657892
6.828,0.6342108,0.3657892
6.829,0.6342108,0.3657892
6.83,0.6342108,0.3657892
6.831,0.6342108,0.3657892
6.832,0.6342108,0.3657892
6.833,0.6342108,0.3657892
6.834,0.6342108,0.3657892
6.835,0.6342108,0.3657892
6.836,0.6342108,0.3657892
6.837,0.6342108,0.3657892
6.838,0.6342108,0.3657892
6.839,0.6342108,0.3657892
6.84,0.6342108,0.3657892
6.841,0.6342108,0.3657892
6.842,0.6342108,0.3657892
6.843,0.6342108,0.3657892
6.844,0.6342108,0.3657892
6.845,0.6342108,0.3657892
6.846,0.6342108,0.3657892
6.847,0.6342108,0.3657892
6.848,0.6342108,0.3657892
6.849,0.6342108,0.3657892
6.85,0.6342108,0.3657892
6.851,0.6342108,0.3657892
6.852,0.6342108,0.3657892
6.853,0.6342108,0.3657892
6.854,0.6342108,0.3657892
6.855,0.6342108,0.3657892
6.856,0.6342108,0.3657892
6.857,0.6342108,0.3657892
6.858,0.6342108,0.3657892
6.859,0.6342108,0.3657892
6.86,0.6342108,0.3657892
6.861,0.6342108,0.3657892
6.862,0.6342108,0.3657892
6.863,0.6342108,0.3657892
6.864,0.6342108,0.3657892
6.865,0.6342108,0.3657892
6.866,0.6342108,0.3657892
6.867,0.6342108,0.3657892
6.868,0.6342108,0.3657892
6.869,0.6342108,0.3657892
6.87,0.6342108,0.3657892
6.871,0.6342108,0.3657892
6.872,0.6342108,0.3657892
6.873,0.6342108,0.3657892
6.874,0.6342108,0.3657892
6.875,0.6342108,0.3657892
6.876,0.6342108,0.3657892
6.877,0.6342108,0.3657892
6.878,0.6342108,0.3657892
6.879,0.6342108,0.3657892
6.88,0.6342108,0.3657892
6.881,0.6342108,0.3657892
6.882,0.6342108,0.3657892
6.883,0.6342108,0.3657892
6.884,0.6342108,0.3657892
6.885,0.6342108,0.3657892
6.886,0.6342108,0.3657892
6.887,0.6342108,0.3657892
6.888,0.6342108,0.3657892
6.889,0.6342108,0.3657892
6.89,0.6342108,0.3657892
6.891,0.6342108,0.3657892
6.892,0.6342108,0.3657892
6.893,0.6342108,0.3657892
6.894,0.6342108,0.3657892
6.895,0.6342108,0.3657892
6.896,0.6342108,0.3657892
6.897,0.6342108,0.3657892
6.898,0.6342108,0.3657892
6.899,0.6342108,0.3657892
6.9,0.6342108,0.3657892
6.901,0.6342108,0.3657892
6.902,0.6342108,0.3657892
6.903,0.6342108,0.3657892
6.904,0.6342108,0.3657892
6.905,0.6342108,0.3657892
6.906,0.6342108,0.3657892
6.907,0.6342108,0.3657892
6.908,0.6342108,0.3657892
6.909,0.6342108,0.3657892
6.91,0.6342108,0.3657892
6.911,0.6342108,0.3657892
6.912,0.6342108,0.3657892
6.913,0.6342108,0.3657892
6.914,0.6342108,0.3657892
6.915,0.6342108,0.3657892
6.916,0.6342108,0.3657892
6.917,0.6342108,0.3657892
6.918,0.6342108,0.3657892
6.919,0.6342108,0.3657892
6.92,0.6342108,0.3657892
6.921,0.6342108,0.3657892
6.922,0.6342108,0.3657892
6.923,0.6342108,0.3657892
6.924,0.6342108,0.3657892
6.925,0.6342108,0.3657892
6.926,0.6342108,0.3657892
6.927,0.6342108,0.3657892
6.928,0.6342108,0.3657892
6.929,0.6342108,0.3657892
6.93,0.6342108,0.3657892
6.931,0.6342108,0.3657892
6.932,0.6342108,0.3657892
6.933,0.6342108,0.3657892
6.934,0.6342108,0.3657892
6.935,0.6342108,0.3657892
6.936,0.6342108,0.3657892
6.937,0.6342108,0.3657892
6.938,0.6342108,0.3657892
6.939,0.6342108,0.3657892
6.94,0.6342108,0.3657892
6.941,0.6342108,0.3657892
6.942,0.6342108,0.3657892
6.943,0.6342108,0.3657892
6.944,0.6342108,0.3657892
6.945,0.6342108,0.3657892
6.946,0.6342108,0.3657892
6.947,0.6342108,0.3657892
6.948,0.6342108,0.3657892
6.949,0.6342108,0.3657892
6.95,0.6342108,0.3657892
6.951,0.6342108,0.3657892
6.952,0.6342108,0.3657892
6.953,0.6342108,0.3657892
6.954,0.6342108,0.3657892
6.955,0.6342108,0.3657892
6.956,0.6342108,0.3657892
6.957,0.6342108,0.3657892
6.958,0.6342108,0.3657892
6.959,0.6342108,0.3657892
6.96,0.6342108,0.3657892
6.961,0.6342108,0.3657892
6.962,0.6342108,0.3657892
6.963,0.6342108,0.3657892
6.964,0.6342108,0.3657892
6.965,0.6342108,0.3657892
6.966,0.6342108,0.3657892
6.967,0.6342108,0.3657892
6.968,0.6342108,0.3657892
6.969,0.6342108,0.3657892
6.97,0.6342108,0.3657892
6.971,0.6342108,0.3657892
6.972,0.6342108,0.3657892
6.973,0.6342108,0.3657892
6.974,0.6342108,0.3657892
6.975,0.6342108,0.3657892
6.976,0.6342108,0.3657892
6.977,0.6342108,0.3657892
6.978,0.6342108,0.3657892
6.979,0.6342108,0.3657892
6.98,0.6342108,0.3657892
6.981,0.6342108,0.3657892
6.982,0.6342108,0.3657892
6.983,0.6342108,0.3657892
6.984,0.6342108,0.3657892
6.985,0.6342108,0.3657892
6.986,0.6342108,0.3657892
6.987,0.6342108,0.3657892
6.988,0.6342108,0.3657892
6.989,0.6342108,0.3657892
6.99,0.6342108,0.3657892
6.991,0.6342108,0.3657892
6.992,0.6342108,0.3657892
6.993,0.6342108,0.3657892
6.994,0.6342108,0.3657892
6.995,0.6342108,0.3657892
6.996,0.6342108,0.3657892
6.997,0.6342108,0.3657892
6.998,0.6342108,0.3657892
6.999,0.6342108,0.3657892
7.0,0.6342108,0.3657892
7.001,0.6342108,0.3657892
7.002,0.6342108,0.3657892
7.003,0.6342108,0.3657892
7.004,0.6342108,0.3657892
7.005,0.6342108,0.3657892
7.006,0.6342108,0.3657892
7.007,0.6342108,0.3657892
7.008,0.6342108,0.3657892
7.009,0.6342108,0.3657892
7.01,0.6342108,0.3657892
7.011,0.6342108,0.3657892
7.012,0.6342108,0.3657892
7.013,0.6342108,0.3657892
7.014,0.6342108,0.3657892
7.015,0.6342108,0.3657892
7.016,0.6342108,0.3657892
7.017,0.6342108,0.3657892
7.018,0.6342108,0.3657892
7.019,0.6342108,0.3657892
7.02,0.6342108,0.3657892
7.021,0.6342108,0.3657892
7.022,0.6342108,0.3657892
7.023,0.6342108,0.3657892
7.024,0.6342108,0.3657892
7.025,0.6342108,0.3657892
7.026,0.6342108,0.3657892
7.027,0.6342108,0.3657892
7.028,0.6342108,0.3657892
7.029,0.6342108,0.3657892
7.03,0.6342108,0.3657892
7.031,0.6342108,0.3657892
7.032,0.6342108,0.3657892
7.033,0.6342108,0.3657892
7.034,0.6342108,0.3657892
7.035,0.6342108,0.3657892
7.036,0.6342108,0.3657892
7.037,0.6342108,0.3657892
7.038,0.6342108,0.3657892
7.039,0.6342108,0.3657892
7.04,0.6342108,0.3657892
7.041,0.6342108,0.3657892
7.042,0.6342108,0.3657892
7.043,0.6342108,0.3657892
7.044,0.6342108,0.3657892
7.045,0.6342108,0.3657892
7.046,0.6342108,0.3657892
7.047,0.6342108,0.3657892
7.048,0.6342108,0.3657892
7.049,0.6342108,0.3657892
7.05,0.6342108,0.3657892
7.051,0.6342108,0.3657892
7.052,0.6342108,0.3657892
7.053,0.6342108,0.3657892
7.054,0.6342108,0.3657892
7.055,0.6342108,0.3657892
7.056,0.6342108,0.3657892
7.057,0.6342108,0.3657892
7.058,0.6342108,0.3657892
7.059,0.6342108,0.3657892
7.06,0.6342108,0.3657892
7.061,0.6342108,0.3657892
7.062,0.6342108,0.3657892
7.063,0.6342108,0.3657892
7.064,0.6342108,0.3657892
7.065,0.6342108,0.3657892
7.066,0.6342108,0.3657892
7.067,0.6342108,0.3657892
7.068,0.6342108,0.3657892
7.069,0.6342108,0.3657892
7.07,0.6342108,0.3657892
7.071,0.6342108,0.3657892
7.072,0.6342108,0.3657892
7.073,0.6342108,0.3657892
7.074,0.6342108,0.3657892
7.075,0.6342108,0.3657892
7.076,0.6342108,0.3657892
7.077,0.6342108,0.3657892
7.078,0.6342108,0.3657892
7.079,0.6342108,0.3657892
7.08,0.6342108,0.3657892
7.081,0.6342108,0.3657892
7.082,0.6342108,0.3657892
7.083,0.6342108,0.3657892
7.084,0.6342108,0.3657892
7.085,0.6342108,0.3657892
7.086,0.6342108,0.3657892
7.087,0.6342108,0.3657892
7.088,0.6342108,0.3657892
7.089,0.6342108,0.3657892
7.09,0.6342108,0.3657892
7.091,0.6342108,0.3657892
7.092,0.6342108,0.3657892
7.093,0.6342108,0.3657892
7.094,0.6342108,0.3657892
7.095,0.6342108,0.3657892
7.096,0.6342108,0.3657892
7.097,0.6342108,0.3657892
7.098,0.6342108,0.3657892
7.099,0.6342108,0.3657892
7.1,0.6342108,0.3657892
7.101,0.6342108,0.3657892
7.102,0.6342108,0.3657892
7.103,0.6342108,0.3657892
7.104,0.6342108,0.3657892
7.105,0.6342108,0.3657892
7.106,0.6342108,0.3657892
7.107,0.6342108,0.3657892
7.108,0.6342108,0.3657892
7.109,0.6342108,0.3657892
7.11,0.6342108,0.3657892
7.111,0.6342108,0.3657892
7.112,0.6342108,0.3657892
7.113,0.6342108,0.3657892
7.114,0.6342108,0.3657892
7.115,0.6342108,0.3657892
7.116,0.6342108,0.3657892
7.117,0.6342108,0.3657892
7.118,0.6342108,0.3657892
7.119,0.6342108,0.3657892
7.12,0.6342108,0.3657892
7.121,0.6342108,0.3657892
7.122,0.6342108,0.3657892
7.123,0.6342108,0.3657892
7.124,0.6342108,0.3657892
7.125,0.6342108,0.3657892
7.126,0.6342108,0.3657892
7.127,0.6342108,0.3657892
7.128,0.6342108,0.3657892
7.129,0.6342108,0.3657892
7.13,0.6342108,0.3657892
7.131,0.6342108,0.3657892
7.132,0.6342108,0.3657892
7.133,0.6342108,0.3657892
7.134,0.6342108,0.3657892
7.135,0.6342108,0.3657892
7.136,0.6342108,0.3657892
7.137,0.6342108,0.3657892
7.138,0.6342108,0.3657892
7.139,0.6342108,0.3657892
7.14,0.6342108,0.3657892
7.141,0.6342108,0.3657892
7.142,0.6342108,0.3657892
7.143,0.6342108,0.3657892
7.144,0.6342108,0.3657892
7.145,0.6342108,0.3657892
7.146,0.6342108,0.3657892
7.147,0.6342108,0.3657892
7.148,0.6342108,0.3657892
7.149,0.6342108,0.3657892
7.15,0.6342108,0.3657892
7.151,0.6342108,0.3657892
7.152,0.6342108,0.3657892
7.153,0.6342108,0.3657892
7.154,0.6342108,0.3657892
7.155,0.6342108,0.3657892
7.156,0.6342108,0.3657892
7.157,0.6342108,0.3657892
7.158,0.6342108,0.3657892
7.159,0.6342108,0.3657892
7.16,0.6342108,0.3657892
7.161,0.6342108,0.3657892
7.162,0.6342108,0.3657892
7.163,0.6342108,0.3657892
7.164,0.6342108,0.3657892
7.165,0.6342108,0.3657892
7.166,0.6342108,0.3657892
7.167,0.6342108,0.3657892
7.168,0.6342108,0.3657892
7.169,0.6342108,0.3657892
7.17,0.6342108,0.3657892
7.171,0.6342108,0.3657892
7.172,0.6342108,0.3657892
7.173,0.6342108,0.3657892
7.174,0.6342108,0.3657892
7.175,0.6342108,0.3657892
7.176,0.6342108,0.3657892
7.177,0.6342108,0.3657892
7.178,0.6342108,0.3657892
7.179,0.6342108,0.3657892
7.18,0.6342108,0.3657892
7.181,0.6342108,0.3657892
7.182,0.6342108,0.3657892
7.183,0.6342108,0.3657892
7.184,0.6342108,0.3657892
7.185,0.6342108,0.3657892
7.186,0.6342108,0.3657892
7.187,0.6342108,0.3657892
7.188,0.6342108,0.3657892
7.189,0.6342108,0.3657892
7.19,0.6342108,0.3657892
7.191,0.6342108,0.3657892
7.192,0.6342108,0.3657892
7.193,0.6342108,0.3657892
7.194,0.6342108,0.3657892
7.195,0.6342108,0.3657892
7.196,0.6342108,0.3657892
7.197,0.6342108,0.3657892
7.198,0.6342108,0.3657892
7.199,0.6342108,0.3657892
7.2,0.6342108,0.3657892
7.201,0.6342108,0.3657892
7.202,0.6342108,0.3657892
7.203,0.6342108,0.3657892
7.204,0.6342108,0.3657892
7.205,0.6342108,0.3657892
7.206,0.6342108,0.3657892
7.207,0.6342108,0.3657892
7.208,0.6342108,0.3657892
7.209,0.6342108,0.3657892
7.21,0.6342108,0.3657892
7.211,0.6342108,0.3657892
7.212,0.6342108,0.3657892
7.213,0.6342108,0.3657892
7.214,0.6342108,0.3657892
7.215,0.6342108,0.3657892
7.216,0.6342108,0.3657892
7.217,0.6342108,0.3657892
7.218,0.6342108,0.3657892
7.219,0.6342108,0.3657892
7.22,0.6342108,0.3657892
7.221,0.6342108,0.3657892
7.222,0.6342108,0.3657892
7.223,0.6342108,0.3657892
7.224,0.6342108,0.3657892
7.225,0.6342108,0.3657892
7.226,0.6342108,0.3657892
7.227,0.6342108,0.3657892
7.228,0.6342108,0.3657892
7.229,0.6342108,0.3657892
7.23,0.6342108,0.3657892
7.231,0.6342108,0.3657892
7.232,0.6342108,0.3657892
7.233,0.6342108,0.3657892
7.234,0.6342108,0.3657892
7.235,0.6342108,0.3657892
7.236,0.6342108,0.3657892
7.237,0.6342108,0.3657892
7.238,0.6342108,0.3657892
7.239,0.6342108,0.3657892
7.24,0.6342108,0.3657892
7.241,0.6342108,0.3657892
7.242,0.6342108,0.3657892
7.243,0.6342108,0.3657892
7.244,0.6342108,0.3657892
7.245,0.6342108,0.3657892
7.246,0.6342108,0.3657892
7.247,0.6342108,0.3657892
7.248,0.6342108,0.3657892
7.249,0.6342108,0.3657892
7.25,0.6342108,0.3657892
7.251,0.6342108,0.3657892
7.252,0.6342108,0.3657892
7.253,0.6342108,0.3657892
7.254,0.6342108,0.3657892
7.255,0.6342108,0.3657892
7.256,0.6342108,0.3657892
7.257,0.6342108,0.3657892
7.258,0.6342108,0.3657892
7.259,0.6342108,0.3657892
7.26,0.6342108,0.3657892
7.261,0.6342108,0.3657892
7.262,0.6342108,0.3657892
7.263,0.6342108,0.3657892
7.264,0.6342108,0.3657892
7.265,0.6342108,0.3657892
7.266,0.6342108,0.3657892
7.267,0.6342108,0.3657892
7.268,0.6342108,0.3657892
7.269,0.6342108,0.3657892
7.27,0.6342108,0.3657892
7.271,0.6342108,0.3657892
7.272,0.6342108,0.3657892
7.273,0.6342108,0.3657892
7.274,0.6342108,0.3657892
7.275,0.6342108,0.3657892
7.276,0.6342108,0.3657892
7.277,0.6342108,0.3657892
7.278,0.6342108,0.3657892
7.279,0.6342108,0.3657892
7.28,0.6342108,0.3657892
7.281,0.6342108,0.3657892
7.282,0.6342108,0.3657892
7.283,0.6342108,0.3657892
7.284,0.6342108,0.3657892
7.285,0.6342108,0.3657892
7.286,0.6342108,0.3657892
7.287,0.6342108,0.3657892
7.288,0.6342108,0.3657892
7.289,0.6342108,0.3657892
7.29,0.6342108,0.3657892
7.291,0.6342108,0.3657892
7.292,0.6342108,0.3657892
7.293,0.6342108,0.3657892
7.294,0.6342108,0.3657892
7.295,0.6342108,0.3657892
7.296,0.6342108,0.3657892
7.297,0.6342108,0.3657892
7.298,0.6342108,0.3657892
7.299,0.6342108,0.3657892
7.3,0.6342108,0.3657892
7.301,0.6342108,0.3657892
7.302,0.6342108,0.3657892
7.303,0.6342108,0.3657892
7.304,0.6342108,0.3657892
7.305,0.6342108,0.3657892
7.306,0.6342108,0.3657892
7.307,0.6342108,0.3657892
7.308,0.6342108,0.3657892
7.309,0.6342108,0.3657892
7.31,0.6342108,0.3657892
7.311,0.6342108,0.3657892
7.312,0.6342108,0.3657892
7.313,0.6342108,0.3657892
7.314,0.6342108,0.3657892
7.315,0.6342108,0.3657892
7.316,0.6342108,0.3657892
7.317,0.6342108,0.3657892
7.318,0.6342108,0.3657892
7.319,0.6342108,0.3657892
7.32,0.6342108,0.3657892
7.321,0.6342108,0.3657892
7.322,0.6342108,0.3657892
7.323,0.6342108,0.3657892
7.324,0.6342108,0.3657892
7.325,0.6342108,0.3657892
7.326,0.6342108,0.3657892
7.327,0.6342108,0.3657892
7.328,0.6342108,0.3657892
7.329,0.6342108,0.3657892
7.33,0.6342108,0.3657892
7.331,0.6342108,0.3657892
7.332,0.6342108,0.3657892
7.333,0.6342108,0.3657892
7.334,0.6342108,0.3657892
7.335,0.6342108,0.3657892
7.336,0.6342108,0.3657892
7.337,0.6342108,0.3657892
7.338,0.6342108,0.3657892
7.339,0.6342108,0.3657892
7.34,0.6342108,0.3657892
7.341,0.6342108,0.3657892
7.342,0.6342108,0.3657892
7.343,0.6342108,0.3657892
7.344,0.6342108,0.3657892
7.345,0.6342108,0.3657892
7.346,0.6342108,0.3657892
7.347,0.6342108,0.3657892
7.348,0.6342108,0.3657892
7.349,0.6342108,0.3657892
7.35,0.6342108,0.3657892
7.351,0.6342108,0.3657892
7.352,0.6342108,0.3657892
7.353,0.6342108,0.3657892
7.354,0.6342108,0.3657892
7.355,0.6342108,0.3657892
7.356,0.6342108,0.3657892
7.357,0.6342108,0.3657892
7.358,0.6342108,0.3657892
7.359,0.6342108,0.3657892
7.36,0.6342108,0.3657892
7.361,0.6342108,0.3657892
7.362,0.6342108,0.3657892
7.363,0.6342108,0.3657892
7.364,0.6342108,0.3657892
7.365,0.6342108,0.3657892
7.366,0.6342108,0.3657892
7.367,0.6342108,0.3657892
7.368,0.6342108,0.3657892
7.369,0.6342108,0.3657892
7.37,0.6342108,0.3657892
7.371,0.6342108,0.3657892
7.372,0.6342108,0.3657892
7.373,0.6342108,0.3657892
7.374,0.6342108,0.3657892
7.375,0.6342108,0.3657892
7.376,0.6342108,0.3657892
7.377,0.6342108,0.3657892
7.378,0.6342108,0.3657892
7.379,0.6342108,0.3657892
7.38,0.6342108,0.3657892
7.381,0.6342108,0.3657892
7.382,0.6342108,0.3657892
7.383,0.6342108,0.3657892
7.384,0.6342108,0.3657892
7.385,0.6342108,0.3657892
7.386,0.6342108,0.3657892
7.387,0.6342108,0.3657892
7.388,0.6342108,0.3657892
7.389,0.6342108,0.3657892
7.39,0.6342108,0.3657892
7.391,0.6342108,0.3657892
7.392,0.6342108,0.3657892
7.393,0.6342108,0.3657892
7.394,0.6342108,0.3657892
7.395,0.6342108,0.3657892
7.396,0.6342108,0.3657892
7.397,0.6342108,0.3657892
7.398,0.6342108,0.3657892
7.399,0.6342108,0.3657892
7.4,0.6342108,0.3657892
7.401,0.6342108,0.3657892
7.402,0.6342108,0.3657892
7.403,0.6342108,0.3657892
7.404,0.6342108,0.3657892
7.405,0.6342108,0.3657892
7.406,0.6342108,0.3657892
7.407,0.6342108,0.3657892
7.408,0.6342108,0.3657892
7.409,0.6342108,0.3657892
7.41,0.6342108,0.3657892
7.411,0.6342108,0.3657892
7.412,0.6342108,0.3657892
7.413,0.6342108,0.3657892
7.414,0.6342108,0.3657892
7.415,0.6342108,0.3657892
7.416,0.6342108,0.3657892
7.417,0.6342108,0.3657892
7.418,0.6342108,0.3657892
7.419,0.6342108,0.3657892
7.42,0.6342108,0.3657892
7.421,0.6342108,0.3657892
7.422,0.6342108,0.3657892
7.423,0.6342108,0.3657892
7.424,0.6342108,0.3657892
7.425,0.6342108,0.3657892
7.426,0.6342108,0.3657892
7.427,0.6342108,0.3657892
7.428,0.6342108,0.3657892
7.429,0.6342108,0.3657892
7.43,0.6342108,0.3657892
7.431,0.6342108,0.3657892
7.432,0.6342108,0.3657892
7.433,0.6342108,0.3657892
7.434,0.6342108,0.3657892
7.435,0.6342108,0.3657892
7.436,0.6342108,0.3657892
7.437,0.6342108,0.3657892
7.438,0.6342108,0.3657892
7.439,0.6342108,0.3657892
7.44,0.6342108,0.3657892
7.441,0.6342108,0.3657892
7.442,0.6342108,0.3657892
7.443,0.6342108,0.3657892
7.444,0.6342108,0.3657892
7.445,0.6342108,0.3657892
7.446,0.6342108,0.3657892
7.447,0.6342108,0.3657892
7.448,0.6342108,0.3657892
7.449,0.6342108,0.3657892
7.45,0.6342108,0.3657892
7.451,0.6342108,0.3657892
7.452,0.6342108,0.3657892
7.453,0.6342108,0.3657892
7.454,0.6342108,0.3657892
7.455,0.6342108,0.3657892
7.456,0.6342108,0.3657892
7.457,0.6342108,0.3657892
7.458,0.6342108,0.3657892
7.459,0.6342108,0.3657892
7.46,0.6342108,0.3657892
7.461,0.6342108,0.3657892
7.462,0.6342108,0.3657892
7.463,0.6342108,0.3657892
7.464,0.6342108,0.3657892
7.465,0.6342108,0.3657892
7.466,0.6342108,0.3657892
7.467,0.6342108,0.3657892
7.468,0.6342108,0.3657892
7.469,0.6342108,0.3657892
7.47,0.6342108,0.3657892
7.471,0.6342108,0.3657892
7.472,0.6342108,0.3657892
7.473,0.6342108,0.3657892
7.474,0.6342108,0.3657892
7.475,0.6342108,0.3657892
7.476,0.6342108,0.3657892
7.477,0.6342108,0.3657892
7.478,0.6342108,0.3657892
7.479,0.6342108,0.3657892
7.48,0.6342108,0.3657892
7.481,0.6342108,0.3657892
7.482,0.6342108,0.3657892
7.483,0.6342108,0.3657892
7.484,0.6342108,0.3657892
7.485,0.6342108,0.3657892
7.486,0.6342108,0.3657892
7.487,0.6342108,0.3657892
7.488,0.6342108,0.3657892
7.489,0.6342108,0.3657892
7.49,0.6342108,0.3657892
7.491,0.6342108,0.3657892
7.492,0.6342108,0.3657892
7.493,0.6342108,0.3657892
7.494,0.6342108,0.3657892
7.495,0.6342108,0.3657892
7.496,0.6342108,0.3657892
7.497,0.6342108,0.3657892
7.498,0.6342108,0.3657892
7.499,0.6342108,0.3657892
7.5,0.6342108,0.3657892
7.501,0.6342108,0.3657892
7.502,0.6342108,0.3657892
7.503,0.6342108,0.3657892
7.504,0.6342108,0.3657892
7.505,0.6342108,0.3657892
7.506,0.6342108,0.3657892
7.507,0.6342108,0.3657892
7.508,0.6342108,0.3657892
7.509,0.6342108,0.3657892
7.51,0.6342108,0.3657892
7.511,0.6342108,0.3657892
7.512,0.6342108,0.3657892
7.513,0.6342108,0.3657892
7.514,0.6342108,0.3657892
7.515,0.6342108,0.3657892
7.516,0.6342108,0.3657892
7.517,0.6342108,0.3657892
7.518,0.6342108,0.3657892
7.519,0.6342108,0.3657892
7.52,0.6342108,0.3657892
7.521,0.6342108,0.3657892
7.522,0.6342108,0.3657892
7.523,0.6342108,0.3657892
7.524,0.6342108,0.3657892
7.525,0.6342108,0.3657892
7.526,0.6342108,0.3657892
7.527,0.6342108,0.3657892
7.528,0.6342108,0.3657892
7.529,0.6342108,0.3657892
7.53,0.6342108,0.3657892
7.531,0.6342108,0.3657892
7.532,0.6342108,0.3657892
7.533,0.6342108,0.3657892
7.534,0.6342108,0.3657892
7.535,0.6342108,0.3657892
7.536,0.6342108,0.3657892
7.537,0.6342108,0.3657892
7.538,0.6342108,0.3657892
7.539,0.6342108,0.3657892
7.54,0.6342108,0.3657892
7.541,0.6342108,0.3657892
7.542,0.6342108,0.3657892
7.543,0.6342108,0.3657892
7.544,0.6342108,0.3657892
7.545,0.6342108,0.3657892
7.546,0.6342108,0.3657892
7.547,0.6342108,0.3657892
7.548,0.6342108,0.3657892
7.549,0.6342108,0.3657892
7.55,0.6342108,0.3657892
7.551,0.6342108,0.3657892
7.552,0.6342108,0.3657892
7.553,0.6342108,0.3657892
7.554,0.6342108,0.3657892
7.555,0.6342108,0.3657892
7.556,0.6342108,0.3657892
7.557,0.6342108,0.3657892
7.558,0.6342108,0.3657892
7.559,0.6342108,0.3657892
7.56,0.6342108,0.3657892
7.561,0.6342108,0.3657892
7.562,0.6342108,0.3657892
7.563,0.6342108,0.3657892
7.564,0.6342108,0.3657892
7.565,0.6342108,0.3657892
7.566,0.6342108,0.3657892
7.567,0.6342108,0.3657892
7.568,0.6342108,0.3657892
7.569,0.6342108,0.3657892
7.57,0.6342108,0.3657892
7.571,0.6342108,0.3657892
7.572,0.6342108,0.3657892
7.573,0.6342108,0.3657892
7.574,0.6342108,0.3657892
7.575,0.6342108,0.3657892
7.576,0.6342108,0.3657892
7.577,0.6342108,0.3657892
7.578,0.6342108,0.3657892
7.579,0.6342108,0.3657892
7.58,0.6342108,0.3657892
7.581,0.6342108,0.3657892
7.582,0.6342108,0.3657892
7.583,0.6342108,0.3657892
7.584,0.6342108,0.3657892
7.585,0.6342108,0.3657892
7.586,0.6342108,0.3657892
7.587,0.6342108,0.3657892
7.588,0.6342108,0.3657892
7.589,0.6342108,0.3657892
7.59,0.6342108,0.3657892
7.591,0.6342108,0.3657892
7.592,0.6342108,0.3657892
7.593,0.6342108,0.3657892
7.594,0.6342108,0.3657892
7.595,0.6342108,0.3657892
7.596,0.6342108,0.3657892
7.597,0.6342108,0.3657892
7.598,0.6342108,0.3657892
7.599,0.6342108,0.3657892
7.6,0.6342108,0.3657892
7.601,0.6342108,0.3657892
7.602,0.6342108,0.3657892
7.603,0.6342108,0.3657892
7.604,0.6342108,0.3657892
7.605,0.6342108,0.3657892
7.606,0.6342108,0.3657892
7.607,0.6342108,0.3657892
7.608,0.6342108,0.3657892
7.609,0.6342108,0.3657892
7.61,0.6342108,0.3657892
7.611,0.6342108,0.3657892
7.612,0.6342108,0.3657892
7.613,0.6342108,0.3657892
7.614,0.6342108,0.3657892
7.615,0.6342108,0.3657892
7.616,0.6342108,0.3657892
7.617,0.6342108,0.3657892
7.618,0.6342108,0.3657892
7.619,0.6342108,0.3657892
7.62,0.6342108,0.3657892
7.621,0.6342108,0.3657892
7.622,0.6342108,0.3657892
7.623,0.6342108,0.3657892
7.624,0.6342108,0.3657892
7.625,0.6342108,0.3657892
7.626,0.6342108,0.3657892
7.627,0.6342108,0.3657892
7.628,0.6342108,0.3657892
7.629,0.6342108,0.3657892
7.63,0.6342108,0.3657892
7.631,0.6342108,0.3657892
7.632,0.6342108,0.3657892
7.633,0.6342108,0.3657892
7.634,0.6342108,0.3657892
7.635,0.6342108,0.3657892
7.636,0.6342108,0.3657892
7.637,0.6342108,0.3657892
7.638,0.6342108,0.3657892
7.639,0.6342108,0.3657892
7.64,0.6342108,0.3657892
7.641,0.6342108,0.3657892
7.642,0.6342108,0.3657892
7.643,0.6342108,0.3657892
7.644,0.6342108,0.3657892
7.645,0.6342108,0.3657892
7.646,0.6342108,0.3657892
7.647,0.6342108,0.3657892
7.648,0.6342108,0.3657892
7.649,0.6342108,0.3657892
7.65,0.6342108,0.3657892
7.651,0.6342108,0.3657892
7.652,0.6342108,0.3657892
7.653,0.6342108,0.3657892
7.654,0.6342108,0.3657892
7.655,0.6342108,0.3657892
7.656,0.6342108,0.3657892
7.657,0.6342108,0.3657892
7.658,0.6342108,0.3657892
7.659,0.6342108,0.3657892
7.66,0.6342108,0.3657892
7.661,0.6342108,0.3657892
7.662,0.6342108,0.3657892
7.663,0.6342108,0.3657892
7.664,0.6342108,0.3657892
7.665,0.6342108,0.3657892
7.666,0.6342108,0.3657892
7.667,0.6342108,0.3657892
7.668,0.6342108,0.3657892
7.669,0.6342108,0.3657892
7.67,0.6342108,0.3657892
7.671,0.6342108,0.3657892
7.672,0.6342108,0.3657892
7.673,0.6342108,0.3657892
7.674,0.6342108,0.3657892
7.675,0.6342108,0.3657892
7.676,0.6342108,0.3657892
7.677,0.6342108,0.3657892
7.678,0.6342108,0.3657892
7.679,0.6342108,0.3657892
7.68,0.6342108,0.3657892
7.681,0.6342108,0.3657892
7.682,0.6342108,0.3657892
7.683,0.6342108,0.3657892
7.684,0.6342108,0.3657892
7.685,0.6342108,0.3657892
7.686,0.6342108,0.3657892
7.687,0.6342108,0.3657892
7.688,0.6342108,0.3657892
7.689,0.6342108,0.3657892
7.69,0.6342108,0.3657892
7.691,0.6342108,0.3657892
7.692,0.6342108,0.3657892
7.693,0.6342108,0.3657892
7.694,0.6342108,0.3657892
7.695,0.6342108,0.3657892
7.696,0.6342108,0.3657892
7.697,0.6342108,0.3657892
7.698,0.6342108,0.3657892
7.699,0.6342108,0.3657892
7.7,0.6342108,0.3657892
7.701,0.6342108,0.3657892
7.702,0.6342108,0.3657892
7.703,0.6342108,0.3657892
7.704,0.6342108,0.3657892
7.705,0.6342108,0.3657892
7.706,0.6342108,0.3657892
7.707,0.6342108,0.3657892
7.708,0.6342108,0.3657892
7.709,0.6342108,0.3657892
7.71,0.6342108,0.3657892
7.711,0.6342108,0.3657892
7.712,0.6342108,0.3657892
7.713,0.6342108,0.3657892
7.714,0.6342108,0.3657892
7.715,0.6342108,0.3657892
7.716,0.6342108,0.3657892
7.717,0.6342108,0.3657892
7.718,0.6342108,0.3657892
7.719,0.6342108,0.3657892
7.72,0.6342108,0.3657892
7.721,0.6342108,0.3657892
7.722,0.6342108,0.3657892
7.723,0.6342108,0.3657892
7.724,0.6342108,0.3657892
7.725,0.6342108,0.3657892
7.726,0.6342108,0.3657892
7.727,0.6342108,0.3657892
7.728,0.6342108,0.3657892
7.729,0.6342108,0.3657892
7.73,0.6342108,0.3657892
7.731,0.6342108,0.3657892
7.732,0.6342108,0.3657892
7.733,0.6342108,0.3657892
7.734,0.6342108,0.3657892
7.735,0.6342108,0.3657892
7.736,0.6342108,0.3657892
7.737,0.6342108,0.3657892
7.738,0.6342108,0.3657892
7.739,0.6342108,0.3657892
7.74,0.6342108,0.3657892
7.741,0.6342108,0.3657892
7.742,0.6342108,0.3657892
7.743,0.6342108,0.3657892
7.744,0.6342108,0.3657892
7.745,0.6342108,0.3657892
7.746,0.6342108,0.3657892
7.747,0.6342108,0.3657892
7.748,0.6342108,0.3657892
7.749,0.6342108,0.3657892
7.75,0.6342108,0.3657892
7.751,0.6342108,0.3657892
7.752,0.6342108,0.3657892
7.753,0.6342108,0.3657892
7.754,0.6342108,0.3657892
7.755,0.6342108,0.3657892
7.756,0.6342108,0.3657892
7.757,0.6342108,0.3657892
7.758,0.6342108,0.3657892
7.759,0.6342108,0.3657892
7.76,0.6342108,0.3657892
7.761,0.6342108,0.3657892
7.762,0.6342108,0.3657892
7.763,0.6342108,0.3657892
7.764,0.6342108,0.3657892
7.765,0.6342108,0.3657892
7.766,0.6342108,0.3657892
7.767,0.6342108,0.3657892
7.768,0.6342108,0.3657892
7.769,0.6342108,0.3657892
7.77,0.6342108,0.3657892
7.771,0.6342108,0.3657892
7.772,0.6342108,0.3657892
7.773,0.6342108,0.3657892
7.774,0.6342108,0.3657892
7.775,0.6342108,0.3657892
7.776,0.6342108,0.3657892
7.777,0.6342108,0.3657892
7.778,0.6342108,0.3657892
7.779,0.6342108,0.3657892
7.78,0.6342108,0.3657892
7.781,0.6342108,0.3657892
7.782,0.6342108,0.3657892
7.783,0.6342108,0.3657892
7.784,0.6342108,0.3657892
7.785,0.6342108,0.3657892
7.786,0.6342108,0.3657892
7.787,0.6342108,0.3657892
7.788,0.6342108,0.3657892
7.789,0.6342108,0.3657892
7.79,0.6342108,0.3657892
7.791,0.6342108,0.3657892
7.792,0.6342108,0.3657892
7.793,0.6342108,0.3657892
7.794,0.6342108,0.3657892
7.795,0.6342108,0.3657892
7.796,0.6342108,0.3657892
7.797,0.6342108,0.3657892
7.798,0.6342108,0.3657892
7.799,0.6342108,0.3657892
7.8,0.6342108,0.3657892
7.801,0.6342108,0.3657892
7.802,0.6342108,0.3657892
7.803,0.6342108,0.3657892
7.804,0.6342108,0.3657892
7.805,0.6342108,0.3657892
7.806,0.6342108,0.3657892
7.807,0.6342108,0.3657892
7.808,0.6342108,0.3657892
7.809,0.6342108,0.3657892
7.81,0.6342108,0.3657892
7.811,0.6342108,0.3657892
7.812,0.6342108,0.3657892
7.813,0.6342108,0.3657892
7.814,0.6342108,0.3657892
7.815,0.6342108,0.3657892
7.816,0.6342108,0.3657892
7.817,0.6342108,0.3657892
7.818,0.6342108,0.3657892
7.819,0.6342108,0.3657892
7.82,0.6342108,0.3657892
7.821,0.6342108,0.3657892
7.822,0.6342108,0.3657892
7.823,0.6342108,0.3657892
7.824,0.6342108,0.3657892
7.825,0.6342108,0.3657892
7.826,0.6342108,0.3657892
7.827,0.6342108,0.3657892
7.828,0.6342108,0.3657892
7.829,0.6342108,0.3657892
7.83,0.6342108,0.3657892
7.831,0.6342108,0.3657892
7.832,0.6342108,0.3657892
7.833,0.6342108,0.3657892
7.834,0.6342108,0.3657892
7.835,0.6342108,0.3657892
7.836,0.6342108,0.3657892
7.837,0.6342108,0.3657892
7.838,0.6342108,0.3657892
7.839,0.6342108,0.3657892
7.84,0.6342108,0.3657892
7.841,0.6342108,0.3657892
7.842,0.6342108,0.3657892
7.843,0.6342108,0.3657892
7.844,0.6342108,0.3657892
7.845,0.6342108,0.3657892
7.846,0.6342108,0.3657892
7.847,0.6342108,0.3657892
7.848,0.6342108,0.3657892
7.849,0.6342108,0.3657892
7.85,0.6342108,0.3657892
7.851,0.6342108,0.3657892
7.852,0.6342108,0.3657892
7.853,0.6342108,0.3657892
7.854,0.6342108,0.3657892
7.855,0.6342108,0.3657892
7.856,0.6342108,0.3657892
7.857,0.6342108,0.3657892
7.858,0.6342108,0.3657892
7.859,0.6342108,0.3657892
7.86,0.6342108,0.3657892
7.861,0.6342108,0.3657892
7.862,0.6342108,0.3657892
7.863,0.6342108,0.3657892
7.864,0.6342108,0.3657892
7.865,0.6342108,0.3657892
7.866,0.6342108,0.3657892
7.867,0.6342108,0.3657892
7.868,0.6342108,0.3657892
7.869,0.6342108,0.3657892
7.87,0.6342108,0.3657892
7.871,0.6342108,0.3657892
7.872,0.6342108,0.3657892
7.873,0.6342108,0.3657892
7.874,0.6342108,0.3657892
7.875,0.6342108,0.3657892
7.876,0.6342108,0.3657892
7.877,0.6342108,0.3657892
7.878,0.6342108,0.3657892
7.879,0.6342108,0.3657892
7.88,0.6342108,0.3657892
7.881,0.6342108,0.3657892
7.882,0.6342108,0.3657892
7.883,0.6342108,0.3657892
7.884,0.6342108,0.3657892
7.885,0.6342108,0.3657892
7.886,0.6342108,0.3657892
7.887,0.6342108,0.3657892
7.888,0.6342108,0.3657892
7.889,0.6342108,0.3657892
7.89,0.6342108,0.3657892
7.891,0.6342108,0.3657892
7.892,0.6342108,0.3657892
7.893,0.6342108,0.3657892
7.894,0.6342108,0.3657892
7.895,0.6342108,0.3657892
7.896,0.6342108,0.3657892
7.897,0.6342108,0.3657892
7.898,0.6342108,0.3657892
7.899,0.6342108,0.3657892
7.9,0.6342108,0.3657892
7.901,0.6342108,0.3657892
7.902,0.6342108,0.3657892
7.903,0.6342108,0.3657892
7.904,0.6342108,0.3657892
7.905,0.6342108,0.3657892
7.906,0.6342108,0.3657892
7.907,0.6342108,0.3657892
7.908,0.6342108,0.3657892
7.909,0.6342108,0.3657892
7.91,0.6342108,0.3657892
7.911,0.6342108,0.3657892
7.912,0.6342108,0.3657892
7.913,0.6342108,0.3657892
7.914,0.6342108,0.3657892
7.915,0.6342108,0.3657892
7.916,0.6342108,0.3657892
7.917,0.6342108,0.3657892
7.918,0.6342108,0.3657892
7.919,0.6342108,0.3657892
7.92,0.6342108,0.3657892
7.921,0.6342108,0.3657892
7.922,0.6342108,0.3657892
7.923,0.6342108,0.3657892
7.924,0.6342108,0.3657892
7.925,0.6342108,0.3657892
7.926,0.6342108,0.3657892
7.927,0.6342108,0.3657892
7.928,0.6342108,0.3657892
7.929,0.6342108,0.3657892
7.93,0.6342108,0.3657892
7.931,0.6342108,0.3657892
7.932,0.6342108,0.3657892
7.933,0.6342108,0.3657892
7.934,0.6342108,0.3657892
7.935,0.6342108,0.3657892
7.936,0.6342108,0.3657892
7.937,0.6342108,0.3657892
7.938,0.6342108,0.3657892
7.939,0.6342108,0.3657892
7.94,0.6342108,0.3657892
7.941,0.6342108,0.3657892
7.942,0.6342108,0.3657892
7.943,0.6342108,0.3657892
7.944,0.6342108,0.3657892
7.945,0.6342108,0.3657892
7.946,0.6342108,0.3657892
7.947,0.6342108,0.3657892
7.948,0.6342108,0.3657892
7.949,0.6342108,0.3657892
7.95,0.6342108,0.3657892
7.951,0.6342108,0.3657892
7.952,0.6342108,0.3657892
7.953,0.6342108,0.3657892
7.954,0.6342108,0.3657892
7.955,0.6342108,0.3657892
7.956,0.6342108,0.3657892
7.957,0.6342108,0.3657892
7.958,0.6342108,0.3657892
7.959,0.6342108,0.3657892
7.96,0.6342108,0.3657892
7.961,0.6342108,0.3657892
7.962,0.6342108,0.3657892
7.963,0.6342108,0.3657892
7.964,0.6342108,0.3657892
7.965,0.6342108,0.3657892
7.966,0.6342108,0.3657892
7.967,0.6342108,0.3657892
7.968,0.6342108,0.3657892
7.969,0.6342108,0.3657892
7.97,0.6342108,0.3657892
7.971,0.6342108,0.3657892
7.972,0.6342108,0.3657892
7.973,0.6342108,0.3657892
7.974,0.6342108,0.3657892
7.975,0.6342108,0.3657892
7.976,0.6342108,0.3657892
7.977,0.6342108,0.3657892
7.978,0.6342108,0.3657892
7.979,0.6342108,0.3657892
7.98,0.6342108,0.3657892
7.981,0.6342108,0.3657892
7.982,0.6342108,0.3657892
7.983,0.6342108,0.3657892
7.984,0.6342108,0.3657892
7.985,0.6342108,0.3657892
7.986,0.6342108,0.3657892
7.987,0.6342108,0.3657892
7.988,0.6342108,0.3657892
7.989,0.6342108,0.3657892
7.99,0.6342108,0.3657892
7.991,0.6342108,0.3657892
7.992,0.6342108,0.3657892
7.993,0.6342108,0.3657892
7.994,0.6342108,0.3657892
7.995,0.6342108,0.3657892
7.996,0.6342108,0.3657892
7.997,0.6342108,0.3657892
7.998,0.6342108,0.3657892
7.999,0.6342108,0.3657892
8.0,0.6342108,0.3657892
8.001,0.6342108,0.3657892
8.002,0.6342108,0.3657892
8.003,0.6342108,0.3657892
8.004,0.6342108,0.3657892
8.005,0.6342108,0.3657892
8.006,0.6342108,0.3657892
8.007,0.6342108,0.3657892
8.008,0.6342108,0.3657892
8.009,0.6342108,0.3657892
8.01,0.6342108,0.3657892
8.011,0.6342108,0.3657892
8.012,0.6342108,0.3657892
8.013,0.6342108,0.3657892
8.014,0.6342108,0.3657892
8.015,0.6342108,0.3657892
8.016,0.6342108,0.3657892
8.017,0.6342108,0.3657892
8.018,0.6342108,0.3657892
8.019,0.6342108,0.3657892
8.02,0.6342108,0.3657892
8.021,0.6342108,0.3657892
8.022,0.6342108,0.3657892
8.023,0.6342108,0.3657892
8.024,0.6342108,0.3657892
8.025,0.6342108,0.3657892
8.026,0.6342108,0.3657892
8.027,0.6342108,0.3657892
8.028,0.6342108,0.3657892
8.029,0.6342108,0.3657892
8.03,0.6342108,0.3657892
8.031,0.6342108,0.3657892
8.032,0.6342108,0.3657892
8.033,0.6342108,0.3657892
8.034,0.6342108,0.3657892
8.035,0.6342108,0.3657892
8.036,0.6342108,0.3657892
8.037,0.6342108,0.3657892
8.038,0.6342108,0.3657892
8.039,0.6342108,0.3657892
8.04,0.6342108,0.3657892
8.041,0.6342108,0.3657892
8.042,0.6342108,0.3657892
8.043,0.6342108,0.3657892
8.044,0.6342108,0.3657892
8.045,0.6342108,0.3657892
8.046,0.6342108,0.3657892
8.047,0.6342108,0.3657892
8.048,0.6342108,0.3657892
8.049,0.6342108,0.3657892
8.05,0.6342108,0.3657892
8.051,0.6342108,0.3657892
8.052,0.6342108,0.3657892
8.053,0.6342108,0.3657892
8.054,0.6342108,0.3657892
8.055,0.6342108,0.3657892
8.056,0.6342108,0.3657892
8.057,0.6342108,0.3657892
8.058,0.6342108,0.3657892
8.059,0.6342108,0.3657892
8.06,0.6342108,0.3657892
8.061,0.6342108,0.3657892
8.062,0.6342108,0.3657892
8.063,0.6342108,0.3657892
8.064,0.6342108,0.3657892
8.065,0.6342108,0.3657892
8.066,0.6342108,0.3657892
8.067,0.6342108,0.3657892
8.068,0.6342108,0.3657892
8.069,0.6342108,0.3657892
8.07,0.6342108,0.3657892
8.071,0.6342108,0.3657892
8.072,0.6342108,0.3657892
8.073,0.6342108,0.3657892
8.074,0.6342108,0.3657892
8.075,0.6342108,0.3657892
8.076,0.6342108,0.3657892
8.077,0.6342108,0.3657892
8.078,0.6342108,0.3657892
8.079,0.6342108,0.3657892
8.08,0.6342108,0.3657892
8.081,0.6342108,0.3657892
8.082,0.6342108,0.3657892
8.083,0.6342108,0.3657892
8.084,0.6342108,0.3657892
8.085,0.6342108,0.3657892
8.086,0.6342108,0.3657892
8.087,0.6342108,0.3657892
8.088,0.6342108,0.3657892
8.089,0.6342108,0.3657892
8.09,0.6342108,0.3657892
8.091,0.6342108,0.3657892
8.092,0.6342108,0.3657892
8.093,0.6342108,0.3657892
8.094,0.6342108,0.3657892
8.095,0.6342108,0.3657892
8.096,0.6342108,0.3657892
8.097,0.6342108,0.3657892
8.098,0.6342108,0.3657892
8.099,0.6342108,0.3657892
8.1,0.6342108,0.3657892
8.101,0.6342108,0.3657892
8.102,0.6342108,0.3657892
8.103,0.6342108,0.3657892
8.104,0.6342108,0.3657892
8.105,0.6342108,0.3657892
8.106,0.6342108,0.3657892
8.107,0.6342108,0.3657892
8.108,0.6342108,0.3657892
8.109,0.6342108,0.3657892
8.11,0.6342108,0.3657892
8.111,0.6342108,0.3657892
8.112,0.6342108,0.3657892
8.113,0.6342108,0.3657892
8.114,0.6342108,0.3657892
8.115,0.6342108,0.3657892
8.116,0.6342108,0.3657892
8.117,0.6342108,0.3657892
8.118,0.6342108,0.3657892
8.119,0.6342108,0.3657892
8.12,0.6342108,0.3657892
8.121,0.6342108,0.3657892
8.122,0.6342108,0.3657892
8.123,0.6342108,0.3657892
8.124,0.6342108,0.3657892
8.125,0.6342108,0.3657892
8.126,0.6342108,0.3657892
8.127,0.6342108,0.3657892
8.128,0.6342108,0.3657892
8.129,0.6342108,0.3657892
8.13,0.6342108,0.3657892
8.131,0.6342108,0.3657892
8.132,0.6342108,0.3657892
8.133,0.6342108,0.3657892
8.134,0.6342108,0.3657892
8.135,0.6342108,0.3657892
8.136,0.6342108,0.3657892
8.137,0.6342108,0.3657892
8.138,0.6342108,0.3657892
8.139,0.6342108,0.3657892
8.14,0.6342108,0.3657892
8.141,0.6342108,0.3657892
8.142,0.6342108,0.3657892
8.143,0.6342108,0.3657892
8.144,0.6342108,0.3657892
8.145,0.6342108,0.3657892
8.146,0.6342108,0.3657892
8.147,0.6342108,0.3657892
8.148,0.6342108,0.3657892
8.149,0.6342108,0.3657892
8.15,0.6342108,0.3657892
8.151,0.6342108,0.3657892
8.152,0.6342108,0.3657892
8.153,0.6342108,0.3657892
8.154,0.6342108,0.3657892
8.155,0.6342108,0.3657892
8.156,0.6342108,0.3657892
8.157,0.6342108,0.3657892
8.158,0.6342108,0.3657892
8.159,0.6342108,0.3657892
8.16,0.6342108,0.3657892
8.161,0.6342108,0.3657892
8.162,0.6342108,0.3657892
8.163,0.6342108,0.3657892
8.164,0.6342108,0.3657892
8.165,0.6342108,0.3657892
8.166,0.6342108,0.3657892
8.167,0.6342108,0.3657892
8.168,0.6342108,0.3657892
8.169,0.6342108,0.3657892
8.17,0.6342108,0.3657892
8.171,0.6342108,0.3657892
8.172,0.6342108,0.3657892
8.173,0.6342108,0.3657892
8.174,0.6342108,0.3657892
8.175,0.6342108,0.3657892
8.176,0.6342108,0.3657892
8.177,0.6342108,0.3657892
8.178,0.6342108,0.3657892
8.179,0.6342108,0.3657892
8.18,0.6342108,0.3657892
8.181,0.6342108,0.3657892
8.182,0.6342108,0.3657892
8.183,0.6342108,0.3657892
8.184,0.6342108,0.3657892
8.185,0.6342108,0.3657892
8.186,0.6342108,0.3657892
8.187,0.6342108,0.3657892
8.188,0.6342108,0.3657892
8.189,0.6342108,0.3657892
8.19,0.6342108,0.3657892
8.191,0.6342108,0.3657892
8.192,0.6342108,0.3657892
8.193,0.6342108,0.3657892
8.194,0.6342108,0.3657892
8.195,0.6342108,0.3657892
8.196,0.6342108,0.3657892
8.197,0.6342108,0.3657892
8.198,0.6342108,0.3657892
8.199,0.6342108,0.3657892
8.2,0.6342108,0.3657892
8.201,0.6342108,0.3657892
8.202,0.6342108,0.3657892
8.203,0.6342108,0.3657892
8.204,0.6342108,0.3657892
8.205,0.6342108,0.3657892
8.206,0.6342108,0.3657892
8.207,0.6342108,0.3657892
8.208,0.6342108,0.3657892
8.209,0.6342108,0.3657892
8.21,0.6342108,0.3657892
8.211,0.6342108,0.3657892
8.212,0.6342108,0.3657892
8.213,0.6342108,0.3657892
8.214,0.6342108,0.3657892
8.215,0.6342108,0.3657892
8.216,0.6342108,0.3657892
8.217,0.6342108,0.3657892
8.218,0.6342108,0.3657892
8.219,0.6342108,0.3657892
8.22,0.6342108,0.3657892
8.221,0.6342108,0.3657892
8.222,0.6342108,0.3657892
8.223,0.6342108,0.3657892
8.224,0.6342108,0.3657892
8.225,0.6342108,0.3657892
8.226,0.6342108,0.3657892
8.227,0.6342108,0.3657892
8.228,0.6342108,0.3657892
8.229,0.6342108,0.3657892
8.23,0.6342108,0.3657892
8.231,0.6342108,0.3657892
8.232,0.6342108,0.3657892
8.233,0.6342108,0.3657892
8.234,0.6342108,0.3657892
8.235,0.6342108,0.3657892
8.236,0.6342108,0.3657892
8.237,0.6342108,0.3657892
8.238,0.6342108,0.3657892
8.239,0.6342108,0.3657892
8.24,0.6342108,0.3657892
8.241,0.6342108,0.3657892
8.242,0.6342108,0.3657892
8.243,0.6342108,0.3657892
8.244,0.6342108,0.3657892
8.245,0.6342108,0.3657892
8.246,0.6342108,0.3657892
8.247,0.6342108,0.3657892
8.248,0.6342108,0.3657892
8.249,0.6342108,0.3657892
8.25,0.6342108,0.3657892
8.251,0.6342108,0.3657892
8.252,0.6342108,0.3657892
8.253,0.6342108,0.3657892
8.254,0.6342108,0.3657892
8.255,0.6342108,0.3657892
8.256,0.6342108,0.3657892
8.257,0.6342108,0.3657892
8.258,0.6342108,0.3657892
8.259,0.6342108,0.3657892
8.26,0.6342108,0.3657892
8.261,0.6342108,0.3657892
8.262,0.6342108,0.3657892
8.263,0.6342108,0.3657892
8.264,0.6342108,0.3657892
8.265,0.6342108,0.3657892
8.266,0.6342108,0.3657892
8.267,0.6342108,0.3657892
8.268,0.6342108,0.3657892
8.269,0.6342108,0.3657892
8.27,0.6342108,0.3657892
8.271,0.6342108,0.3657892
8.272,0.6342108,0.3657892
8.273,0.6342108,0.3657892
8.274,0.6342108,0.3657892
8.275,0.6342108,0.3657892
8.276,0.6342108,0.3657892
8.277,0.6342108,0.3657892
8.278,0.6342108,0.3657892
8.279,0.6342108,0.3657892
8.28,0.6342108,0.3657892
8.281,0.6342108,0.3657892
8.282,0.6342108,0.3657892
8.283,0.6342108,0.3657892
8.284,0.6342108,0.3657892
8.285,0.6342108,0.3657892
8.286,0.6342108,0.3657892
8.287,0.6342108,0.3657892
8.288,0.6342108,0.3657892
8.289,0.6342108,0.3657892
8.29,0.6342108,0.3657892
8.291,0.6342108,0.3657892
8.292,0.6342108,0.3657892
8.293,0.6342108,0.3657892
8.294,0.6342108,0.3657892
8.295,0.6342108,0.3657892
8.296,0.6342108,0.3657892
8.297,0.6342108,0.3657892
8.298,0.6342108,0.3657892
8.299,0.6342108,0.3657892
8.3,0.6342108,0.3657892
8.301,0.6342108,0.3657892
8.302,0.6342108,0.3657892
8.303,0.6342108,0.3657892
8.304,0.6342108,0.3657892
8.305,0.6342108,0.3657892
8.306,0.6342108,0.3657892
8.307,0.6342108,0.3657892
8.308,0.6342108,0.3657892
8.309,0.6342108,0.3657892
8.31,0.6342108,0.3657892
8.311,0.6342108,0.3657892
8.312,0.6342108,0.3657892
8.313,0.6342108,0.3657892
8.314,0.6342108,0.3657892
8.315,0.6342108,0.3657892
8.316,0.6342108,0.3657892
8.317,0.6342108,0.3657892
8.318,0.6342108,0.3657892
8.319,0.6342108,0.3657892
8.32,0.6342108,0.3657892
8.321,0.6342108,0.3657892
8.322,0.6342108,0.3657892
8.323,0.6342108,0.3657892
8.324,0.6342108,0.3657892
8.325,0.6342108,0.3657892
8.326,0.6342108,0.3657892
8.327,0.6342108,0.3657892
8.328,0.6342108,0.3657892
8.329,0.6342108,0.3657892
8.33,0.6342108,0.3657892
8.331,0.6342108,0.3657892
8.332,0.6342108,0.3657892
8.333,0.6342108,0.3657892
8.334,0.6342108,0.3657892
8.335,0.6342108,0.3657892
8.336,0.6342108,0.3657892
8.337,0.6342108,0.3657892
8.338,0.6342108,0.3657892
8.339,0.6342108,0.3657892
8.34,0.6342108,0.3657892
8.341,0.6342108,0.3657892
8.342,0.6342108,0.3657892
8.343,0.6342108,0.3657892
8.344,0.6342108,0.3657892
8.345,0.6342108,0.3657892
8.346,0.6342108,0.3657892
8.347,0.6342108,0.3657892
8.348,0.6342108,0.3657892
8.349,0.6342108,0.3657892
8.35,0.6342108,0.3657892
8.351,0.6342108,0.3657892
8.352,0.6342108,0.3657892
8.353,0.6342108,0.3657892
8.354,0.6342108,0.3657892
8.355,0.6342108,0.3657892
8.356,0.6342108,0.3657892
8.357,0.6342108,0.3657892
8.358,0.6342108,0.3657892
8.359,0.6342108,0.3657892
8.36,0.6342108,0.3657892
8.361,0.6342108,0.3657892
8.362,0.6342108,0.3657892
8.363,0.6342108,0.3657892
8.364,0.6342108,0.3657892
8.365,0.6342108,0.3657892
8.366,0.6342108,0.3657892
8.367,0.6342108,0.3657892
8.368,0.6342108,0.3657892
8.369,0.6342108,0.3657892
8.37,0.6342108,0.3657892
8.371,0.6342108,0.3657892
8.372,0.6342108,0.3657892
8.373,0.6342108,0.3657892
8.374,0.6342108,0.3657892
8.375,0.6342108,0.3657892
8.376,0.6342108,0.3657892
8.377,0.6342108,0.3657892
8.378,0.6342108,0.3657892
8.379,0.6342108,0.3657892
8.38,0.6342108,0.3657892
8.381,0.6342108,0.3657892
8.382,0.6342108,0.3657892
8.383,0.6342108,0.3657892
8.384,0.6342108,0.3657892
8.385,0.6342108,0.3657892
8.386,0.6342108,0.3657892
8.387,0.6342108,0.3657892
8.388,0.6342108,0.3657892
8.389,0.6342108,0.3657892
8.39,0.6342108,0.3657892
8.391,0.6342108,0.3657892
8.392,0.6342108,0.3657892
8.393,0.6342108,0.3657892
8.394,0.6342108,0.3657892
8.395,0.6342108,0.3657892
8.396,0.6342108,0.3657892
8.397,0.6342108,0.3657892
8.398,0.6342108,0.3657892
8.399,0.6342108,0.3657892
8.4,0.6342108,0.3657892
8.401,0.6342108,0.3657892
8.402,0.6342108,0.3657892
8.403,0.6342108,0.3657892
8.404,0.6342108,0.3657892
8.405,0.6342108,0.3657892
8.406,0.6342108,0.3657892
8.407,0.6342108,0.3657892
8.408,0.6342108,0.3657892
8.409,0.6342108,0.3657892
8.41,0.6342108,0.3657892
8.411,0.6342108,0.3657892
8.412,0.6342108,0.3657892
8.413,0.6342108,0.3657892
8.414,0.6342108,0.3657892
8.415,0.6342108,0.3657892
8.416,0.6342108,0.3657892
8.417,0.6342108,0.3657892
8.418,0.6342108,0.3657892
8.419,0.6342108,0.3657892
8.42,0.6342108,0.3657892
8.421,0.6342108,0.3657892
8.422,0.6342108,0.3657892
8.423,0.6342108,0.3657892
8.424,0.6342108,0.3657892
8.425,0.6342108,0.3657892
8.426,0.6342108,0.3657892
8.427,0.6342108,0.3657892
8.428,0.6342108,0.3657892
8.429,0.6342108,0.3657892
8.43,0.6342108,0.3657892
8.431,0.6342108,0.3657892
8.432,0.6342108,0.3657892
8.433,0.6342108,0.3657892
8.434,0.6342108,0.3657892
8.435,0.6342108,0.3657892
8.436,0.6342108,0.3657892
8.437,0.6342108,0.3657892
8.438,0.6342108,0.3657892
8.439,0.6342108,0.3657892
8.44,0.6342108,0.3657892
8.441,0.6342108,0.3657892
8.442,0.6342108,0.3657892
8.443,0.6342108,0.3657892
8.444,0.6342108,0.3657892
8.445,0.6342108,0.3657892
8.446,0.6342108,0.3657892
8.447,0.6342108,0.3657892
8.448,0.6342108,0.3657892
8.449,0.6342108,0.3657892
8.45,0.6342108,0.3657892
8.451,0.6342108,0.3657892
8.452,0.6342108,0.3657892
8.453,0.6342108,0.3657892
8.454,0.6342108,0.3657892
8.455,0.6342108,0.3657892
8.456,0.6342108,0.3657892
8.457,0.6342108,0.3657892
8.458,0.6342108,0.3657892
8.459,0.6342108,0.3657892
8.46,0.6342108,0.3657892
8.461,0.6342108,0.3657892
8.462,0.6342108,0.3657892
8.463,0.6342108,0.3657892
8.464,0.6342108,0.3657892
8.465,0.6342108,0.3657892
8.466,0.6342108,0.3657892
8.467,0.6342108,0.3657892
8.468,0.6342108,0.3657892
8.469,0.6342108,0.3657892
8.47,0.6342108,0.3657892
8.471,0.6342108,0.3657892
8.472,0.6342108,0.3657892
8.473,0.6342108,0.3657892
8.474,0.6342108,0.3657892
8.475,0.6342108,0.3657892
8.476,0.6342108,0.3657892
8.477,0.6342108,0.3657892
8.478,0.6342108,0.3657892
8.479,0.6342108,0.3657892
8.48,0.6342108,0.3657892
8.481,0.6342108,0.3657892
8.482,0.6342108,0.3657892
8.483,0.6342108,0.3657892
8.484,0.6342108,0.3657892
8.485,0.6342108,0.3657892
8.486,0.6342108,0.3657892
8.487,0.6342108,0.3657892
8.488,0.6342108,0.3657892
8.489,0.6342108,0.3657892
8.49,0.6342108,0.3657892
8.491,0.6342108,0.3657892
8.492,0.6342108,0.3657892
8.493,0.6342108,0.3657892
8.494,0.6342108,0.3657892
8.495,0.6342108,0.3657892
8.496,0.6342108,0.3657892
8.497,0.6342108,0.3657892
8.498,0.6342108,0.3657892
8.499,0.6342108,0.3657892
8.5,0.6342108,0.3657892
8.501,0.6342108,0.3657892
8.502,0.6342108,0.3657892
8.503,0.6342108,0.3657892
8.504,0.6342108,0.3657892
8.505,0.6342108,0.3657892
8.506,0.6342108,0.3657892
8.507,0.6342108,0.3657892
8.508,0.6342108,0.3657892
8.509,0.6342108,0.3657892
8.51,0.6342108,0.3657892
8.511,0.6342108,0.3657892
8.512,0.6342108,0.3657892
8.513,0.6342108,0.3657892
8.514,0.6342108,0.3657892
8.515,0.6342108,0.3657892
8.516,0.6342108,0.3657892
8.517,0.6342108,0.3657892
8.518,0.6342108,0.3657892
8.519,0.6342108,0.3657892
8.52,0.6342108,0.3657892
8.521,0.6342108,0.3657892
8.522,0.6342108,0.3657892
8.523,0.6342108,0.3657892
8.524,0.6342108,0.3657892
8.525,0.6342108,0.3657892
8.526,0.6342108,0.3657892
8.527,0.6342108,0.3657892
8.528,0.6342108,0.3657892
8.529,0.6342108,0.3657892
8.53,0.6342108,0.3657892
8.531,0.6342108,0.3657892
8.532,0.6342108,0.3657892
8.533,0.6342108,0.3657892
8.534,0.6342108,0.3657892
8.535,0.6342108,0.3657892
8.536,0.6342108,0.3657892
8.537,0.6342108,0.3657892
8.538,0.6342108,0.3657892
8.539,0.6342108,0.3657892
8.54,0.6342108,0.3657892
8.541,0.6342108,0.3657892
8.542,0.6342108,0.3657892
8.543,0.6342108,0.3657892
8.544,0.6342108,0.3657892
8.545,0.6342108,0.3657892
8.546,0.6342108,0.3657892
8.547,0.6342108,0.3657892
8.548,0.6342108,0.3657892
8.549,0.6342108,0.3657892
8.55,0.6342108,0.3657892
8.551,0.6342108,0.3657892
8.552,0.6342108,0.3657892
8.553,0.6342108,0.3657892
8.554,0.6342108,0.3657892
8.555,0.6342108,0.3657892
8.556,0.6342108,0.3657892
8.557,0.6342108,0.3657892
8.558,0.6342108,0.3657892
8.559,0.6342108,0.3657892
8.56,0.6342108,0.3657892
8.561,0.6342108,0.3657892
8.562,0.6342108,0.3657892
8.563,0.6342108,0.3657892
8.564,0.6342108,0.3657892
8.565,0.6342108,0.3657892
8.566,0.6342108,0.3657892
8.567,0.6342108,0.3657892
8.568,0.6342108,0.3657892
8.569,0.6342108,0.3657892
8.57,0.6342108,0.3657892
8.571,0.6342108,0.3657892
8.572,0.6342108,0.3657892
8.573,0.6342108,0.3657892
8.574,0.6342108,0.3657892
8.575,0.6342108,0.3657892
8.576,0.6342108,0.3657892
8.577,0.6342108,0.3657892
8.578,0.6342108,0.3657892
8.579,0.6342108,0.3657892
8.58,0.6342108,0.3657892
8.581,0.6342108,0.3657892
8.582,0.6342108,0.3657892
8.583,0.6342108,0.3657892
8.584,0.6342108,0.3657892
8.585,0.6342108,0.3657892
8.586,0.6342108,0.3657892
8.587,0.6342108,0.3657892
8.588,0.6342108,0.3657892
8.589,0.6342108,0.3657892
8.59,0.6342108,0.3657892
8.591,0.6342108,0.3657892
8.592,0.6342108,0.3657892
8.593,0.6342108,0.3657892
8.594,0.6342108,0.3657892
8.595,0.6342108,0.3657892
8.596,0.6342108,0.3657892
8.597,0.6342108,0.3657892
8.598,0.6342108,0.3657892
8.599,0.6342108,0.3657892
8.6,0.6342108,0.3657892
8.601,0.6342108,0.3657892
8.602,0.6342108,0.3657892
8.603,0.6342108,0.3657892
8.604,0.6342108,0.3657892
8.605,0.6342108,0.3657892
8.606,0.6342108,0.3657892
8.607,0.6342108,0.3657892
8.608,0.6342108,0.3657892
8.609,0.6342108,0.3657892
8.61,0.6342108,0.3657892
8.611,0.6342108,0.3657892
8.612,0.6342108,0.3657892
8.613,0.6342108,0.3657892
8.614,0.6342108,0.3657892
8.615,0.6342108,0.3657892
8.616,0.6342108,0.3657892
8.617,0.6342108,0.3657892
8.618,0.6342108,0.3657892
8.619,0.6342108,0.3657892
8.62,0.6342108,0.3657892
8.621,0.6342108,0.3657892
8.622,0.6342108,0.3657892
8.623,0.6342108,0.3657892
8.624,0.6342108,0.3657892
8.625,0.6342108,0.3657892
8.626,0.6342108,0.3657892
8.627,0.6342108,0.3657892
8.628,0.6342108,0.3657892
8.629,0.6342108,0.3657892
8.63,0.6342108,0.3657892
8.631,0.6342108,0.3657892
8.632,0.6342108,0.3657892
8.633,0.6342108,0.3657892
8.634,0.6342108,0.3657892
8.635,0.6342108,0.3657892
8.636,0.6342108,0.3657892
8.637,0.6342108,0.3657892
8.638,0.6342108,0.3657892
8.639,0.6342108,0.3657892
8.64,0.6342108,0.3657892
8.641,0.6342108,0.3657892
8.642,0.6342108,0.3657892
8.643,0.6342108,0.3657892
8.644,0.6342108,0.3657892
8.645,0.6342108,0.3657892
8.646,0.6342108,0.3657892
8.647,0.6342108,0.3657892
8.648,0.6342108,0.3657892
8.649,0.6342108,0.3657892
8.65,0.6342108,0.3657892
8.651,0.6342108,0.3657892
8.652,0.6342108,0.3657892
8.653,0.6342108,0.3657892
8.654,0.6342108,0.3657892
8.655,0.6342108,0.3657892
8.656,0.6342108,0.3657892
8.657,0.6342108,0.3657892
8.658,0.6342108,0.3657892
8.659,0.6342108,0.3657892
8.66,0.6342108,0.3657892
8.661,0.6342108,0.3657892
8.662,0.6342108,0.3657892
8.663,0.6342108,0.3657892
8.664,0.6342108,0.3657892
8.665,0.6342108,0.3657892
8.666,0.6342108,0.3657892
8.667,0.6342108,0.3657892
8.668,0.6342108,0.3657892
8.669,0.6342108,0.3657892
8.67,0.6342108,0.3657892
8.671,0.6342108,0.3657892
8.672,0.6342108,0.3657892
8.673,0.6342108,0.3657892
8.674,0.6342108,0.3657892
8.675,0.6342108,0.3657892
8.676,0.6342108,0.3657892
8.677,0.6342108,0.3657892
8.678,0.6342108,0.3657892
8.679,0.6342108,0.3657892
8.68,0.6342108,0.3657892
8.681,0.6342108,0.3657892
8.682,0.6342108,0.3657892
8.683,0.6342108,0.3657892
8.684,0.6342108,0.3657892
8.685,0.6342108,0.3657892
8.686,0.6342108,0.3657892
8.687,0.6342108,0.3657892
8.688,0.6342108,0.3657892
8.689,0.6342108,0.3657892
8.69,0.6342108,0.3657892
8.691,0.6342108,0.3657892
8.692,0.6342108,0.3657892
8.693,0.6342108,0.3657892
8.694,0.6342108,0.3657892
8.695,0.6342108,0.3657892
8.696,0.6342108,0.3657892
8.697,0.6342108,0.3657892
8.698,0.6342108,0.3657892
8.699,0.6342108,0.3657892
8.7,0.6342108,0.3657892
8.701,0.6342108,0.3657892
8.702,0.6342108,0.3657892
8.703,0.6342108,0.3657892
8.704,0.6342108,0.3657892
8.705,0.6342108,0.3657892
8.706,0.6342108,0.3657892
8.707,0.6342108,0.3657892
8.708,0.6342108,0.3657892
8.709,0.6342108,0.3657892
8.71,0.6342108,0.3657892
8.711,0.6342108,0.3657892
8.712,0.6342108,0.3657892
8.713,0.6342108,0.3657892
8.714,0.6342108,0.3657892
8.715,0.6342108,0.3657892
8.716,0.6342108,0.3657892
8.717,0.6342108,0.3657892
8.718,0.6342108,0.3657892
8.719,0.6342108,0.3657892
8.72,0.6342108,0.3657892
8.721,0.6342108,0.3657892
8.722,0.6342108,0.3657892
8.723,0.6342108,0.3657892
8.724,0.6342108,0.3657892
8.725,0.6342108,0.3657892
8.726,0.6342108,0.3657892
8.727,0.6342108,0.3657892
8.728,0.6342108,0.3657892
8.729,0.6342108,0.3657892
8.73,0.6342108,0.3657892
8.731,0.6342108,0.3657892
8.732,0.6342108,0.3657892
8.733,0.6342108,0.3657892
8.734,0.6342108,0.3657892
8.735,0.6342108,0.3657892
8.736,0.6342108,0.3657892
8.737,0.6342108,0.3657892
8.738,0.6342108,0.3657892
8.739,0.6342108,0.3657892
8.74,0.6342108,0.3657892
8.741,0.6342108,0.3657892
8.742,0.6342108,0.3657892
8.743,0.6342108,0.3657892
8.744,0.6342108,0.3657892
8.745,0.6342108,0.3657892
8.746,0.6342108,0.3657892
8.747,0.6342108,0.3657892
8.748,0.6342108,0.3657892
8.749,0.6342108,0.3657892
8.75,0.6342108,0.3657892
8.751,0.6342108,0.3657892
8.752,0.6342108,0.3657892
8.753,0.6342108,0.3657892
8.754,0.6342108,0.3657892
8.755,0.6342108,0.3657892
8.756,0.6342108,0.3657892
8.757,0.6342108,0.3657892
8.758,0.6342108,0.3657892
8.759,0.6342108,0.3657892
8.76,0.6342108,0.3657892
8.761,0.6342108,0.3657892
8.762,0.6342108,0.3657892
8.763,0.6342108,0.3657892
8.764,0.6342108,0.3657892
8.765,0.6342108,0.3657892
8.766,0.6342108,0.3657892
8.767,0.6342108,0.3657892
8.768,0.6342108,0.3657892
8.769,0.6342108,0.3657892
8.77,0.6342108,0.3657892
8.771,0.6342108,0.3657892
8.772,0.6342108,0.3657892
8.773,0.6342108,0.3657892
8.774,0.6342108,0.3657892
8.775,0.6342108,0.3657892
8.776,0.6342108,0.3657892
8.777,0.6342108,0.3657892
8.778,0.6342108,0.3657892
8.779,0.6342108,0.3657892
8.78,0.6342108,0.3657892
8.781,0.6342108,0.3657892
8.782,0.6342108,0.3657892
8.783,0.6342108,0.3657892
8.784,0.6342108,0.3657892
8.785,0.6342108,0.3657892
8.786,0.6342108,0.3657892
8.787,0.6342108,0.3657892
8.788,0.6342108,0.3657892
8.789,0.6342108,0.3657892
8.79,0.6342108,0.3657892
8.791,0.6342108,0.3657892
8.792,0.6342108,0.3657892
8.793,0.6342108,0.3657892
8.794,0.6342108,0.3657892
8.795,0.6342108,0.3657892
8.796,0.6342108,0.3657892
8.797,0.6342108,0.3657892
8.798,0.6342108,0.3657892
8.799,0.6342108,0.3657892
8.8,0.6342108,0.3657892
8.801,0.6342108,0.3657892
8.802,0.6342108,0.3657892
8.803,0.6342108,0.3657892
8.804,0.6342108,0.3657892
8.805,0.6342108,0.3657892
8.806,0.6342108,0.3657892
8.807,0.6342108,0.3657892
8.808,0.6342108,0.3657892
8.809,0.6342108,0.3657892
8.81,0.6342108,0.3657892
8.811,0.6342108,0.3657892
8.812,0.6342108,0.3657892
8.813,0.6342108,0.3657892
8.814,0.6342108,0.3657892
8.815,0.6342108,0.3657892
8.816,0.6342108,0.3657892
8.817,0.6342108,0.3657892
8.818,0.6342108,0.3657892
8.819,0.6342108,0.3657892
8.82,0.6342108,0.3657892
8.821,0.6342108,0.3657892
8.822,0.6342108,0.3657892
8.823,0.6342108,0.3657892
8.824,0.6342108,0.3657892
8.825,0.6342108,0.3657892
8.826,0.6342108,0.3657892
8.827,0.6342108,0.3657892
8.828,0.6342108,0.3657892
8.829,0.6342108,0.3657892
8.83,0.6342108,0.3657892
8.831,0.6342108,0.3657892
8.832,0.6342108,0.3657892
8.833,0.6342108,0.3657892
8.834,0.6342108,0.3657892
8.835,0.6342108,0.3657892
8.836,0.6342108,0.3657892
8.837,0.6342108,0.3657892
8.838,0.6342108,0.3657892
8.839,0.6342108,0.3657892
8.84,0.6342108,0.3657892
8.841,0.6342108,0.3657892
8.842,0.6342108,0.3657892
8.843,0.6342108,0.3657892
8.844,0.6342108,0.3657892
8.845,0.6342108,0.3657892
8.846,0.6342108,0.3657892
8.847,0.6342108,0.3657892
8.848,0.6342108,0.3657892
8.849,0.6342108,0.3657892
8.85,0.6342108,0.3657892
8.851,0.6342108,0.3657892
8.852,0.6342108,0.3657892
8.853,0.6342108,0.3657892
8.854,0.6342108,0.3657892
8.855,0.6342108,0.3657892
8.856,0.6342108,0.3657892
8.857,0.6342108,0.3657892
8.858,0.6342108,0.3657892
8.859,0.6342108,0.3657892
8.86,0.6342108,0.3657892
8.861,0.6342108,0.3657892
8.862,0.6342108,0.3657892
8.863,0.6342108,0.3657892
8.864,0.6342108,0.3657892
8.865,0.6342108,0.3657892
8.866,0.6342108,0.3657892
8.867,0.6342108,0.3657892
8.868,0.6342108,0.3657892
8.869,0.6342108,0.3657892
8.87,0.6342108,0.3657892
8.871,0.6342108,0.3657892
8.872,0.6342108,0.3657892
8.873,0.6342108,0.3657892
8.874,0.6342108,0.3657892
8.875,0.6342108,0.3657892
8.876,0.6342108,0.3657892
8.877,0.6342108,0.3657892
8.878,0.6342108,0.3657892
8.879,0.6342108,0.3657892
8.88,0.6342108,0.3657892
8.881,0.6342108,0.3657892
8.882,0.6342108,0.3657892
8.883,0.6342108,0.3657892
8.884,0.6342108,0.3657892
8.885,0.6342108,0.3657892
8.886,0.6342108,0.3657892
8.887,0.6342108,0.3657892
8.888,0.6342108,0.3657892
8.889,0.6342108,0.3657892
8.89,0.6342108,0.3657892
8.891,0.6342108,0.3657892
8.892,0.6342108,0.3657892
8.893,0.6342108,0.3657892
8.894,0.6342108,0.3657892
8.895,0.6342108,0.3657892
8.896,0.6342108,0.3657892
8.897,0.6342108,0.3657892
8.898,0.6342108,0.3657892
8.899,0.6342108,0.3657892
8.9,0.6342108,0.3657892
8.901,0.6342108,0.3657892
8.902,0.6342108,0.3657892
8.903,0.6342108,0.3657892
8.904,0.6342108,0.3657892
8.905,0.6342108,0.3657892
8.906,0.6342108,0.3657892
8.907,0.6342108,0.3657892
8.908,0.6342108,0.3657892
8.909,0.6342108,0.3657892
8.91,0.6342108,0.3657892
8.911,0.6342108,0.3657892
8.912,0.6342108,0.3657892
8.913,0.6342108,0.3657892
8.914,0.6342108,0.3657892
8.915,0.6342108,0.3657892
8.916,0.6342108,0.3657892
8.917,0.6342108,0.3657892
8.918,0.6342108,0.3657892
8.919,0.6342108,0.3657892
8.92,0.6342108,0.3657892
8.921,0.6342108,0.3657892
8.922,0.6342108,0.3657892
8.923,0.6342108,0.3657892
8.924,0.6342108,0.3657892
8.925,0.6342108,0.3657892
8.926,0.6342108,0.3657892
8.927,0.6342108,0.3657892
8.928,0.6342108,0.3657892
8.929,0.6342108,0.3657892
8.93,0.6342108,0.3657892
8.931,0.6342108,0.3657892
8.932,0.6342108,0.3657892
8.933,0.6342108,0.3657892
8.934,0.6342108,0.3657892
8.935,0.6342108,0.3657892
8.936,0.6342108,0.3657892
8.937,0.6342108,0.3657892
8.938,0.6342108,0.3657892
8.939,0.6342108,0.3657892
8.94,0.6342108,0.3657892
8.941,0.6342108,0.3657892
8.942,0.6342108,0.3657892
8.943,0.6342108,0.3657892
8.944,0.6342108,0.3657892
8.945,0.6342108,0.3657892
8.946,0.6342108,0.3657892
8.947,0.6342108,0.3657892
8.948,0.6342108,0.3657892
8.949,0.6342108,0.3657892
8.95,0.6342108,0.3657892
8.951,0.6342108,0.3657892
8.952,0.6342108,0.3657892
8.953,0.6342108,0.3657892
8.954,0.6342108,0.3657892
8.955,0.6342108,0.3657892
8.956,0.6342108,0.3657892
8.957,0.6342108,0.3657892
8.958,0.6342108,0.3657892
8.959,0.6342108,0.3657892
8.96,0.6342108,0.3657892
8.961,0.6342108,0.3657892
8.962,0.6342108,0.3657892
8.963,0.6342108,0.3657892
8.964,0.6342108,0.3657892
8.965,0.6342108,0.3657892
8.966,0.6342108,0.3657892
8.967,0.6342108,0.3657892
8.968,0.6342108,0.3657892
8.969,0.6342108,0.3657892
8.97,0.6342108,0.3657892
8.971,0.6342108,0.3657892
8.972,0.6342108,0.3657892
8.973,0.6342108,0.3657892
8.974,0.6342108,0.3657892
8.975,0.6342108,0.3657892
8.976,0.6342108,0.3657892
8.977,0.6342108,0.3657892
8.978,0.6342108,0.3657892
8.979,0.6342108,0.3657892
8.98,0.6342108,0.3657892
8.981,0.6342108,0.3657892
8.982,0.6342108,0.3657892
8.983,0.6342108,0.3657892
8.984,0.6342108,0.3657892
8.985,0.6342108,0.3657892
8.986,0.6342108,0.3657892
8.987,0.6342108,0.3657892
8.988,0.6342108,0.3657892
8.989,0.6342108,0.3657892
8.99,0.6342108,0.3657892
8.991,0.6342108,0.3657892
8.992,0.6342108,0.3657892
8.993,0.6342108,0.3657892
8.994,0.6342108,0.3657892
8.995,0.6342108,0.3657892
8.996,0.6342108,0.3657892
8.997,0.6342108,0.3657892
8.998,0.6342108,0.3657892
8.999,0.6342108,0.3657892
9.0,0.6342108,0.3657892
9.001,0.6342108,0.3657892
9.002,0.6342108,0.3657892
9.003,0.6342108,0.3657892
9.004,0.6342108,0.3657892
9.005,0.6342108,0.3657892
9.006,0.6342108,0.3657892
9.007,0.6342108,0.3657892
9.008,0.6342108,0.3657892
9.009,0.6342108,0.3657892
9.01,0.6342108,0.3657892
9.011,0.6342108,0.3657892
9.012,0.6342108,0.3657892
9.013,0.6342108,0.3657892
9.014,0.6342108,0.3657892
9.015,0.6342108,0.3657892
9.016,0.6342108,0.3657892
9.017,0.6342108,0.3657892
9.018,0.6342108,0.3657892
9.019,0.6342108,0.3657892
9.02,0.6342108,0.3657892
9.021,0.6342108,0.3657892
9.022,0.6342108,0.3657892
9.023,0.6342108,0.3657892
9.024,0.6342108,0.3657892
9.025,0.6342108,0.3657892
9.026,0.6342108,0.3657892
9.027,0.6342108,0.3657892
9.028,0.6342108,0.3657892
9.029,0.6342108,0.3657892
9.03,0.6342108,0.3657892
9.031,0.6342108,0.3657892
9.032,0.6342108,0.3657892
9.033,0.6342108,0.3657892
9.034,0.6342108,0.3657892
9.035,0.6342108,0.3657892
9.036,0.6342108,0.3657892
9.037,0.6342108,0.3657892
9.038,0.6342108,0.3657892
9.039,0.6342108,0.3657892
9.04,0.6342108,0.3657892
9.041,0.6342108,0.3657892
9.042,0.6342108,0.3657892
9.043,0.6342108,0.3657892
9.044,0.6342108,0.3657892
9.045,0.6342108,0.3657892
9.046,0.6342108,0.3657892
9.047,0.6342108,0.3657892
9.048,0.6342108,0.3657892
9.049,0.6342108,0.3657892
9.05,0.6342108,0.3657892
9.051,0.6342108,0.3657892
9.052,0.6342108,0.3657892
9.053,0.6342108,0.3657892
9.054,0.6342108,0.3657892
9.055,0.6342108,0.3657892
9.056,0.6342108,0.3657892
9.057,0.6342108,0.3657892
9.058,0.6342108,0.3657892
9.059,0.6342108,0.3657892
9.06,0.6342108,0.3657892
9.061,0.6342108,0.3657892
9.062,0.6342108,0.3657892
9.063,0.6342108,0.3657892
9.064,0.6342108,0.3657892
9.065,0.6342108,0.3657892
9.066,0.6342108,0.3657892
9.067,0.6342108,0.3657892
9.068,0.6342108,0.3657892
9.069,0.6342108,0.3657892
9.07,0.6342108,0.3657892
9.071,0.6342108,0.3657892
9.072,0.6342108,0.3657892
9.073,0.6342108,0.3657892
9.074,0.6342108,0.3657892
9.075,0.6342108,0.3657892
9.076,0.6342108,0.3657892
9.077,0.6342108,0.3657892
9.078,0.6342108,0.3657892
9.079,0.6342108,0.3657892
9.08,0.6342108,0.3657892
9.081,0.6342108,0.3657892
9.082,0.6342108,0.3657892
9.083,0.6342108,0.3657892
9.084,0.6342108,0.3657892
9.085,0.6342108,0.3657892
9.086,0.6342108,0.3657892
9.087,0.6342108,0.3657892
9.088,0.6342108,0.3657892
9.089,0.6342108,0.3657892
9.09,0.6342108,0.3657892
9.091,0.6342108,0.3657892
9.092,0.6342108,0.3657892
9.093,0.6342108,0.3657892
9.094,0.6342108,0.3657892
9.095,0.6342108,0.3657892
9.096,0.6342108,0.3657892
9.097,0.6342108,0.3657892
9.098,0.6342108,0.3657892
9.099,0.6342108,0.3657892
9.1,0.6342108,0.3657892
9.101,0.6342108,0.3657892
9.102,0.6342108,0.3657892
9.103,0.6342108,0.3657892
9.104,0.6342108,0.3657892
9.105,0.6342108,0.3657892
9.106,0.6342108,0.3657892
9.107,0.6342108,0.3657892
9.108,0.6342108,0.3657892
9.109,0.6342108,0.3657892
9.11,0.6342108,0.3657892
9.111,0.6342108,0.3657892
9.112,0.6342108,0.3657892
9.113,0.6342108,0.3657892
9.114,0.6342108,0.3657892
9.115,0.6342108,0.3657892
9.116,0.6342108,0.3657892
9.117,0.6342108,0.3657892
9.118,0.6342108,0.3657892
9.119,0.6342108,0.3657892
9.12,0.6342108,0.3657892
9.121,0.6342108,0.3657892
9.122,0.6342108,0.3657892
9.123,0.6342108,0.3657892
9.124,0.6342108,0.3657892
9.125,0.6342108,0.3657892
9.126,0.6342108,0.3657892
9.127,0.6342108,0.3657892
9.128,0.6342108,0.3657892
9.129,0.6342108,0.3657892
9.13,0.6342108,0.3657892
9.131,0.6342108,0.3657892
9.132,0.6342108,0.3657892
9.133,0.6342108,0.3657892
9.134,0.6342108,0.3657892
9.135,0.6342108,0.3657892
9.136,0.6342108,0.3657892
9.137,0.6342108,0.3657892
9.138,0.6342108,0.3657892
9.139,0.6342108,0.3657892
9.14,0.6342108,0.3657892
9.141,0.6342108,0.3657892
9.142,0.6342108,0.3657892
9.143,0.6342108,0.3657892
9.144,0.6342108,0.3657892
9.145,0.6342108,0.3657892
9.146,0.6342108,0.3657892
9.147,0.6342108,0.3657892
9.148,0.6342108,0.3657892
9.149,0.6342108,0.3657892
9.15,0.6342108,0.3657892
9.151,0.6342108,0.3657892
9.152,0.6342108,0.3657892
9.153,0.6342108,0.3657892
9.154,0.6342108,0.3657892
9.155,0.6342108,0.3657892
9.156,0.6342108,0.3657892
9.157,0.6342108,0.3657892
9.158,0.6342108,0.3657892
9.159,0.6342108,0.3657892
9.16,0.6342108,0.3657892
9.161,0.6342108,0.3657892
9.162,0.6342108,0.3657892
9.163,0.6342108,0.3657892
9.164,0.6342108,0.3657892
9.165,0.6342108,0.3657892
9.166,0.6342108,0.3657892
9.167,0.6342108,0.3657892
9.168,0.6342108,0.3657892
9.169,0.6342108,0.3657892
9.17,0.6342108,0.3657892
9.171,0.6342108,0.3657892
9.172,0.6342108,0.3657892
9.173,0.6342108,0.3657892
9.174,0.6342108,0.3657892
9.175,0.6342108,0.3657892
9.176,0.6342108,0.3657892
9.177,0.6342108,0.3657892
9.178,0.6342108,0.3657892
9.179,0.6342108,0.3657892
9.18,0.6342108,0.3657892
9.181,0.6342108,0.3657892
9.182,0.6342108,0.3657892
9.183,0.6342108,0.3657892
9.184,0.6342108,0.3657892
9.185,0.6342108,0.3657892
9.186,0.6342108,0.3657892
9.187,0.6342108,0.3657892
9.188,0.6342108,0.3657892
9.189,0.6342108,0.3657892
9.19,0.6342108,0.3657892
9.191,0.6342108,0.3657892
9.192,0.6342108,0.3657892
9.193,0.6342108,0.3657892
9.194,0.6342108,0.3657892
9.195,0.6342108,0.3657892
9.196,0.6342108,0.3657892
9.197,0.6342108,0.3657892
9.198,0.6342108,0.3657892
9.199,0.6342108,0.3657892
9.2,0.6342108,0.3657892
9.201,0.6342108,0.3657892
9.202,0.6342108,0.3657892
9.203,0.6342108,0.3657892
9.204,0.6342108,0.3657892
9.205,0.6342108,0.3657892
9.206,0.6342108,0.3657892
9.207,0.6342108,0.3657892
9.208,0.6342108,0.3657892
9.209,0.6342108,0.3657892
9.21,0.6342108,0.3657892
9.211,0.6342108,0.3657892
9.212,0.6342108,0.3657892
9.213,0.6342108,0.3657892
9.214,0.6342108,0.3657892
9.215,0.6342108,0.3657892
9.216,0.6342108,0.3657892
9.217,0.6342108,0.3657892
9.218,0.6342108,0.3657892
9.219,0.6342108,0.3657892
9.22,0.6342108,0.3657892
9.221,0.6342108,0.3657892
9.222,0.6342108,0.3657892
9.223,0.6342108,0.3657892
9.224,0.6342108,0.3657892
9.225,0.6342108,0.3657892
9.226,0.6342108,0.3657892
9.227,0.6342108,0.3657892
9.228,0.6342108,0.3657892
9.229,0.6342108,0.3657892
9.23,0.6342108,0.3657892
9.231,0.6342108,0.3657892
9.232,0.6342108,0.3657892
9.233,0.6342108,0.3657892
9.234,0.6342108,0.3657892
9.235,0.6342108,0.3657892
9.236,0.6342108,0.3657892
9.237,0.6342108,0.3657892
9.238,0.6342108,0.3657892
9.239,0.6342108,0.3657892
9.24,0.6342108,0.3657892
9.241,0.6342108,0.3657892
9.242,0.6342108,0.3657892
9.243,0.6342108,0.3657892
9.244,0.6342108,0.3657892
9.245,0.6342108,0.3657892
9.246,0.6342108,0.3657892
9.247,0.6342108,0.3657892
9.248,0.6342108,0.3657892
9.249,0.6342108,0.3657892
9.25,0.6342108,0.3657892
9.251,0.6342108,0.3657892
9.252,0.6342108,0.3657892
9.253,0.6342108,0.3657892
9.254,0.6342108,0.3657892
9.255,0.6342108,0.3657892
9.256,0.6342108,0.3657892
9.257,0.6342108,0.3657892
9.258,0.6342108,0.3657892
9.259,0.6342108,0.3657892
9.26,0.6342108,0.3657892
9.261,0.6342108,0.3657892
9.262,0.6342108,0.3657892
9.263,0.6342108,0.3657892
9.264,0.6342108,0.3657892
9.265,0.6342108,0.3657892
9.266,0.6342108,0.3657892
9.267,0.6342108,0.3657892
9.268,0.6342108,0.3657892
9.269,0.6342108,0.3657892
9.27,0.6342108,0.3657892
9.271,0.6342108,0.3657892
9.272,0.6342108,0.3657892
9.273,0.6342108,0.3657892
9.274,0.6342108,0.3657892
9.275,0.6342108,0.3657892
9.276,0.6342108,0.3657892
9.277,0.6342108,0.3657892
9.278,0.6342108,0.3657892
9.279,0.6342108,0.3657892
9.28,0.6342108,0.3657892
9.281,0.6342108,0.3657892
9.282,0.6342108,0.3657892
9.283,0.6342108,0.3657892
9.284,0.6342108,0.3657892
9.285,0.6342108,0.3657892
9.286,0.6342108,0.3657892
9.287,0.6342108,0.3657892
9.288,0.6342108,0.3657892
9.289,0.6342108,0.3657892
9.29,0.6342108,0.3657892
9.291,0.6342108,0.3657892
9.292,0.6342108,0.3657892
9.293,0.6342108,0.3657892
9.294,0.6342108,0.3657892
9.295,0.6342108,0.3657892
9.296,0.6342108,0.3657892
9.297,0.6342108,0.3657892
9.298,0.6342108,0.3657892
9.299,0.6342108,0.3657892
9.3,0.6342108,0.3657892
9.301,0.6342108,0.3657892
9.302,0.6342108,0.3657892
9.303,0.6342108,0.3657892
9.304,0.6342108,0.3657892
9.305,0.6342108,0.3657892
9.306,0.6342108,0.3657892
9.307,0.6342108,0.3657892
9.308,0.6342108,0.3657892
9.309,0.6342108,0.3657892
9.31,0.6342108,0.3657892
9.311,0.6342108,0.3657892
9.312,0.6342108,0.3657892
9.313,0.6342108,0.3657892
9.314,0.6342108,0.3657892
9.315,0.6342108,0.3657892
9.316,0.6342108,0.3657892
9.317,0.6342108,0.3657892
9.318,0.6342108,0.3657892
9.319,0.6342108,0.3657892
9.32,0.6342108,0.3657892
9.321,0.6342108,0.3657892
9.322,0.6342108,0.3657892
9.323,0.6342108,0.3657892
9.324,0.6342108,0.3657892
9.325,0.6342108,0.3657892
9.326,0.6342108,0.3657892
9.327,0.6342108,0.3657892
9.328,0.6342108,0.3657892
9.329,0.6342108,0.3657892
9.33,0.6342108,0.3657892
9.331,0.6342108,0.3657892
9.332,0.6342108,0.3657892
9.333,0.6342108,0.3657892
9.334,0.6342108,0.3657892
9.335,0.6342108,0.3657892
9.336,0.6342108,0.3657892
9.337,0.6342108,0.3657892
9.338,0.6342108,0.3657892
9.339,0.6342108,0.3657892
9.34,0.6342108,0.3657892
9.341,0.6342108,0.3657892
9.342,0.6342108,0.3657892
9.343,0.6342108,0.3657892
9.344,0.6342108,0.3657892
9.345,0.6342108,0.3657892
9.346,0.6342108,0.3657892
9.347,0.6342108,0.3657892
9.348,0.6342108,0.3657892
9.349,0.6342108,0.3657892
9.35,0.6342108,0.3657892
9.351,0.6342108,0.3657892
9.352,0.6342108,0.3657892
9.353,0.6342108,0.3657892
9.354,0.6342108,0.3657892
9.355,0.6342108,0.3657892
9.356,0.6342108,0.3657892
9.357,0.6342108,0.3657892
9.358,0.6342108,0.3657892
9.359,0.6342108,0.3657892
9.36,0.6342108,0.3657892
9.361,0.6342108,0.3657892
9.362,0.6342108,0.3657892
9.363,0.6342108,0.3657892
9.364,0.6342108,0.3657892
9.365,0.6342108,0.3657892
9.366,0.6342108,0.3657892
9.367,0.6342108,0.3657892
9.368,0.6342108,0.3657892
9.369,0.6342108,0.3657892
9.37,0.6342108,0.3657892
9.371,0.6342108,0.3657892
9.372,0.6342108,0.3657892
9.373,0.6342108,0.3657892
9.374,0.6342108,0.3657892
9.375,0.6342108,0.3657892
9.376,0.6342108,0.3657892
9.377,0.6342108,0.3657892
9.378,0.6342108,0.3657892
9.379,0.6342108,0.3657892
9.38,0.6342108,0.3657892
9.381,0.6342108,0.3657892
9.382,0.6342108,0.3657892
9.383,0.6342108,0.3657892
9.384,0.6342108,0.3657892
9.385,0.6342108,0.3657892
9.386,0.6342108,0.3657892
9.387,0.6342108,0.3657892
9.388,0.6342108,0.3657892
9.389,0.6342108,0.3657892
9.39,0.6342108,0.3657892
9.391,0.6342108,0.3657892
9.392,0.6342108,0.3657892
9.393,0.6342108,0.3657892
9.394,0.6342108,0.3657892
9.395,0.6342108,0.3657892
9.396,0.6342108,0.3657892
9.397,0.6342108,0.3657892
9.398,0.6342108,0.3657892
9.399,0.6342108,0.3657892
9.4,0.6342108,0.3657892
9.401,0.6342108,0.3657892
9.402,0.6342108,0.3657892
9.403,0.6342108,0.3657892
9.404,0.6342108,0.3657892
9.405,0.6342108,0.3657892
9.406,0.6342108,0.3657892
9.407,0.6342108,0.3657892
9.408,0.6342108,0.3657892
9.409,0.6342108,0.3657892
9.41,0.6342108,0.3657892
9.411,0.6342108,0.3657892
9.412,0.6342108,0.3657892
9.413,0.6342108,0.3657892
9.414,0.6342108,0.3657892
9.415,0.6342108,0.3657892
9.416,0.6342108,0.3657892
9.417,0.6342108,0.3657892
9.418,0.6342108,0.3657892
9.419,0.6342108,0.3657892
9.42,0.6342108,0.3657892
9.421,0.6342108,0.3657892
9.422,0.6342108,0.3657892
9.423,0.6342108,0.3657892
9.424,0.6342108,0.3657892
9.425,0.6342108,0.3657892
9.426,0.6342108,0.3657892
9.427,0.6342108,0.3657892
9.428,0.6342108,0.3657892
9.429,0.6342108,0.3657892
9.43,0.6342108,0.3657892
9.431,0.6342108,0.3657892
9.432,0.6342108,0.3657892
9.433,0.6342108,0.3657892
9.434,0.6342108,0.3657892
9.435,0.6342108,0.3657892
9.436,0.6342108,0.3657892
9.437,0.6342108,0.3657892
9.438,0.6342108,0.3657892
9.439,0.6342108,0.3657892
9.44,0.6342108,0.3657892
9.441,0.6342108,0.3657892
9.442,0.6342108,0.3657892
9.443,0.6342108,0.3657892
9.444,0.6342108,0.3657892
9.445,0.6342108,0.3657892
9.446,0.6342108,0.3657892
9.447,0.6342108,0.3657892
9.448,0.6342108,0.3657892
9.449,0.6342108,0.3657892
9.45,0.6342108,0.3657892
9.451,0.6342108,0.3657892
9.452,0.6342108,0.3657892
9.453,0.6342108,0.3657892
9.454,0.6342108,0.3657892
9.455,0.6342108,0.3657892
9.456,0.6342108,0.3657892
9.457,0.6342108,0.3657892
9.458,0.6342108,0.3657892
9.459,0.6342108,0.3657892
9.46,0.6342108,0.3657892
9.461,0.6342108,0.3657892
9.462,0.6342108,0.3657892
9.463,0.6342108,0.3657892
9.464,0.6342108,0.3657892
9.465,0.6342108,0.3657892
9.466,0.6342108,0.3657892
9.467,0.6342108,0.3657892
9.468,0.6342108,0.3657892
9.469,0.6342108,0.3657892
9.47,0.6342108,0.3657892
9.471,0.6342108,0.3657892
9.472,0.6342108,0.3657892
9.473,0.6342108,0.3657892
9.474,0.6342108,0.3657892
9.475,0.6342108,0.3657892
9.476,0.6342108,0.3657892
9.477,0.6342108,0.3657892
9.478,0.6342108,0.3657892
9.479,0.6342108,0.3657892
9.48,0.6342108,0.3657892
9.481,0.6342108,0.3657892
9.482,0.6342108,0.3657892
9.483,0.6342108,0.3657892
9.484,0.6342108,0.3657892
9.485,0.6342108,0.3657892
9.486,0.6342108,0.3657892
9.487,0.6342108,0.3657892
9.488,0.6342108,0.3657892
9.489,0.6342108,0.3657892
9.49,0.6342108,0.3657892
9.491,0.6342108,0.3657892
9.492,0.6342108,0.3657892
9.493,0.6342108,0.3657892
9.494,0.6342108,0.3657892
9.495,0.6342108,0.3657892
9.496,0.6342108,0.3657892
9.497,0.6342108,0.3657892
9.498,0.6342108,0.3657892
9.499,0.6342108,0.3657892
9.5,0.6342108,0.3657892
9.501,0.6342108,0.3657892
9.502,0.6342108,0.3657892
9.503,0.6342108,0.3657892
9.504,0.6342108,0.3657892
9.505,0.6342108,0.3657892
9.506,0.6342108,0.3657892
9.507,0.6342108,0.3657892
9.508,0.6342108,0.3657892
9.509,0.6342108,0.3657892
9.51,0.6342108,0.3657892
9.511,0.6342108,0.3657892
9.512,0.6342108,0.3657892
9.513,0.6342108,0.3657892
9.514,0.6342108,0.3657892
9.515,0.6342108,0.3657892
9.516,0.6342108,0.3657892
9.517,0.6342108,0.3657892
9.518,0.6342108,0.3657892
9.519,0.6342108,0.3657892
9.52,0.6342108,0.3657892
9.521,0.6342108,0.3657892
9.522,0.6342108,0.3657892
9.523,0.6342108,0.3657892
9.524,0.6342108,0.3657892
9.525,0.6342108,0.3657892
9.526,0.6342108,0.3657892
9.527,0.6342108,0.3657892
9.528,0.6342108,0.3657892
9.529,0.6342108,0.3657892
9.53,0.6342108,0.3657892
9.531,0.6342108,0.3657892
9.532,0.6342108,0.3657892
9.533,0.6342108,0.3657892
9.534,0.6342108,0.3657892
9.535,0.6342108,0.3657892
9.536,0.6342108,0.3657892
9.537,0.6342108,0.3657892
9.538,0.6342108,0.3657892
9.539,0.6342108,0.3657892
9.54,0.6342108,0.3657892
9.541,0.6342108,0.3657892
9.542,0.6342108,0.3657892
9.543,0.6342108,0.3657892
9.544,0.6342108,0.3657892
9.545,0.6342108,0.3657892
9.546,0.6342108,0.3657892
9.547,0.6342108,0.3657892
9.548,0.6342108,0.3657892
9.549,0.6342108,0.3657892
9.55,0.6342108,0.3657892
9.551,0.6342108,0.3657892
9.552,0.6342108,0.3657892
9.553,0.6342108,0.3657892
9.554,0.6342108,0.3657892
9.555,0.6342108,0.3657892
9.556,0.6342108,0.3657892
9.557,0.6342108,0.3657892
9.558,0.6342108,0.3657892
9.559,0.6342108,0.3657892
9.56,0.6342108,0.3657892
9.561,0.6342108,0.3657892
9.562,0.6342108,0.3657892
9.563,0.6342108,0.3657892
9.564,0.6342108,0.3657892
9.565,0.6342108,0.3657892
9.566,0.6342108,0.3657892
9.567,0.6342108,0.3657892
9.568,0.6342108,0.3657892
9.569,0.6342108,0.3657892
9.57,0.6342108,0.3657892
9.571,0.6342108,0.3657892
9.572,0.6342108,0.3657892
9.573,0.6342108,0.3657892
9.574,0.6342108,0.3657892
9.575,0.6342108,0.3657892
9.576,0.6342108,0.3657892
9.577,0.6342108,0.3657892
9.578,0.6342108,0.3657892
9.579,0.6342108,0.3657892
9.58,0.6342108,0.3657892
9.581,0.6342108,0.3657892
9.582,0.6342108,0.3657892
9.583,0.6342108,0.3657892
9.584,0.6342108,0.3657892
9.585,0.6342108,0.3657892
9.586,0.6342108,0.3657892
9.587,0.6342108,0.3657892
9.588,0.6342108,0.3657892
9.589,0.6342108,0.3657892
9.59,0.6342108,0.3657892
9.591,0.6342108,0.3657892
9.592,0.6342108,0.3657892
9.593,0.6342108,0.3657892
9.594,0.6342108,0.3657892
9.595,0.6342108,0.3657892
9.596,0.6342108,0.3657892
9.597,0.6342108,0.3657892
9.598,0.6342108,0.3657892
9.599,0.6342108,0.3657892
9.6,0.6342108,0.3657892
9.601,0.6342108,0.3657892
9.602,0.6342108,0.3657892
9.603,0.6342108,0.3657892
9.604,0.6342108,0.3657892
9.605,0.6342108,0.3657892
9.606,0.6342108,0.3657892
9.607,0.6342108,0.3657892
9.608,0.6342108,0.3657892
9.609,0.6342108,0.3657892
9.61,0.6342108,0.3657892
9.611,0.6342108,0.3657892
9.612,0.6342108,0.3657892
9.613,0.6342108,0.3657892
9.614,0.6342108,0.3657892
9.615,0.6342108,0.3657892
9.616,0.6342108,0.3657892
9.617,0.6342108,0.3657892
9.618,0.6342108,0.3657892
9.619,0.6342108,0.3657892
9.62,0.6342108,0.3657892
9.621,0.6342108,0.3657892
9.622,0.6342108,0.3657892
9.623,0.6342108,0.3657892
9.624,0.6342108,0.3657892
9.625,0.6342108,0.3657892
9.626,0.6342108,0.3657892
9.627,0.6342108,0.3657892
9.628,0.6342108,0.3657892
9.629,0.6342108,0.3657892
9.63,0.6342108,0.3657892
9.631,0.6342108,0.3657892
9.632,0.6342108,0.3657892
9.633,0.6342108,0.3657892
9.634,0.6342108,0.3657892
9.635,0.6342108,0.3657892
9.636,0.6342108,0.3657892
9.637,0.6342108,0.3657892
9.638,0.6342108,0.3657892
9.639,0.6342108,0.3657892
9.64,0.6342108,0.3657892
9.641,0.6342108,0.3657892
9.642,0.6342108,0.3657892
9.643,0.6342108,0.3657892
9.644,0.6342108,0.3657892
9.645,0.6342108,0.3657892
9.646,0.6342108,0.3657892
9.647,0.6342108,0.3657892
9.648,0.6342108,0.3657892
9.649,0.6342108,0.3657892
9.65,0.6342108,0.3657892
9.651,0.6342108,0.3657892
9.652,0.6342108,0.3657892
9.653,0.6342108,0.3657892
9.654,0.6342108,0.3657892
9.655,0.6342108,0.3657892
9.656,0.6342108,0.3657892
9.657,0.6342108,0.3657892
9.658,0.6342108,0.3657892
9.659,0.6342108,0.3657892
9.66,0.6342108,0.3657892
9.661,0.6342108,0.3657892
9.662,0.6342108,0.3657892
9.663,0.6342108,0.3657892
9.664,0.6342108,0.3657892
9.665,0.6342108,0.3657892
9.666,0.6342108,0.3657892
9.667,0.6342108,0.3657892
9.668,0.6342108,0.3657892
9.669,0.6342108,0.3657892
9.67,0.6342108,0.3657892
9.671,0.6342108,0.3657892
9.672,0.6342108,0.3657892
9.673,0.6342108,0.3657892
9.674,0.6342108,0.3657892
9.675,0.6342108,0.3657892
9.676,0.6342108,0.3657892
9.677,0.6342108,0.3657892
9.678,0.6342108,0.3657892
9.679,0.6342108,0.3657892
9.68,0.6342108,0.3657892
9.681,0.6342108,0.3657892
9.682,0.6342108,0.3657892
9.683,0.6342108,0.3657892
9.684,0.6342108,0.3657892
9.685,0.6342108,0.3657892
9.686,0.6342108,0.3657892
9.687,0.6342108,0.3657892
9.688,0.6342108,0.3657892
9.689,0.6342108,0.3657892
9.69,0.6342108,0.3657892
9.691,0.6342108,0.3657892
9.692,0.6342108,0.3657892
9.693,0.6342108,0.3657892
9.694,0.6342108,0.3657892
9.695,0.6342108,0.3657892
9.696,0.6342108,0.3657892
9.697,0.6342108,0.3657892
9.698,0.6342108,0.3657892
9.699,0.6342108,0.3657892
9.7,0.6342108,0.3657892
9.701,0.6342108,0.3657892
9.702,0.6342108,0.3657892
9.703,0.6342108,0.3657892
9.704,0.6342108,0.3657892
9.705,0.6342108,0.3657892
9.706,0.6342108,0.3657892
9.707,0.6342108,0.3657892
9.708,0.6342108,0.3657892
9.709,0.6342108,0.3657892
9.71,0.6342108,0.3657892
9.711,0.6342108,0.3657892
9.712,0.6342108,0.3657892
9.713,0.6342108,0.3657892
9.714,0.6342108,0.3657892
9.715,0.6342108,0.3657892
9.716,0.6342108,0.3657892
9.717,0.6342108,0.3657892
9.718,0.6342108,0.3657892
9.719,0.6342108,0.3657892
9.72,0.6342108,0.3657892
9.721,0.6342108,0.3657892
9.722,0.6342108,0.3657892
9.723,0.6342108,0.3657892
9.724,0.6342108,0.3657892
9.725,0.6342108,0.3657892
9.726,0.6342108,0.3657892
9.727,0.6342108,0.3657892
9.728,0.6342108,0.3657892
9.729,0.6342108,0.3657892
9.73,0.6342108,0.3657892
9.731,0.6342108,0.3657892
9.732,0.6342108,0.3657892
9.733,0.6342108,0.3657892
9.734,0.6342108,0.3657892
9.735,0.6342108,0.3657892
9.736,0.6342108,0.3657892
9.737,0.6342108,0.3657892
9.738,0.6342108,0.3657892
9.739,0.6342108,0.3657892
9.74,0.6342108,0.3657892
9.741,0.6342108,0.3657892
9.742,0.6342108,0.3657892
9.743,0.6342108,0.3657892
9.744,0.6342108,0.3657892
9.745,0.6342108,0.3657892
9.746,0.6342108,0.3657892
9.747,0.6342108,0.3657892
9.748,0.6342108,0.3657892
9.749,0.6342108,0.3657892
9.75,0.6342108,0.3657892
9.751,0.6342108,0.3657892
9.752,0.6342108,0.3657892
9.753,0.6342108,0.3657892
9.754,0.6342108,0.3657892
9.755,0.6342108,0.3657892
9.756,0.6342108,0.3657892
9.757,0.6342108,0.3657892
9.758,0.6342108,0.3657892
9.759,0.6342108,0.3657892
9.76,0.6342108,0.3657892
9.761,0.6342108,0.3657892
9.762,0.6342108,0.3657892
9.763,0.6342108,0.3657892
9.764,0.6342108,0.3657892
9.765,0.6342108,0.3657892
9.766,0.6342108,0.3657892
9.767,0.6342108,0.3657892
9.768,0.6342108,0.3657892
9.769,0.6342108,0.3657892
9.77,0.6342108,0.3657892
9.771,0.6342108,0.3657892
9.772,0.6342108,0.3657892
9.773,0.6342108,0.3657892
9.774,0.6342108,0.3657892
9.775,0.6342108,0.3657892
9.776,0.6342108,0.3657892
9.777,0.6342108,0.3657892
9.778,0.6342108,0.3657892
9.779,0.6342108,0.3657892
9.78,0.6342108,0.3657892
9.781,0.6342108,0.3657892
9.782,0.6342108,0.3657892
9.783,0.6342108,0.3657892
9.784,0.6342108,0.3657892
9.785,0.6342108,0.3657892
9.786,0.6342108,0.3657892
9.787,0.6342108,0.3657892
9.788,0.6342108,0.3657892
9.789,0.6342108,0.3657892
9.79,0.6342108,0.3657892
9.791,0.6342108,0.3657892
9.792,0.6342108,0.3657892
9.793,0.6342108,0.3657892
9.794,0.6342108,0.3657892
9.795,0.6342108,0.3657892
9.796,0.6342108,0.3657892
9.797,0.6342108,0.3657892
9.798,0.6342108,0.3657892
9.799,0.6342108,0.3657892
9.8,0.6342108,0.3657892
9.801,0.6342108,0.3657892
9.802,0.6342108,0.3657892
9.803,0.6342108,0.3657892
9.804,0.6342108,0.3657892
9.805,0.6342108,0.3657892
9.806,0.6342108,0.3657892
9.807,0.6342108,0.3657892
9.808,0.6342108,0.3657892
9.809,0.6342108,0.3657892
9.81,0.6342108,0.3657892
9.811,0.6342108,0.3657892
9.812,0.6342108,0.3657892
9.813,0.6342108,0.3657892
9.814,0.6342108,0.3657892
9.815,0.6342108,0.3657892
9.816,0.6342108,0.3657892
9.817,0.6342108,0.3657892
9.818,0.6342108,0.3657892
9.819,0.6342108,0.3657892
9.82,0.6342108,0.3657892
9.821,0.6342108,0.3657892
9.822,0.6342108,0.3657892
9.823,0.6342108,0.3657892
9.824,0.6342108,0.3657892
9.825,0.6342108,0.3657892
9.826,0.6342108,0.3657892
9.827,0.6342108,0.3657892
9.828,0.6342108,0.3657892
9.829,0.6342108,0.3657892
9.83,0.6342108,0.3657892
9.831,0.6342108,0.3657892
9.832,0.6342108,0.3657892
9.833,0.6342108,0.3657892
9.834,0.6342108,0.3657892
9.835,0.6342108,0.3657892
9.836,0.6342108,0.3657892
9.837,0.6342108,0.3657892
9.838,0.6342108,0.3657892
9.839,0.6342108,0.3657892
9.84,0.6342108,0.3657892
9.841,0.6342108,0.3657892
9.842,0.6342108,0.3657892
9.843,0.6342108,0.3657892
9.844,0.6342108,0.3657892
9.845,0.6342108,0.3657892
9.846,0.6342108,0.3657892
9.847,0.6342108,0.3657892
9.848,0.6342108,0.3657892
9.849,0.6342108,0.3657892
9.85,0.6342108,0.3657892
9.851,0.6342108,0.3657892
9.852,0.6342108,0.3657892
9.853,0.6342108,0.3657892
9.854,0.6342108,0.3657892
9.855,0.6342108,0.3657892
9.856,0.6342108,0.3657892
9.857,0.6342108,0.3657892
9.858,0.6342108,0.3657892
9.859,0.6342108,0.3657892
9.86,0.6342108,0.3657892
9.861,0.6342108,0.3657892
9.862,0.6342108,0.3657892
9.863,0.6342108,0.3657892
9.864,0.6342108,0.3657892
9.865,0.6342108,0.3657892
9.866,0.6342108,0.3657892
9.867,0.6342108,0.3657892
9.868,0.6342108,0.3657892
9.869,0.6342108,0.3657892
9.87,0.6342108,0.3657892
9.871,0.6342108,0.3657892
9.872,0.6342108,0.3657892
9.873,0.6342108,0.3657892
9.874,0.6342108,0.3657892
9.875,0.6342108,0.3657892
9.876,0.6342108,0.3657892
9.877,0.6342108,0.3657892
9.878,0.6342108,0.3657892
9.879,0.6342108,0.3657892
9.88,0.6342108,0.3657892
9.881,0.6342108,0.3657892
9.882,0.6342108,0.3657892
9.883,0.6342108,0.3657892
9.884,0.6342108,0.3657892
9.885,0.6342108,0.3657892
9.886,0.6342108,0.3657892
9.887,0.6342108,0.3657892
9.888,0.6342108,0.3657892
9.889,0.6342108,0.3657892
9.89,0.6342108,0.3657892
9.891,0.6342108,0.3657892
9.892,0.6342108,0.3657892
9.893,0.6342108,0.3657892
9.894,0.6342108,0.3657892
9.895,0.6342108,0.3657892
9.896,0.6342108,0.3657892
9.897,0.6342108,0.3657892
9.898,0.6342108,0.3657892
9.899,0.6342108,0.3657892
9.9,0.6342108,0.3657892
9.901,0.6342108,0.3657892
9.902,0.6342108,0.3657892
9.903,0.6342108,0.3657892
9.904,0.6342108,0.3657892
9.905,0.6342108,0.3657892
9.906,0.6342108,0.3657892
9.907,0.6342108,0.3657892
9.908,0.6342108,0.3657892
9.909,0.6342108,0.3657892
9.91,0.6342108,0.3657892
9.911,0.6342108,0.3657892
9.912,0.6342108,0.3657892
9.913,0.6342108,0.3657892
9.914,0.6342108,0.3657892
9.915,0.6342108,0.3657892
9.916,0.6342108,0.3657892
9.917,0.6342108,0.3657892
9.918,0.6342108,0.3657892
9.919,0.6342108,0.3657892
9.92,0.6342108,0.3657892
9.921,0.6342108,0.3657892
9.922,0.6342108,0.3657892
9.923,0.6342108,0.3657892
9.924,0.6342108,0.3657892
9.925,0.6342108,0.3657892
9.926,0.6342108,0.3657892
9.927,0.6342108,0.3657892
9.928,0.6342108,0.3657892
9.929,0.6342108,0.3657892
9.93,0.6342108,0.3657892
9.931,0.6342108,0.3657892
9.932,0.6342108,0.3657892
9.933,0.6342108,0.3657892
9.934,0.6342108,0.3657892
9.935,0.6342108,0.3657892
9.936,0.6342108,0.3657892
9.937,0.6342108,0.3657892
9.938,0.6342108,0.3657892
9.939,0.6342108,0.3657892
9.94,0.6342108,0.3657892
9.941,0.6342108,0.3657892
9.942,0.6342108,0.3657892
9.943,0.6342108,0.3657892
9.944,0.6342108,0.3657892
9.945,0.6342108,0.3657892
9.946,0.6342108,0.3657892
9.947,0.6342108,0.3657892
9.948,0.6342108,0.3657892
9.949,0.6342108,0.3657892
9.95,0.6342108,0.3657892
9.951,0.6342108,0.3657892
9.952,0.6342108,0.3657892
9.953,0.6342108,0.3657892
9.954,0.6342108,0.3657892
9.955,0.6342108,0.3657892
9.956,0.6342108,0.3657892
9.957,0.6342108,0.3657892
9.958,0.6342108,0.3657892
9.959,0.6342108,0.3657892
9.96,0.6342108,0.3657892
9.961,0.6342108,0.3657892
9.962,0.6342108,0.3657892
9.963,0.6342108,0.3657892
9.964,0.6342108,0.3657892
9.965,0.6342108,0.3657892
9.966,0.6342108,0.3657892
9.967,0.6342108,0.3657892
9.968,0.6342108,0.3657892
9.969,0.6342108,0.3657892
9.97,0.6342108,0.3657892
9.971,0.6342108,0.3657892
9.972,0.6342108,0.3657892
9.973,0.6342108,0.3657892
9.974,0.6342108,0.3657892
9.975,0.6342108,0.3657892
9.976,0.6342108,0.3657892
9.977,0.6342108,0.3657892
9.978,0.6342108,0.3657892
9.979,0.6342108,0.3657892
9.98,0.6342108,0.3657892
9.981,0.6342108,0.3657892
9.982,0.6342108,0.3657892
9.983,0.6342108,0.3657892
9.984,0.6342108,0.3657892
9.985,0.6342108,0.3657892
9.986,0.6342108,0.3657892
9.987,0.6342108,0.3657892
9.988,0.6342108,0.3657892
9.989,0.6342108,0.3657892
9.99,0.6342108,0.3657892
9.991,0.6342108,0.3657892
9.992,0.6342108,0.3657892
9.993,0.6342108,0.3657892
9.994,0.6342108,0.3657892
9.995,0.6342108,0.3657892
9.996,0.6342108,0.3657892
9.997,0.6342108,0.3657892
9.998,0.6342108,0.3657892
9.999,0.6342108,0.3657892
10.0,0.6342108,0.3657892
