t,phase_1,phase_2
0.0,0.0,0.0
0.0016666666666666668,0.0,0.0008954
0.0033333333333333335,0.0,0.001793
0.005,0.0,0.0026898
0.006666666666666667,0.0,0.0036182
0.008333333333333333,0.0,0.0044966
0.01,0.0,0.0053854
0.011666666666666667,0.0,0.0063106
0.013333333333333334,0.0,0.0072234
0.015,0.0,0.0081212
0.016666666666666666,0.0,0.009035
0.018333333333333333,0.0,0.0099664
0.02,0.0,0.0108616
0.021666666666666667,0.0,0.0117534
0.023333333333333334,0.0,0.0126284
0.025,0.0,0.0135244
0.02666666666666667,0.0,0.0144058
0.028333333333333332,0.0,0.0152744
0.03,0.0,0.016184
0.03166666666666667,0.0,0.017086
0.03333333333333333,0.0,0.0179438
0.035,0.0,0.0188422
0.03666666666666667,0.0,0.019703
0.03833333333333333,0.0,0.020573
0.04,0.0,0.0214324
0.041666666666666664,0.0,0.0223228
0.043333333333333335,0.0,0.0231826
0.045,0.0,0.0240514
0.04666666666666667,0.0,0.0249606
0.04833333333333333,0.0,0.0258392
0.05,0.0,0.026692
0.051666666666666666,0.0,0.027569
0.05333333333333334,0.0,0.0284302
0.055,0.0,0.029302
0.056666666666666664,0.0,0.0301528
0.058333333333333334,0.0,0.0309954
0.06,0.0,0.0318462
0.06166666666666667,0.0,0.0327252
0.06333333333333334,0.0,0.0335542
0.065,0.0,0.0344034
0.06666666666666667,0.0,0.035295
0.06833333333333333,0.0,0.0361524
0.07,0.0,0.0370154
0.07166666666666667,0.0,0.0378818
0.07333333333333333,0.0,0.038722
0.075,0.0,0.0395676
0.07666666666666666,0.0,0.0404202
0.07833333333333334,0.0,0.0412522
0.08,0.0,0.0420816
0.08166666666666667,0.0,0.0429158
0.08333333333333333,0.0,0.0437674
0.085,0.0,0.044581
0.08666666666666667,0.0,0.0454052
0.08833333333333333,0.0,0.046208
0.09,0.0,0.047054
0.09166666666666666,0.0,0.0479056
0.09333333333333334,0.0,0.048772
0.095,0.0,0.0495976
0.09666666666666666,0.0,0.0504196
0.09833333333333333,0.0,0.051225
0.1,0.0,0.052035
0.10166666666666667,0.0,0.0528742
0.10333333333333333,0.0,0.0537092
0.105,0.0,0.0545062
0.10666666666666667,0.0,0.055318
0.10833333333333334,0.0,0.0561322
0.11,0.0,0.0569394
0.11166666666666666,0.0,0.0577506
0.11333333333333333,0.0,0.0586102
0.115,0.0,0.0594296
0.11666666666666667,0.0,0.060222
0.11833333333333333,0.0,0.0610358
0.12,0.0,0.0618464
0.12166666666666667,0.0,0.0627104
0.12333333333333334,0.0,0.0635146
0.125,0.0,0.064351
0.12666666666666668,0.0,0.0651802
0.12833333333333333,0.0,0.06599
0.13,0.0,0.066769
0.13166666666666665,0.0,0.0675742
0.13333333333333333,0.0,0.0683742
0.135,0.0,0.0691714
0.13666666666666666,0.0,0.0699628
0.13833333333333334,0.0,0.0707532
0.14,0.0,0.0715546
0.14166666666666666,0.0,0.0723424
0.14333333333333334,0.0,0.0731082
0.145,0.0,0.0739242
0.14666666666666667,0.0,0.07472
0.14833333333333334,0.0,0.0755064
0.15,0.0,0.0763318
0.15166666666666667,0.0,0.077142
0.15333333333333332,0.0,0.0778998
0.155,0.0,0.0786796
0.15666666666666668,0.0,0.0794704
0.15833333333333333,0.0,0.0802658
0.16,0.0,0.0810772
0.16166666666666665,0.0,0.0818442
0.16333333333333333,0.0,0.0826492
0.165,0.0,0.0834202
0.16666666666666666,0.0,0.084224
0.16833333333333333,0.0,0.0849806
0.17,0.0,0.0857144
0.17166666666666666,0.0,0.0864854
0.17333333333333334,0.0,0.0872612
0.175,0.0,0.0880344
0.17666666666666667,0.0,0.0888238
0.17833333333333334,0.0,0.0895768
0.18,0.0,0.0903138
0.18166666666666667,0.0,0.091071
0.18333333333333332,0.0,0.0918202
0.185,0.0,0.0925258
0.18666666666666668,0.0,0.0932764
0.18833333333333332,0.0,0.0940628
0.19,0.0,0.0948194
0.19166666666666668,0.0,0.0955588
0.19333333333333333,0.0,0.0962978
0.195,0.0,0.0970404
0.19666666666666666,0.0,0.0977728
0.19833333333333333,0.0,0.098467
0.2,0.0,0.0992322
0.20166666666666666,0.0,0.0999976
0.20333333333333334,0.0,0.1007522
0.205,0.0,0.101485
0.20666666666666667,0.0,0.102237
0.20833333333333334,0.0,0.1029558
0.21,0.0,0.1036892
0.21166666666666667,0.0,0.1044318
0.21333333333333335,0.0,0.1051704
0.215,0.0,0.1058988
0.21666666666666667,0.0,0.1066096
0.21833333333333332,0.0,0.107323
0.22,0.0,0.1080478
0.22166666666666668,0.0,0.108791
0.22333333333333333,0.0,0.1095068
0.225,0.0,0.1102192
0.22666666666666666,0.0,0.1109728
0.22833333333333333,0.0,0.111708
0.23,0.0,0.1124068
0.23166666666666666,0.0,0.1131156
0.23333333333333334,0.0,0.1138384
0.235,0.0,0.114608
0.23666666666666666,0.0,0.1153424
0.23833333333333334,0.0,0.1160566
0.24,0.0,0.116812
0.24166666666666667,0.0,0.117528
0.24333333333333335,0.0,0.1182556
0.245,0.0,0.1189386
0.24666666666666667,0.0,0.11965
0.24833333333333332,0.0,0.120374
0.25,0.0,0.121078
0.25166666666666665,0.0,0.1217724
0.25333333333333335,0.0,0.1225232
0.255,0.0,0.1232222
0.25666666666666665,0.0,0.1239272
0.25833333333333336,0.0,0.1246206
0.26,0.0,0.1253268
0.26166666666666666,0.0,0.126028
0.2633333333333333,0.0,0.1267222
0.265,0.0,0.1273898
0.26666666666666666,0.0,0.1281142
0.2683333333333333,0.0,0.1288108
0.27,0.0,0.1295368
0.27166666666666667,0.0,0.1302746
0.2733333333333333,0.0,0.130991
0.275,0.0,0.131705
0.27666666666666667,0.0,0.132371
0.2783333333333333,0.0,0.1330634
0.28,0.0,0.1337786
0.2816666666666667,0.0,0.1344784
0.2833333333333333,0.0,0.1351698
0.285,0.0,0.1358306
0.2866666666666667,0.0,0.1364934
0.28833333333333333,0.0,0.1371964
0.29,0.0,0.1378992
0.2916666666666667,0.0,0.138578
0.29333333333333333,0.0,0.1392458
0.295,0.0,0.1399392
0.2966666666666667,0.0,0.1406032
0.29833333333333334,0.0,0.141285
0.3,0.0,0.1419676
0.3016666666666667,0.0,0.1426778
0.30333333333333334,0.0,0.1433682
0.305,0.0,0.1440438
0.30666666666666664,0.0,0.144699
0.30833333333333335,0.0,0.1453738
0.31,0.0,0.1460676
0.31166666666666665,0.0,0.1467236
0.31333333333333335,0.0,0.1473988
0.315,0.0,0.1480738
0.31666666666666665,0.0,0.1487688
0.31833333333333336,0.0,0.1494412
0.32,0.0,0.1501014
0.32166666666666666,0.0,0.1507932
0.3233333333333333,0.0,0.1514572
0.325,0.0,0.1521008
0.32666666666666666,0.0,0.1527158
0.3283333333333333,0.0,0.1534014
0.33,0.0,0.1540846
0.33166666666666667,0.0,0.1547116
0.3333333333333333,0.0,0.1553822
0.335,0.0,0.1560622
0.33666666666666667,0.0,0.1567338
0.3383333333333333,0.0,0.1573788
0.34,0.0,0.15803
0.3416666666666667,0.0,0.1586868
0.3433333333333333,0.0,0.1593308
0.345,0.0,0.1599938
0.3466666666666667,0.0,0.1606288
0.34833333333333333,0.0,0.161245
0.35,0.0,0.161893
0.3516666666666667,0.0,0.1625464
0.35333333333333333,0.0,0.1632016
0.355,0.0,0.1638476
0.3566666666666667,0.0,0.1645042
0.35833333333333334,0.0,0.1651252
0.36,0.0,0.165775
0.3616666666666667,0.0,0.1664026
0.36333333333333334,0.0,0.1670412
0.365,0.0,0.1676666
0.36666666666666664,0.0,0.1683216
0.36833333333333335,0.0,0.1689796
0.37,0.0,0.1696344
0.37166666666666665,0.0,0.170253
0.37333333333333335,0.0,0.1709158
0.375,0.0,0.1715424
0.37666666666666665,0.0,0.172166
0.37833333333333335,0.0,0.1727896
0.38,0.0,0.173401
0.38166666666666665,0.0,0.1740058
0.38333333333333336,0.0,0.1746148
0.385,0.0,0.1752382
0.38666666666666666,0.0,0.1758464
0.3883333333333333,0.0,0.1764672
0.39,0.0,0.1770864
0.39166666666666666,0.0,0.1777452
0.3933333333333333,0.0,0.1783726
0.395,0.0,0.1789538
0.39666666666666667,0.0,0.1795892
0.3983333333333333,0.0,0.1801904
0.4,0.0,0.1808094
0.40166666666666667,0.0,0.1814144
0.4033333333333333,0.0,0.1820422
0.405,0.0,0.1826236
0.4066666666666667,0.0,0.183221
0.4083333333333333,0.0,0.183836
0.41,0.0,0.1844672
0.4116666666666667,0.0,0.1850946
0.41333333333333333,0.0,0.1857106
0.415,0.0,0.1863376
0.4166666666666667,0.0,0.1869538
0.41833333333333333,0.0,0.1875468
0.42,0.0,0.1881952
0.4216666666666667,0.0,0.188796
0.42333333333333334,0.0,0.1894022
0.425,0.0,0.1899838
0.4266666666666667,0.0,0.1906106
0.42833333333333334,0.0,0.1912528
0.43,0.0,0.191853
0.43166666666666664,0.0,0.1924602
0.43333333333333335,0.0,0.1930548
0.435,0.0,0.1936738
0.43666666666666665,0.0,0.194271
0.43833333333333335,0.0,0.1948356
0.44,0.0,0.1954282
0.44166666666666665,0.0,0.1960238
0.44333333333333336,0.0,0.1966152
0.445,0.0,0.1972142
0.44666666666666666,0.0,0.1978102
0.4483333333333333,0.0,0.1983702
0.45,0.0,0.1989718
0.45166666666666666,0.0,0.1995502
0.4533333333333333,0.0,0.2001318
0.455,0.0,0.20073
0.45666666666666667,0.0,0.2012956
0.4583333333333333,0.0,0.2018906
0.46,0.0,0.2024764
0.46166666666666667,0.0,0.2030364
0.4633333333333333,0.0,0.2036104
0.465,0.0,0.2041776
0.4666666666666667,0.0,0.204751
0.4683333333333333,0.0,0.205317
0.47,0.0,0.2058866
0.4716666666666667,0.0,0.2064666
0.47333333333333333,0.0,0.2070476
0.475,0.0,0.2076208
0.4766666666666667,0.0,0.2081672
0.47833333333333333,0.0,0.208749
0.48,0.0,0.2093582
0.4816666666666667,0.0,0.2099268
0.48333333333333334,0.0,0.2104784
0.485,0.0,0.2110458
0.4866666666666667,0.0,0.2116198
0.48833333333333334,0.0,0.212152
0.49,0.0,0.212727
0.49166666666666664,0.0,0.2133002
0.49333333333333335,0.0,0.2138506
0.495,0.0,0.2144074
0.49666666666666665,0.0,0.2149728
0.49833333333333335,0.0,0.2155344
0.5,0.0,0.2160908
0.5016666666666667,0.0,0.2166534
0.5033333333333333,0.0,0.2172008
0.505,0.0,0.2177782
0.5066666666666667,0.0,0.2183324
0.5083333333333333,0.0,0.218902
0.51,0.0,0.219444
0.5116666666666667,0.0,0.2199982
0.5133333333333333,0.0,0.2205452
0.515,0.0,0.2210876
0.5166666666666667,0.0,0.2216444
0.5183333333333333,0.0,0.2222066
0.52,0.0,0.2227658
0.5216666666666666,0.0,0.223299
0.5233333333333333,0.0,0.223823
0.525,0.0,0.2243686
0.5266666666666666,0.0,0.2249152
0.5283333333333333,0.0,0.2254712
0.53,0.0,0.2260042
0.5316666666666666,0.0,0.2265678
0.5333333333333333,0.0,0.2271276
0.535,0.0,0.2276694
0.5366666666666666,0.0,0.2282476
0.5383333333333333,0.0,0.2287922
0.54,0.0,0.2293366
0.5416666666666666,0.0,0.2298912
0.5433333333333333,0.0,0.2304386
0.545,0.0,0.2309574
0.5466666666666666,0.0,0.2315222
0.5483333333333333,0.0,0.2320604
0.55,0.0,0.232602
0.5516666666666666,0.0,0.233124
0.5533333333333333,0.0,0.2336778
0.555,0.0,0.2342132
0.5566666666666666,0.0,0.234762
0.5583333333333333,0.0,0.235311
0.56,0.0,0.2358416
0.5616666666666666,0.0,0.236366
0.5633333333333334,0.0,0.2369264
0.565,0.0,0.2374816
0.5666666666666667,0.0,0.2380032
0.5683333333333334,0.0,0.2385514
0.57,0.0,0.2390802
0.5716666666666667,0.0,0.239618
0.5733333333333334,0.0,0.2401298
0.575,0.0,0.2406666
0.5766666666666667,0.0,0.2411982
0.5783333333333334,0.0,0.2417424
0.58,0.0,0.2422632
0.5816666666666667,0.0,0.2427842
0.5833333333333334,0.0,0.2433126
0.585,0.0,0.243848
0.5866666666666667,0.0,0.2443856
0.5883333333333334,0.0,0.2449186
0.59,0.0,0.2454296
0.5916666666666667,0.0,0.2459262
0.5933333333333334,0.0,0.2464392
0.595,0.0,0.2469786
0.5966666666666667,0.0,0.2474772
0.5983333333333334,0.0,0.2480002
0.6,0.0,0.248505
0.6016666666666667,0.0,0.2490246
0.6033333333333334,0.0,0.249551
0.605,0.0,0.2500556
0.6066666666666667,0.0,0.2505802
0.6083333333333333,0.0,0.2510512
0.61,0.0,0.2515776
0.6116666666666667,0.0,0.2520926
0.6133333333333333,0.0,0.252591
0.615,0.0,0.2530992
0.6166666666666667,0.0,0.2535868
0.6183333333333333,0.0,0.2540922
0.62,0.0,0.254576
0.6216666666666667,0.0,0.2550794
0.6233333333333333,0.0,0.2555782
0.625,0.0,0.256086
0.6266666666666667,0.0,0.2565768
0.6283333333333333,0.0,0.2570816
0.63,0.0,0.2575782
0.6316666666666667,0.0,0.2580742
0.6333333333333333,0.0,0.2585746
0.635,0.0,0.2590872
0.6366666666666667,0.0,0.2595922
0.6383333333333333,0.0,0.2600914
0.64,0.0,0.2605896
0.6416666666666667,0.0,0.2610996
0.6433333333333333,0.0,0.2615828
0.645,0.0,0.2620816
0.6466666666666666,0.0,0.2625846
0.6483333333333333,0.0,0.2630926
0.65,0.0,0.2635836
0.6516666666666666,0.0,0.2640822
0.6533333333333333,0.0,0.264592
0.655,0.0,0.2650874
0.6566666666666666,0.0,0.2655654
0.6583333333333333,0.0,0.266057
0.66,0.0,0.2665468
0.6616666666666666,0.0,0.2670304
0.6633333333333333,0.0,0.2674944
0.665,0.0,0.2679674
0.6666666666666666,0.0,0.2684552
0.6683333333333333,0.0,0.268942
0.67,0.0,0.2694534
0.6716666666666666,0.0,0.2699304
0.6733333333333333,0.0,0.2703754
0.675,0.0,0.2708412
0.6766666666666666,0.0,0.2713226
0.6783333333333333,0.0,0.2717978
0.68,0.0,0.272275
0.6816666666666666,0.0,0.272761
0.6833333333333333,0.0,0.2732344
0.685,0.0,0.2737132
0.6866666666666666,0.0,0.2741602
0.6883333333333334,0.0,0.2746226
0.69,0.0,0.2750938
0.6916666666666667,0.0,0.2755738
0.6933333333333334,0.0,0.276086
0.695,0.0,0.276557
0.6966666666666667,0.0,0.2770282
0.6983333333333334,0.0,0.2775064
0.7,0.0,0.2779696
0.7016666666666667,0.0,0.2784568
0.7033333333333334,0.0,0.2789452
0.705,0.0,0.279443
0.7066666666666667,0.0,0.2798894
0.7083333333333334,0.0,0.280362
0.71,0.0,0.28083
0.7116666666666667,0.0,0.281295
0.7133333333333334,0.0,0.2817452
0.715,0.0,0.2822192
0.7166666666666667,0.0,0.2826732
0.7183333333333334,0.0,0.2831328
0.72,0.0,0.283583
0.7216666666666667,0.0,0.2840474
0.7233333333333334,0.0,0.2845132
0.725,0.0,0.2849672
0.7266666666666667,0.0,0.2854092
0.7283333333333334,0.0,0.2858528
0.73,0.0,0.2863124
0.7316666666666667,0.0,0.2867664
0.7333333333333333,0.0,0.2872136
0.735,0.0,0.287671
0.7366666666666667,0.0,0.2881434
0.7383333333333333,0.0,0.2886112
0.74,0.0,0.2890688
0.7416666666666667,0.0,0.2895254
0.7433333333333333,0.0,0.2899876
0.745,0.0,0.2904454
0.7466666666666667,0.0,0.2909038
0.7483333333333333,0.0,0.2913626
0.75,0.0,0.2917792
0.7516666666666667,0.0,0.29222
0.7533333333333333,0.0,0.2926814
0.755,0.0,0.2931304
0.7566666666666667,0.0,0.2935636
0.7583333333333333,0.0,0.2940078
0.76,0.0,0.2944664
0.7616666666666667,0.0,0.2949148
0.7633333333333333,0.0,0.2953498
0.765,0.0,0.2957984
0.7666666666666667,0.0,0.296231
0.7683333333333333,0.0,0.2966898
0.77,0.0,0.2971376
0.7716666666666666,0.0,0.2975972
0.7733333333333333,0.0,0.298062
0.775,0.0,0.298514
0.7766666666666666,0.0,0.2989576
0.7783333333333333,0.0,0.299384
0.78,0.0,0.2998316
0.7816666666666666,0.0,0.3002792
0.7833333333333333,0.0,0.3007254
0.785,0.0,0.3011514
0.7866666666666666,0.0,0.301596
0.7883333333333333,0.0,0.302031
0.79,0.0,0.3024868
0.7916666666666666,0.0,0.3029158
0.7933333333333333,0.0,0.3033538
0.795,0.0,0.3037942
0.7966666666666666,0.0,0.3042372
0.7983333333333333,0.0,0.3046506
0.8,0.0,0.3050822
0.8016666666666666,0.0,0.305499
0.8033333333333333,0.0,0.3059292
0.805,0.0,0.3063572
0.8066666666666666,0.0,0.3067928
0.8083333333333333,0.0,0.3072438
0.81,0.0,0.3076826
0.8116666666666666,0.0,0.308095
0.8133333333333334,0.0,0.3085356
0.815,0.0,0.308955
0.8166666666666667,0.0,0.3094074
0.8183333333333334,0.0,0.3098298
0.82,0.0,0.310265
0.8216666666666667,0.0,0.310697
0.8233333333333334,0.0,0.3111038
0.825,0.0,0.3115202
0.8266666666666667,0.0,0.3119446
0.8283333333333334,0.0,0.3123654
0.83,0.0,0.3127986
0.8316666666666667,0.0,0.313222
0.8333333333333334,0.0,0.3136338
0.835,0.0,0.3140296
0.8366666666666667,0.0,0.3144338
0.8383333333333334,0.0,0.314847
0.84,0.0,0.3152546
0.8416666666666667,0.0,0.3156784
0.8433333333333334,0.0,0.3160886
0.845,0.0,0.3164958
0.8466666666666667,0.0,0.3169088
0.8483333333333334,0.0,0.317326
0.85,0.0,0.3177246
0.8516666666666667,0.0,0.318129
0.8533333333333334,0.0,0.3185276
0.855,0.0,0.3189202
0.8566666666666667,0.0,0.3193542
0.8583333333333333,0.0,0.3197742
0.86,0.0,0.3201718
0.8616666666666667,0.0,0.3205818
0.8633333333333333,0.0,0.3209958
0.865,0.0,0.321416
0.8666666666666667,0.0,0.3218232
0.8683333333333333,0.0,0.3222372
0.87,0.0,0.3226342
0.8716666666666667,0.0,0.3230356
0.8733333333333333,0.0,0.3234248
0.875,0.0,0.3238406
0.8766666666666667,0.0,0.3242514
0.8783333333333333,0.0,0.3246448
0.88,0.0,0.3250582
0.8816666666666667,0.0,0.3254612
0.8833333333333333,0.0,0.32587
0.885,0.0,0.3262836
0.8866666666666667,0.0,0.3266954
0.8883333333333333,0.0,0.3270868
0.89,0.0,0.327493
0.8916666666666667,0.0,0.3278718
0.8933333333333333,0.0,0.3282678
0.895,0.0,0.3286536
0.8966666666666666,0.0,0.3290492
0.8983333333333333,0.0,0.3294574
0.9,0.0,0.3298528
0.9016666666666666,0.0,0.3302494
0.9033333333333333,0.0,0.3306456
0.905,0.0,0.3310294
0.9066666666666666,0.0,0.3314274
0.9083333333333333,0.0,0.3318234
0.91,0.0,0.3322366
0.9116666666666666,0.0,0.3326128
0.9133333333333333,0.0,0.333016
0.915,0.0,0.3334162
0.9166666666666666,0.0,0.3338146
0.9183333333333333,0.0,0.3342214
0.92,0.0,0.3346016
0.9216666666666666,0.0,0.3349872
0.9233333333333333,0.0,0.3353696
0.925,0.0,0.3357966
0.9266666666666666,0.0,0.3361868
0.9283333333333333,0.0,0.3365756
0.93,0.0,0.3369596
0.9316666666666666,0.0,0.3373506
0.9333333333333333,0.0,0.3377232
0.935,0.0,0.3380926
0.9366666666666666,0.0,0.3384736
0.9383333333333334,0.0,0.338861
0.94,0.0,0.3392664
0.9416666666666667,0.0,0.3396346
0.9433333333333334,0.0,0.3400196
0.945,0.0,0.340397
0.9466666666666667,0.0,0.3408
0.9483333333333334,0.0,0.3412048
0.95,0.0,0.3415814
0.9516666666666667,0.0,0.3419598
0.9533333333333334,0.0,0.3423408
0.955,0.0,0.3427364
0.9566666666666667,0.0,0.3431118
0.9583333333333334,0.0,0.3434764
0.96,0.0,0.3438464
0.9616666666666667,0.0,0.344214
0.9633333333333334,0.0,0.3445542
0.965,0.0,0.3449356
0.9666666666666667,0.0,0.345325
0.9683333333333334,0.0,0.3456986
0.97,0.0,0.3460738
0.9716666666666667,0.0,0.3464534
0.9733333333333334,0.0,0.3468256
0.975,0.0,0.347191
0.9766666666666667,0.0,0.3475412
0.9783333333333334,0.0,0.3479082
0.98,0.0,0.3482758
0.9816666666666667,0.0,0.3486164
0.9833333333333333,0.0,0.3490036
0.985,0.0,0.3493602
0.9866666666666667,0.0,0.3497342
0.9883333333333333,0.0,0.350079
0.99,0.0,0.350449
0.9916666666666667,0.0,0.3508146
0.9933333333333333,0.0,0.351174
0.995,0.0,0.3515362
0.9966666666666667,0.0,0.351901
0.9983333333333333,0.0,0.3522752
1.0,0.3324772,0.352672
1.0016666666666667,0.332794,0.3530208
1.0033333333333334,0.3330898,0.3533696
1.005,0.333411,0.3537316
1.0066666666666666,0.3337188,0.3540942
1.0083333333333333,0.334027,0.3544524
1.01,0.3343276,0.3548144
1.0116666666666667,0.3346156,0.355172
1.0133333333333334,0.3349114,0.3555356
1.015,0.3352114,0.3558974
1.0166666666666666,0.3355026,0.3562612
1.0183333333333333,0.335796,0.3566148
1.02,0.3360994,0.3569652
1.0216666666666667,0.3363878,0.3573284
1.0233333333333334,0.3366768,0.3576928
1.025,0.3369872,0.3580604
1.0266666666666666,0.3372886,0.3584082
1.0283333333333333,0.3375686,0.3587676
1.03,0.3378652,0.3591394
1.0316666666666667,0.338173,0.359494
1.0333333333333334,0.338464,0.3598458
1.035,0.338726,0.36019
1.0366666666666666,0.3390178,0.3605474
1.0383333333333333,0.3392952,0.3609144
1.04,0.3395806,0.3612716
1.0416666666666667,0.3398846,0.3616132
1.0433333333333332,0.340179,0.3619594
1.045,0.3404626,0.3622924
1.0466666666666666,0.3407422,0.3626406
1.0483333333333333,0.3410236,0.362985
1.05,0.341309,0.3633426
1.0516666666666667,0.3416144,0.3637088
1.0533333333333332,0.341895,0.364069
1.055,0.3421756,0.3644154
1.0566666666666666,0.3424584,0.3647692
1.0583333333333333,0.3427316,0.365093
1.06,0.3430212,0.3654486
1.0616666666666668,0.3433146,0.365797
1.0633333333333332,0.343581,0.3661446
1.065,0.3438382,0.3664992
1.0666666666666667,0.3441154,0.366843
1.0683333333333334,0.3443868,0.3672078
1.07,0.3446618,0.3675628
1.0716666666666668,0.3449592,0.3679132
1.0733333333333333,0.3452626,0.368253
1.075,0.345546,0.3685976
1.0766666666666667,0.3458182,0.3689548
1.0783333333333334,0.3460738,0.3693028
1.08,0.3463438,0.3696496
1.0816666666666668,0.3466202,0.370008
1.0833333333333333,0.3469038,0.3703716
1.085,0.3471864,0.370718
1.0866666666666667,0.3474652,0.3710694
1.0883333333333334,0.3477256,0.3714058
1.09,0.3479978,0.3717484
1.0916666666666666,0.348284,0.3720896
1.0933333333333333,0.3485684,0.372442
1.095,0.3488194,0.3727748
1.0966666666666667,0.3490958,0.3731288
1.0983333333333334,0.3493596,0.373492
1.1,0.3496252,0.3738416
1.1016666666666666,0.3498954,0.3741742
1.1033333333333333,0.3501776,0.3745036
1.105,0.3504342,0.3748428
1.1066666666666667,0.350708,0.3751812
1.1083333333333334,0.350967,0.3755196
1.11,0.3512372,0.3758612
1.1116666666666666,0.3514788,0.3761908
1.1133333333333333,0.3517508,0.3765348
1.115,0.3520046,0.376839
1.1166666666666667,0.3522664,0.3771512
1.1183333333333334,0.352529,0.3774972
1.12,0.3527924,0.377825
1.1216666666666666,0.3530556,0.3781608
1.1233333333333333,0.353317,0.3785032
1.125,0.3535804,0.378854
1.1266666666666667,0.3538618,0.379179
1.1283333333333334,0.3541204,0.3795172
1.13,0.354372,0.3798506
1.1316666666666666,0.3546296,0.3801706
1.1333333333333333,0.3548828,0.3804984
1.135,0.3551382,0.3808248
1.1366666666666667,0.355387,0.38115
1.1383333333333334,0.355643,0.3814938
1.14,0.3559044,0.3818198
1.1416666666666666,0.3561698,0.3821408
1.1433333333333333,0.3564144,0.3824802
1.145,0.3566564,0.3828172
1.1466666666666667,0.3569152,0.3831462
1.1483333333333334,0.3571634,0.3834996
1.15,0.357408,0.3838322
1.1516666666666666,0.3576566,0.3841424
1.1533333333333333,0.357901,0.3844408
1.155,0.358164,0.3847606
1.1566666666666667,0.3584188,0.3850916
1.1583333333333334,0.3586644,0.385442
1.16,0.3589112,0.3857714
1.1616666666666666,0.359176,0.3861044
1.1633333333333333,0.359407,0.3864138
1.165,0.3596412,0.3867504
1.1666666666666667,0.3598794,0.3870796
1.1683333333333332,0.360115,0.3873968
1.17,0.3603544,0.3877278
1.1716666666666666,0.3605926,0.388048
1.1733333333333333,0.3608464,0.3883656
1.175,0.3611046,0.3887062
1.1766666666666667,0.3613394,0.3890272
1.1783333333333332,0.3615686,0.3893496
1.18,0.3618164,0.3896486
1.1816666666666666,0.3620552,0.3899658
1.1833333333333333,0.3622888,0.3902876
1.185,0.3625236,0.39057
1.1866666666666668,0.362773,0.390872
1.1883333333333332,0.3630084,0.3912092
1.19,0.3632332,0.3915148
1.1916666666666667,0.3634996,0.3918284
1.1933333333333334,0.3637406,0.3921246
1.195,0.3639922,0.3924514
1.1966666666666668,0.3642244,0.3927554
1.1983333333333333,0.364459,0.3930616
1.2,0.3647002,0.393381
1.2016666666666667,0.3649426,0.3936932
1.2033333333333334,0.3651914,0.3940134
1.205,0.3654116,0.394314
1.2066666666666668,0.3656264,0.3946412
1.2083333333333333,0.3658788,0.394943
1.21,0.3661186,0.3952704
1.2116666666666667,0.366342,0.3955832
1.2133333333333334,0.3665724,0.3958986
1.215,0.3668034,0.3962304
1.2166666666666666,0.3670446,0.3965438
1.2183333333333333,0.3672718,0.3968518
1.22,0.3675038,0.3971736
1.2216666666666667,0.3677292,0.3974936
1.2233333333333334,0.3679532,0.3978194
1.225,0.3681874,0.3981218
1.2266666666666666,0.3684384,0.3984378
1.2283333333333333,0.3686682,0.3987412
1.23,0.3688932,0.3990606
1.2316666666666667,0.3691168,0.3993514
1.2333333333333334,0.3693542,0.3996636
1.235,0.3695828,0.3999718
1.2366666666666666,0.3698018,0.4002884
1.2383333333333333,0.3700306,0.4005932
1.24,0.3702456,0.4009024
1.2416666666666667,0.3704898,0.4011962
1.2433333333333334,0.3707076,0.4015026
1.245,0.3709276,0.4018052
1.2466666666666666,0.3711484,0.4021236
1.2483333333333333,0.3713724,0.4024226
1.25,0.3716052,0.4027202
1.2516666666666667,0.371842,0.4030202
1.2533333333333334,0.3720654,0.403336
1.255,0.3722814,0.4036594
1.2566666666666666,0.3725016,0.4039368
1.2583333333333333,0.372709,0.4042362
1.26,0.3729278,0.4045388
1.2616666666666667,0.3731382,0.4048428
1.2633333333333334,0.3733554,0.4051402
1.265,0.3735694,0.4054492
1.2666666666666666,0.3737902,0.4057596
1.2683333333333333,0.374,0.406062
1.27,0.3741976,0.4063682
1.2716666666666667,0.3744336,0.4066712
1.2733333333333334,0.3746552,0.4069624
1.275,0.374872,0.407259
1.2766666666666666,0.3750802,0.4075654
1.2783333333333333,0.3752826,0.4078798
1.28,0.3754966,0.4081822
1.2816666666666667,0.375725,0.4084826
1.2833333333333334,0.3759452,0.4087768
1.285,0.3761636,0.4090668
1.2866666666666666,0.3763636,0.4093618
1.2883333333333333,0.3765502,0.4096622
1.29,0.3767792,0.409966
1.2916666666666667,0.3769856,0.4102562
1.2933333333333332,0.3772,0.4105518
1.295,0.3774056,0.4108494
1.2966666666666666,0.3776242,0.4111492
1.2983333333333333,0.3778368,0.4114258
1.3,0.3780422,0.411724
1.3016666666666667,0.3782548,0.4120094
1.3033333333333332,0.3784646,0.4123072
1.305,0.37865,0.412602
1.3066666666666666,0.378859,0.4128846
1.3083333333333333,0.379065,0.4131446
1.31,0.3792698,0.4134502
1.3116666666666668,0.3794772,0.4137342
1.3133333333333332,0.379692,0.4140176
1.315,0.3798962,0.4142764
1.3166666666666667,0.3801032,0.4145762
1.3183333333333334,0.3803046,0.4148392
1.32,0.3805056,0.4151252
1.3216666666666668,0.3807218,0.4154082
1.3233333333333333,0.3809074,0.4156926
1.325,0.381107,0.4159876
1.3266666666666667,0.3812944,0.4162722
1.3283333333333334,0.381489,0.4165516
1.33,0.3816814,0.4168284
1.3316666666666668,0.3818754,0.4171136
1.3333333333333333,0.3820848,0.4174044
1.335,0.382288,0.417674
1.3366666666666667,0.3824868,0.4179562
1.3383333333333334,0.3826956,0.4182282
1.34,0.3828902,0.4185208
1.3416666666666666,0.3830852,0.418811
1.3433333333333333,0.3832928,0.4190988
1.345,0.3834888,0.4193878
1.3466666666666667,0.3836886,0.4196584
1.3483333333333334,0.3838814,0.4199682
1.35,0.3840778,0.420257
1.3516666666666666,0.3842624,0.4205588
1.3533333333333333,0.3844662,0.420847
1.355,0.3846646,0.4211384
1.3566666666666667,0.3848522,0.4214336
1.3583333333333334,0.3850594,0.4217184
1.36,0.3852462,0.4219908
1.3616666666666666,0.385434,0.4222742
1.3633333333333333,0.3856098,0.422545
1.365,0.385807,0.4228386
1.3666666666666667,0.3859968,0.423116
1.3683333333333334,0.386182,0.4234008
1.37,0.386368,0.4236816
1.3716666666666666,0.3865526,0.4239402
1.3733333333333333,0.386735,0.4242224
1.375,0.3869282,0.4245016
1.3766666666666667,0.3871106,0.4247986
1.3783333333333334,0.387295,0.4250714
1.38,0.387476,0.4253592
1.3816666666666666,0.387665,0.4256378
1.3833333333333333,0.3878584,0.425909
1.385,0.3880454,0.4261824
1.3866666666666667,0.388227,0.4264518
1.3883333333333334,0.3884206,0.4267242
1.39,0.3886238,0.427009
1.3916666666666666,0.388815,0.427287
1.3933333333333333,0.388988,0.4275396
1.395,0.3891776,0.4278274
1.3966666666666667,0.3893648,0.4280936
1.3983333333333334,0.3895566,0.4283844
1.4,0.3897488,0.4286462
1.4016666666666666,0.3899276,0.4289148
1.4033333333333333,0.3901038,0.4291942
1.405,0.3902928,0.4294586
1.4066666666666667,0.3904688,0.4297316
1.4083333333333334,0.3906554,0.4300066
1.41,0.3908368,0.4302612
1.4116666666666666,0.3910118,0.4305482
1.4133333333333333,0.3911878,0.430815
1.415,0.391367,0.4310902
1.4166666666666667,0.3915488,0.4313572
1.4183333333333332,0.3917246,0.4316278
1.42,0.3919142,0.4318894
1.4216666666666666,0.3920884,0.4321558
1.4233333333333333,0.3922548,0.4324202
1.425,0.392427,0.4326852
1.4266666666666667,0.392599,0.4329674
1.4283333333333332,0.3927688,0.4332406
1.43,0.3929564,0.433484
1.4316666666666666,0.3931274,0.4337496
1.4333333333333333,0.3933032,0.4340062
1.435,0.3934762,0.4342772
1.4366666666666668,0.3936432,0.434556
1.4383333333333332,0.393819,0.4348332
1.44,0.3939938,0.4350906
1.4416666666666667,0.3941688,0.4353638
1.4433333333333334,0.3943282,0.4356294
1.445,0.3944948,0.4359166
1.4466666666666668,0.3946726,0.436201
1.4483333333333333,0.3948528,0.4364592
1.45,0.395025,0.4367144
1.4516666666666667,0.3951896,0.436993
1.4533333333333334,0.3953578,0.4372602
1.455,0.3955364,0.4375232
1.4566666666666668,0.395695,0.437789
1.4583333333333333,0.3958678,0.438038
1.46,0.3960402,0.4383068
1.4616666666666667,0.3962186,0.4385702
1.4633333333333334,0.3963886,0.43882
1.465,0.3965548,0.4390878
1.4666666666666666,0.3967176,0.4393662
1.4683333333333333,0.396881,0.4396296
1.47,0.3970416,0.439885
1.4716666666666667,0.3972056,0.440124
1.4733333333333334,0.397373,0.4403734
1.475,0.3975328,0.440643
1.4766666666666666,0.3977028,0.440899
1.4783333333333333,0.3978666,0.441183
1.48,0.3980212,0.4414416
1.4816666666666667,0.398182,0.4417028
1.4833333333333334,0.3983378,0.4419524
1.485,0.3985044,0.442204
1.4866666666666666,0.3986696,0.4424556
1.4883333333333333,0.398842,0.4427254
1.49,0.399005,0.4429684
1.4916666666666667,0.3991786,0.4432336
1.4933333333333334,0.3993372,0.4434912
1.495,0.3994986,0.4437372
1.4966666666666666,0.3996522,0.4439834
1.4983333333333333,0.3998014,0.444228
1.5,0.3999696,0.4444846
1.5016666666666667,0.4001278,0.4447308
1.5033333333333334,0.4002994,0.444983
1.505,0.4004528,0.4452448
1.5066666666666666,0.400622,0.4454922
1.5083333333333333,0.4007756,0.4457548
1.51,0.4009396,0.4460264
1.5116666666666667,0.4011154,0.446283
1.5133333333333334,0.4012698,0.4465332
1.515,0.4014196,0.446783
1.5166666666666666,0.4015806,0.4470192
1.5183333333333333,0.4017334,0.447274
1.52,0.4018928,0.4475392
1.5216666666666667,0.4020572,0.4477868
1.5233333333333334,0.4022136,0.4480248
1.525,0.4023742,0.448266
1.5266666666666666,0.4025346,0.4485282
1.5283333333333333,0.402691,0.4488036
1.53,0.402835,0.4490482
1.5316666666666667,0.403001,0.4493026
1.5333333333333334,0.4031514,0.4495714
1.535,0.4032946,0.4498268
1.5366666666666666,0.4034458,0.4501086
1.5383333333333333,0.4036102,0.4503468
1.54,0.403772,0.4506034
1.5416666666666667,0.4039174,0.4508466
1.5433333333333332,0.4040588,0.4510998
1.545,0.4042084,0.4513586
1.5466666666666666,0.4043556,0.451605
1.5483333333333333,0.4045136,0.4518398
1.55,0.4046648,0.452077
1.5516666666666667,0.404813,0.4523318
1.5533333333333332,0.4049616,0.4525838
1.555,0.405119,0.4528412
1.5566666666666666,0.4052722,0.4531052
1.5583333333333333,0.4054228,0.4533474
1.56,0.4055628,0.4535976
1.5616666666666668,0.405707,0.4538164
1.5633333333333332,0.405874,0.4540606
1.565,0.4060196,0.454308
1.5666666666666667,0.4061496,0.4545396
1.5683333333333334,0.4062896,0.454793
1.57,0.406434,0.4550274
1.5716666666666668,0.4065916,0.455273
1.5733333333333333,0.4067414,0.4555172
1.575,0.4068988,0.4557516
1.5766666666666667,0.4070502,0.455982
1.5783333333333334,0.407199,0.4562126
1.58,0.4073444,0.4564514
1.5816666666666668,0.4074808,0.4566904
1.5833333333333333,0.4076114,0.4569022
1.585,0.407768,0.4571406
1.5866666666666667,0.407907,0.457394
1.5883333333333334,0.4080542,0.4576464
1.59,0.4081922,0.4579036
1.5916666666666666,0.4083234,0.4581466
1.5933333333333333,0.4084566,0.4583874
1.595,0.4085996,0.4586168
1.5966666666666667,0.4087378,0.4588592
1.5983333333333334,0.4088628,0.459095
1.6,0.4090016,0.459329
1.6016666666666666,0.4091588,0.459568
1.6033333333333333,0.4092946,0.459808
1.605,0.4094342,0.4600248
1.6066666666666667,0.4095642,0.4602652
1.6083333333333334,0.4096978,0.4605104
1.61,0.409833,0.4607494
1.6116666666666666,0.4099778,0.4609838
1.6133333333333333,0.4101214,0.4612226
1.615,0.4102644,0.461453
1.6166666666666667,0.4104098,0.4616792
1.6183333333333334,0.4105438,0.461913
1.62,0.4106876,0.462142
1.6216666666666666,0.41082,0.4623854
1.6233333333333333,0.410959,0.4626272
1.625,0.4110866,0.4628552
1.6266666666666667,0.4112204,0.4630858
1.6283333333333334,0.411353,0.4633044
1.63,0.4114906,0.4635414
1.6316666666666666,0.4116308,0.4637598
1.6333333333333333,0.4117562,0.4639986
1.635,0.4118928,0.4642478
1.6366666666666667,0.4120266,0.4644748
1.6383333333333334,0.412172,0.4647042
1.64,0.4123128,0.4649242
1.6416666666666666,0.4124488,0.4651548
1.6433333333333333,0.4125876,0.4653896
1.645,0.4126998,0.4656164
1.6466666666666667,0.412832,0.4658418
1.6483333333333334,0.4129652,0.4660656
1.65,0.4130892,0.466321
1.6516666666666666,0.4132176,0.46656
1.6533333333333333,0.4133514,0.466784
1.655,0.4134792,0.4670136
1.6566666666666667,0.413619,0.4672406
1.6583333333333334,0.4137526,0.467464
1.66,0.413874,0.4677076
1.6616666666666666,0.4140094,0.467938
1.6633333333333333,0.4141362,0.468144
1.665,0.4142678,0.4683722
1.6666666666666667,0.4143934,0.468607
1.6683333333333332,0.4145084,0.4688184
1.67,0.4146472,0.4690368
1.6716666666666666,0.4147666,0.4692656
1.6733333333333333,0.4148906,0.469489
1.675,0.4150022,0.4697062
1.6766666666666667,0.415122,0.4699276
1.6783333333333332,0.4152628,0.4701396
1.68,0.4153904,0.470376
1.6816666666666666,0.4155268,0.470622
1.6833333333333333,0.4156648,0.4708554
1.685,0.415792,0.4710716
1.6866666666666668,0.4159214,0.471294
1.6883333333333332,0.4160418,0.4715172
1.69,0.4161534,0.4717494
1.6916666666666667,0.4162754,0.47197
1.6933333333333334,0.4164048,0.4722108
1.695,0.4165402,0.4724396
1.6966666666666668,0.416659,0.472655
1.6983333333333333,0.4167946,0.472869
1.7,0.4169138,0.4730854
1.7016666666666667,0.4170414,0.4733026
1.7033333333333334,0.4171746,0.4735156
1.705,0.4173056,0.4737358
1.7066666666666668,0.4174504,0.4739396
1.7083333333333333,0.417576,0.4741746
1.71,0.4177008,0.474381
1.7116666666666667,0.4178184,0.4745932
1.7133333333333334,0.4179572,0.474802
1.715,0.4180892,0.4750188
1.7166666666666666,0.4182142,0.4752342
1.7183333333333333,0.4183268,0.4754546
1.72,0.4184448,0.475671
1.7216666666666667,0.4185754,0.4759146
1.7233333333333334,0.4186876,0.4761412
1.725,0.4188094,0.4763456
1.7266666666666666,0.4189334,0.4765574
1.7283333333333333,0.4190476,0.4767808
1.73,0.419172,0.4770082
1.7316666666666667,0.4192986,0.4772258
1.7333333333333334,0.4194222,0.4774466
1.735,0.419551,0.4776676
1.7366666666666666,0.4196666,0.4778758
1.7383333333333333,0.4197748,0.4780846
1.74,0.4198902,0.4783114
1.7416666666666667,0.4200152,0.4785262
1.7433333333333334,0.4201286,0.4787418
1.745,0.420258,0.4789518
1.7466666666666666,0.420386,0.4791734
1.7483333333333333,0.4204894,0.4793954
1.75,0.4206154,0.479612
1.7516666666666667,0.4207296,0.4798514
1.7533333333333334,0.420852,0.4800664
1.755,0.42097,0.4802744
1.7566666666666666,0.4210842,0.4804976
1.7583333333333333,0.4211952,0.4807042
1.76,0.4213004,0.4809266
1.7616666666666667,0.4214302,0.4811428
1.7633333333333334,0.4215478,0.4813574
1.765,0.4216748,0.4815814
1.7666666666666666,0.421796,0.4817892
1.7683333333333333,0.4218984,0.4819932
1.77,0.4220168,0.482211
1.7716666666666667,0.422128,0.4824202
1.7733333333333334,0.422243,0.4826198
1.775,0.4223524,0.482834
1.7766666666666666,0.4224602,0.4830386
1.7783333333333333,0.422573,0.4832518
1.78,0.4226912,0.483475
1.7816666666666667,0.4228024,0.483673
1.7833333333333334,0.422908,0.4838904
1.785,0.4230142,0.4841074
1.7866666666666666,0.4231184,0.4843102
1.7883333333333333,0.4232236,0.4845252
1.79,0.42334,0.484702
1.7916666666666667,0.4234472,0.4849006
1.7933333333333332,0.4235592,0.485109
1.795,0.4236644,0.4853122
1.7966666666666666,0.4237868,0.4855148
1.7983333333333333,0.4239012,0.4857292
1.8,0.4240034,0.4859438
1.8016666666666667,0.4241142,0.4861572
1.8033333333333332,0.4242088,0.4863644
1.805,0.424326,0.4865878
1.8066666666666666,0.4244402,0.486806
1.8083333333333333,0.4245454,0.487005
1.81,0.424653,0.4872076
1.8116666666666668,0.4247496,0.4874254
1.8133333333333332,0.4248508,0.4876246
1.815,0.4249566,0.4878346
1.8166666666666667,0.4250686,0.4880424
1.8183333333333334,0.4251614,0.48825
1.82,0.4252778,0.4884656
1.8216666666666668,0.4253802,0.4886774
1.8233333333333333,0.425482,0.488894
1.825,0.425598,0.4891004
1.8266666666666667,0.4256972,0.4893054
1.8283333333333334,0.4258146,0.4894984
1.83,0.4259206,0.4897082
1.8316666666666668,0.4260286,0.489904
1.8333333333333333,0.4261316,0.490091
1.835,0.4262414,0.4902884
1.8366666666666667,0.4263352,0.4905034
1.8383333333333334,0.4264332,0.4907012
1.84,0.426541,0.4909014
1.8416666666666666,0.426646,0.4911246
1.8433333333333333,0.426752,0.4913222
1.845,0.4268538,0.4915264
1.8466666666666667,0.4269566,0.491732
1.8483333333333334,0.427061,0.4919384
1.85,0.4271728,0.4921638
1.8516666666666666,0.42727,0.492388
1.8533333333333333,0.4273624,0.4925914
1.855,0.427473,0.4927908
1.8566666666666667,0.4275732,0.4930014
1.8583333333333334,0.4276644,0.4932058
1.86,0.4277656,0.493398
1.8616666666666666,0.4278686,0.4935988
1.8633333333333333,0.4279668,0.4937992
1.865,0.4280654,0.4939948
1.8666666666666667,0.4281618,0.4941938
1.8683333333333334,0.428274,0.49439
1.87,0.428376,0.4945836
1.8716666666666666,0.428473,0.4947774
1.8733333333333333,0.4285732,0.4949672
1.875,0.4286612,0.4951794
1.8766666666666667,0.4287622,0.4953918
1.8783333333333334,0.4288624,0.4955938
1.88,0.4289662,0.4958046
1.8816666666666666,0.4290624,0.495994
1.8833333333333333,0.4291612,0.4961816
1.885,0.4292538,0.4963744
1.8866666666666667,0.429346,0.4965888
1.8883333333333334,0.4294458,0.496793
1.89,0.4295384,0.496997
1.8916666666666666,0.429633,0.4972034
1.8933333333333333,0.4297166,0.4973978
1.895,0.429818,0.4976
1.8966666666666667,0.4299012,0.4978138
1.8983333333333334,0.4299906,0.498016
1.9,0.4300762,0.498211
1.9016666666666666,0.4301756,0.4984436
1.9033333333333333,0.430279,0.4986236
1.905,0.4303664,0.4988294
1.9066666666666667,0.4304644,0.4990148
1.9083333333333334,0.4305596,0.4992118
1.91,0.4306594,0.4994216
1.9116666666666666,0.4307616,0.4996162
1.9133333333333333,0.43086,0.4998126
1.915,0.430945,0.500006
1.9166666666666667,0.4310366,0.5002168
1.9183333333333332,0.431136,0.500408
1.92,0.4312296,0.5005862
1.9216666666666666,0.4313172,0.5007828
1.9233333333333333,0.4314042,0.5009828
1.925,0.4315044,0.5011674
1.9266666666666667,0.4315994,0.5013582
1.9283333333333332,0.4316912,0.5015444
1.93,0.4317926,0.501766
1.9316666666666666,0.4318924,0.5019526
1.9333333333333333,0.431978,0.5021306
1.935,0.4320664,0.5023248
1.9366666666666668,0.4321606,0.5025166
1.9383333333333332,0.4322606,0.5027006
1.94,0.4323512,0.5028972
1.9416666666666667,0.4324364,0.5030788
1.9433333333333334,0.4325202,0.5032662
1.945,0.4326064,0.5034644
1.9466666666666668,0.4326888,0.5036514
1.9483333333333333,0.43278,0.5038268
1.95,0.4328708,0.5040218
1.9516666666666667,0.4329592,0.5042268
1.9533333333333334,0.4330428,0.504421
1.955,0.4331334,0.5045984
1.9566666666666668,0.4332178,0.5048044
1.9583333333333333,0.433294,0.504991
1.96,0.4333816,0.5051858
1.9616666666666667,0.4334658,0.5053676
1.9633333333333334,0.4335534,0.5055666
1.965,0.4336462,0.5057524
1.9666666666666666,0.433725,0.505942
1.9683333333333333,0.4338074,0.5061362
1.97,0.4338898,0.5063212
1.9716666666666667,0.4339722,0.5065074
1.9733333333333334,0.4340624,0.506692
1.975,0.4341438,0.506888
1.9766666666666666,0.434226,0.5070812
1.9783333333333333,0.434314,0.507269
1.98,0.4344074,0.5074616
1.9816666666666667,0.4344868,0.5076608
1.9833333333333334,0.4345768,0.507863
1.985,0.434657,0.5080532
1.9866666666666666,0.4347344,0.5082364
1.9883333333333333,0.4348314,0.5084232
1.99,0.434915,0.5086124
1.9916666666666667,0.4350054,0.5087908
1.9933333333333334,0.4350896,0.5089878
1.995,0.4351662,0.5091796
1.9966666666666666,0.4352486,0.5093766
1.9983333333333333,0.4353266,0.5095648
2.0,0.435417,0.5097618
2.0016666666666665,0.4354912,0.5098344
2.0033333333333334,0.4355772,0.509909
2.005,0.4356632,0.5099748
2.006666666666667,0.4357472,0.51004
2.0083333333333333,0.4358346,0.5101176
2.01,0.4359132,0.5101958
2.0116666666666667,0.4359896,0.5102684
2.013333333333333,0.4360696,0.5103372
2.015,0.436158,0.5104206
2.0166666666666666,0.436248,0.5104978
2.0183333333333335,0.4363286,0.5105692
2.02,0.4364036,0.510639
2.0216666666666665,0.4364876,0.5107138
2.0233333333333334,0.4365656,0.510781
2.025,0.43665,0.5108616
2.026666666666667,0.4367364,0.510933
2.0283333333333333,0.436805,0.5110114
2.03,0.4368758,0.5110824
2.0316666666666667,0.4369542,0.5111578
2.033333333333333,0.4370306,0.5112282
2.035,0.4371178,0.5113038
2.0366666666666666,0.4371918,0.5113632
2.0383333333333336,0.4372578,0.5114384
2.04,0.437345,0.5115038
2.0416666666666665,0.4374292,0.5115754
2.0433333333333334,0.4375048,0.5116462
2.045,0.4375838,0.5117166
2.046666666666667,0.4376592,0.5117882
2.0483333333333333,0.4377408,0.5118536
2.05,0.4378116,0.5119236
2.0516666666666667,0.4378848,0.5119892
2.0533333333333332,0.4379606,0.5120576
2.055,0.4380334,0.5121288
2.0566666666666666,0.4381072,0.5121996
2.058333333333333,0.4381884,0.5122662
2.06,0.4382808,0.512331
2.0616666666666665,0.438358,0.512405
2.0633333333333335,0.4384342,0.5124798
2.065,0.4385056,0.5125488
2.066666666666667,0.4385834,0.51262
2.0683333333333334,0.4386572,0.5126818
2.07,0.4387226,0.5127486
2.0716666666666668,0.4388016,0.5128142
2.0733333333333333,0.4388836,0.512878
2.075,0.4389456,0.51294
2.0766666666666667,0.4390174,0.5129994
2.078333333333333,0.4390858,0.5130688
2.08,0.4391524,0.5131302
2.0816666666666666,0.4392284,0.5131964
2.0833333333333335,0.4393032,0.513259
2.085,0.439382,0.5133222
2.0866666666666664,0.4394444,0.5133966
2.0883333333333334,0.439517,0.5134606
2.09,0.439588,0.5135256
2.091666666666667,0.4396574,0.5135848
2.0933333333333333,0.4397204,0.5136492
2.095,0.43979,0.5137036
2.0966666666666667,0.4398614,0.5137686
2.098333333333333,0.4399372,0.5138328
2.1,0.4400024,0.5139084
2.1016666666666666,0.4400852,0.5139874
2.1033333333333335,0.4401512,0.51405
2.105,0.4402314,0.5141146
2.1066666666666665,0.4402902,0.514177
2.1083333333333334,0.4403644,0.5142452
2.11,0.440433,0.5143058
2.111666666666667,0.4405004,0.5143726
2.1133333333333333,0.4405698,0.5144436
2.115,0.4406328,0.5145058
2.1166666666666667,0.4406996,0.5145714
2.118333333333333,0.4407716,0.5146378
2.12,0.4408354,0.5146976
2.1216666666666666,0.4408972,0.5147578
2.1233333333333335,0.4409702,0.5148154
2.125,0.441027,0.5148808
2.1266666666666665,0.4410934,0.5149382
2.1283333333333334,0.441166,0.5149948
2.13,0.441234,0.515057
2.131666666666667,0.441315,0.5151214
2.1333333333333333,0.441382,0.5151858
2.135,0.4414516,0.5152432
2.1366666666666667,0.4415144,0.5153006
2.138333333333333,0.4415814,0.515365
2.14,0.441648,0.515433
2.1416666666666666,0.4417034,0.5154954
2.1433333333333335,0.4417612,0.5155564
2.145,0.4418304,0.515614
2.1466666666666665,0.4419096,0.5156774
2.1483333333333334,0.4419748,0.5157352
2.15,0.442037,0.5157922
2.151666666666667,0.4421024,0.5158574
2.1533333333333333,0.4421688,0.5159148
2.155,0.4422288,0.5159692
2.1566666666666667,0.4422936,0.5160284
2.158333333333333,0.442353,0.5160758
2.16,0.4424152,0.5161398
2.1616666666666666,0.4424814,0.516204
2.1633333333333336,0.4425442,0.5162698
2.165,0.4426034,0.5163266
2.1666666666666665,0.4426618,0.5163802
2.1683333333333334,0.4427378,0.516433
2.17,0.4428022,0.5164934
2.171666666666667,0.4428572,0.5165554
2.1733333333333333,0.4429158,0.516611
2.175,0.4429798,0.5166666
2.1766666666666667,0.4430528,0.5167186
2.1783333333333332,0.4431142,0.516768
2.18,0.4431806,0.5168268
2.1816666666666666,0.443245,0.516887
2.183333333333333,0.4433114,0.5169478
2.185,0.4433824,0.5170004
2.1866666666666665,0.443441,0.5170506
2.1883333333333335,0.4435054,0.5171096
2.19,0.4435666,0.517163
2.191666666666667,0.4436316,0.5172198
2.1933333333333334,0.443691,0.5172724
2.195,0.4437516,0.5173234
2.1966666666666668,0.4438106,0.5173832
2.1983333333333333,0.4438762,0.5174362
2.2,0.4439318,0.5174918
2.2016666666666667,0.4439834,0.5175484
2.203333333333333,0.4440556,0.5176018
2.205,0.4441166,0.5176526
2.2066666666666666,0.4441846,0.5177152
2.2083333333333335,0.4442442,0.5177734
2.21,0.4443154,0.5178318
2.2116666666666664,0.4443766,0.5178916
2.2133333333333334,0.4444384,0.5179434
2.215,0.4445014,0.5179984
2.216666666666667,0.4445662,0.5180568
2.2183333333333333,0.4446212,0.518101
2.22,0.4446816,0.5181548
2.2216666666666667,0.4447366,0.5182094
2.223333333333333,0.4447954,0.5182632
2.225,0.4448496,0.518314
2.2266666666666666,0.4449042,0.518363
2.2283333333333335,0.4449586,0.5184156
2.23,0.4450186,0.5184712
2.2316666666666665,0.4450772,0.5185274
2.2333333333333334,0.4451314,0.518575
2.235,0.4452026,0.5186262
2.236666666666667,0.4452598,0.5186818
2.2383333333333333,0.4453162,0.5187296
2.24,0.4453682,0.5187822
2.2416666666666667,0.4454238,0.51883
2.243333333333333,0.4454836,0.5188836
2.245,0.445539,0.5189346
2.2466666666666666,0.4456008,0.5189898
2.2483333333333335,0.4456532,0.5190372
2.25,0.4457106,0.5190794
2.2516666666666665,0.4457684,0.5191276
2.2533333333333334,0.4458188,0.5191824
2.255,0.4458704,0.5192316
2.256666666666667,0.4459224,0.5192756
2.2583333333333333,0.4459748,0.5193248
2.26,0.4460352,0.519373
2.2616666666666667,0.4460896,0.5194184
2.263333333333333,0.4461494,0.519466
2.265,0.446217,0.5195136
2.2666666666666666,0.4462884,0.5195566
2.2683333333333335,0.4463454,0.5196074
2.27,0.4464074,0.5196494
2.2716666666666665,0.4464668,0.519694
2.2733333333333334,0.4465188,0.5197496
2.275,0.446577,0.519791
2.276666666666667,0.4466228,0.5198354
2.2783333333333333,0.4466812,0.5198854
2.28,0.446736,0.5199364
2.2816666666666667,0.4467864,0.519984
2.283333333333333,0.446841,0.5200318
2.285,0.4468954,0.5200758
2.2866666666666666,0.4469526,0.5201264
2.2883333333333336,0.447,0.5201716
2.29,0.4470484,0.5202246
2.2916666666666665,0.4471016,0.5202726
2.2933333333333334,0.4471564,0.5203204
2.295,0.4472014,0.5203732
2.296666666666667,0.4472592,0.520421
2.2983333333333333,0.4473108,0.5204752
2.3,0.4473582,0.5205182
2.3016666666666667,0.447411,0.520561
2.3033333333333332,0.4474616,0.520611
2.305,0.447518,0.52065
2.3066666666666666,0.447577,0.5206988
2.308333333333333,0.4476318,0.520742
2.31,0.4476864,0.5207804
2.3116666666666665,0.4477324,0.5208254
2.3133333333333335,0.447792,0.5208706
2.315,0.447841,0.5209166
2.316666666666667,0.4478962,0.5209626
2.3183333333333334,0.4479408,0.5210112
2.32,0.4479896,0.5210612
2.3216666666666668,0.4480308,0.521102
2.3233333333333333,0.4480808,0.52115
2.325,0.4481332,0.5211872
2.3266666666666667,0.4481848,0.52123
2.328333333333333,0.4482366,0.521277
2.33,0.4482804,0.5213172
2.3316666666666666,0.4483346,0.5213656
2.3333333333333335,0.4483836,0.52141
2.335,0.448432,0.5214626
2.3366666666666664,0.4484872,0.5215086
2.3383333333333334,0.4485348,0.521548
2.34,0.4485838,0.5216014
2.341666666666667,0.4486308,0.5216382
2.3433333333333333,0.4486888,0.521679
2.345,0.4487306,0.5217236
2.3466666666666667,0.4487708,0.5217654
2.348333333333333,0.4488208,0.5218064
2.35,0.4488718,0.5218512
2.3516666666666666,0.4489142,0.5218894
2.3533333333333335,0.4489588,0.5219208
2.355,0.449011,0.5219592
2.3566666666666665,0.449059,0.5219984
2.3583333333333334,0.4491068,0.5220386
2.36,0.4491504,0.5220774
2.361666666666667,0.4491924,0.5221158
2.3633333333333333,0.4492406,0.5221612
2.365,0.4492864,0.5221986
2.3666666666666667,0.449337,0.522233
2.368333333333333,0.4493858,0.5222786
2.37,0.4494292,0.522319
2.3716666666666666,0.4494768,0.522356
2.3733333333333335,0.4495248,0.5224022
2.375,0.4495698,0.5224414
2.3766666666666665,0.4496164,0.522489
2.3783333333333334,0.4496564,0.5225322
2.38,0.449709,0.5225674
2.381666666666667,0.4497524,0.5226142
2.3833333333333333,0.449795,0.5226578
2.385,0.4498342,0.5226994
2.3866666666666667,0.4498874,0.5227438
2.388333333333333,0.4499402,0.5227846
2.39,0.4499822,0.5228368
2.3916666666666666,0.4500332,0.522882
2.3933333333333335,0.4500782,0.5229272
2.395,0.4501216,0.522965
2.3966666666666665,0.4501656,0.5230008
2.3983333333333334,0.45021,0.5230424
2.4,0.4502626,0.5230804
2.401666666666667,0.4503044,0.5231132
2.4033333333333333,0.4503502,0.5231538
2.405,0.4503978,0.523193
2.4066666666666667,0.450447,0.523234
2.408333333333333,0.4504918,0.5232744
2.41,0.4505336,0.5233144
2.4116666666666666,0.450572,0.5233548
2.4133333333333336,0.4506106,0.5233878
2.415,0.4506616,0.5234184
2.4166666666666665,0.4507012,0.5234606
2.4183333333333334,0.4507484,0.5235022
2.42,0.4507926,0.5235376
2.421666666666667,0.450833,0.5235696
2.4233333333333333,0.4508792,0.5236002
2.425,0.4509158,0.5236406
2.4266666666666667,0.4509612,0.5236792
2.4283333333333332,0.4510026,0.5237178
2.43,0.4510472,0.5237564
2.4316666666666666,0.4510906,0.523793
2.433333333333333,0.4511348,0.523826
2.435,0.4511776,0.5238656
2.4366666666666665,0.4512226,0.5239022
2.4383333333333335,0.4512654,0.5239368
2.44,0.4513134,0.5239668
2.441666666666667,0.4513574,0.523997
2.4433333333333334,0.4513978,0.524035
2.445,0.4514394,0.5240718
2.4466666666666668,0.4514798,0.5241126
2.4483333333333333,0.451525,0.5241552
2.45,0.45157,0.5241936
2.4516666666666667,0.4516098,0.5242256
2.453333333333333,0.4516512,0.5242612
2.455,0.4516918,0.5242976
2.4566666666666666,0.451739,0.5243344
2.4583333333333335,0.451777,0.524377
2.46,0.4518178,0.5244122
2.4616666666666664,0.4518566,0.5244464
2.4633333333333334,0.4518958,0.5244886
2.465,0.4519394,0.524525
2.466666666666667,0.4519802,0.524559
2.4683333333333333,0.452019,0.524591
2.47,0.4520648,0.5246278
2.4716666666666667,0.4521058,0.524669
2.473333333333333,0.4521434,0.5247068
2.475,0.4521822,0.5247362
2.4766666666666666,0.4522184,0.5247742
2.4783333333333335,0.4522492,0.5248164
2.48,0.4522948,0.5248482
2.4816666666666665,0.4523252,0.5248804
2.4833333333333334,0.4523576,0.524924
2.485,0.4524004,0.5249616
2.486666666666667,0.4524358,0.5249962
2.4883333333333333,0.4524796,0.5250292
2.49,0.4525178,0.5250596
2.4916666666666667,0.4525534,0.525087
2.493333333333333,0.452592,0.525116
2.495,0.4526298,0.5251516
2.4966666666666666,0.4526648,0.5251824
2.4983333333333335,0.4526894,0.5252214
2.5,0.4527206,0.525253
2.5016666666666665,0.4527522,0.525287
2.5033333333333334,0.4527918,0.5253212
2.505,0.4528318,0.5253564
2.506666666666667,0.4528706,0.5253962
2.5083333333333333,0.4529022,0.5254276
2.51,0.4529378,0.525461
2.5116666666666667,0.452976,0.5254884
2.513333333333333,0.4530072,0.5255252
2.515,0.453043,0.5255596
2.5166666666666666,0.4530772,0.5255912
2.5183333333333335,0.453112,0.5256254
2.52,0.4531488,0.525657
2.5216666666666665,0.4531824,0.5256938
2.5233333333333334,0.4532154,0.5257222
2.525,0.4532444,0.5257506
2.526666666666667,0.453277,0.5257772
2.5283333333333333,0.4533108,0.5258062
2.53,0.4533444,0.5258354
2.5316666666666667,0.4533754,0.5258626
2.533333333333333,0.453416,0.5259036
2.535,0.453448,0.5259402
2.5366666666666666,0.4534818,0.5259678
2.5383333333333336,0.4535168,0.5260018
2.54,0.4535528,0.526032
2.5416666666666665,0.4535896,0.5260626
2.5433333333333334,0.4536278,0.5260942
2.545,0.4536648,0.5261264
2.546666666666667,0.4536992,0.5261592
2.5483333333333333,0.453729,0.5261952
2.55,0.453766,0.5262216
2.5516666666666667,0.453796,0.5262518
2.5533333333333332,0.4538324,0.52628
2.555,0.4538584,0.5263136
2.5566666666666666,0.453894,0.5263454
2.558333333333333,0.4539306,0.526381
2.56,0.4539618,0.5264098
2.5616666666666665,0.4539984,0.5264368
2.5633333333333335,0.4540318,0.5264724
2.565,0.4540636,0.5265058
2.566666666666667,0.4540902,0.5265382
2.5683333333333334,0.454126,0.526569
2.57,0.4541578,0.5265998
2.5716666666666668,0.4541882,0.5266398
2.5733333333333333,0.454221,0.5266722
2.575,0.4542528,0.5267022
2.5766666666666667,0.4542854,0.5267298
2.578333333333333,0.4543172,0.5267572
2.58,0.4543588,0.5267862
2.5816666666666666,0.4543906,0.5268194
2.5833333333333335,0.4544238,0.5268514
2.585,0.4544584,0.5268772
2.5866666666666664,0.4544926,0.5269058
2.5883333333333334,0.4545246,0.5269346
2.59,0.4545554,0.5269704
2.591666666666667,0.454583,0.5269972
2.5933333333333333,0.454607,0.5270306
2.595,0.4546298,0.5270608
2.5966666666666667,0.4546594,0.5270914
2.598333333333333,0.45469,0.527115
2.6,0.454719,0.5271402
2.6016666666666666,0.4547522,0.5271666
2.6033333333333335,0.4547796,0.5271982
2.605,0.4548074,0.5272256
2.6066666666666665,0.4548354,0.5272534
2.6083333333333334,0.4548626,0.5272744
2.61,0.454893,0.5273072
2.611666666666667,0.4549226,0.5273376
2.6133333333333333,0.4549564,0.5273698
2.615,0.4549848,0.5273972
2.6166666666666667,0.4550058,0.527426
2.618333333333333,0.455041,0.5274574
2.62,0.4550656,0.5274884
2.6216666666666666,0.4550974,0.527512
2.6233333333333335,0.4551302,0.5275408
2.625,0.4551664,0.5275676
2.6266666666666665,0.4552006,0.5276044
2.6283333333333334,0.4552288,0.5276324
2.63,0.4552556,0.527659
2.631666666666667,0.4552896,0.5276828
2.6333333333333333,0.455323,0.5277158
2.635,0.4553494,0.5277442
2.6366666666666667,0.4553752,0.527769
2.638333333333333,0.45541,0.5278014
2.64,0.455438,0.5278304
2.6416666666666666,0.4554676,0.5278548
2.6433333333333335,0.4554958,0.527878
2.645,0.4555154,0.5279024
2.6466666666666665,0.4555464,0.527927
2.6483333333333334,0.4555774,0.5279492
2.65,0.455603,0.5279726
2.651666666666667,0.4556306,0.5280062
2.6533333333333333,0.4556586,0.5280304
2.655,0.455684,0.5280488
2.6566666666666667,0.4557092,0.5280762
2.658333333333333,0.455737,0.5281036
2.66,0.4557632,0.5281322
2.6616666666666666,0.455786,0.5281562
2.6633333333333336,0.4558148,0.5281828
2.665,0.455837,0.52821
2.6666666666666665,0.4558682,0.528232
2.6683333333333334,0.4558974,0.528257
2.67,0.45592,0.5282878
2.671666666666667,0.4559456,0.5283114
2.6733333333333333,0.4559754,0.5283402
2.675,0.4560062,0.5283644
2.6766666666666667,0.4560326,0.5283906
2.6783333333333332,0.4560608,0.5284148
2.68,0.4560872,0.5284448
2.6816666666666666,0.456116,0.528466
2.683333333333333,0.4561436,0.5284882
2.685,0.4561694,0.5285144
2.6866666666666665,0.4561976,0.5285338
2.6883333333333335,0.4562238,0.5285636
2.69,0.4562468,0.5285846
2.691666666666667,0.4562732,0.5286146
2.6933333333333334,0.4562984,0.5286404
2.695,0.456323,0.5286628
2.6966666666666668,0.456345,0.528687
2.6983333333333333,0.456373,0.5287154
2.7,0.4564034,0.528738
2.7016666666666667,0.4564292,0.5287614
2.703333333333333,0.4564508,0.5287866
2.705,0.4564754,0.5288124
2.7066666666666666,0.4565024,0.528833
2.7083333333333335,0.4565212,0.5288592
2.71,0.456552,0.5288786
2.7116666666666664,0.4565776,0.5289016
2.7133333333333334,0.4566064,0.528925
2.715,0.4566282,0.5289462
2.716666666666667,0.456647,0.5289688
2.7183333333333333,0.4566714,0.5289926
2.72,0.4566952,0.5290172
2.7216666666666667,0.4567184,0.5290372
2.723333333333333,0.456747,0.5290608
2.725,0.4567718,0.529088
2.7266666666666666,0.4567992,0.5291144
2.7283333333333335,0.4568252,0.5291356
2.73,0.456846,0.5291576
2.7316666666666665,0.4568726,0.529181
2.7333333333333334,0.4568956,0.529205
2.735,0.4569158,0.5292262
2.736666666666667,0.45694,0.5292466
2.7383333333333333,0.4569642,0.5292654
2.74,0.45699,0.5292822
2.7416666666666667,0.4570156,0.5293052
2.743333333333333,0.4570418,0.5293218
2.745,0.4570606,0.5293424
2.7466666666666666,0.4570844,0.529367
2.7483333333333335,0.457107,0.5293922
2.75,0.457129,0.5294126
2.7516666666666665,0.4571518,0.5294376
2.7533333333333334,0.45717,0.529459
2.755,0.4571886,0.529483
2.756666666666667,0.4572044,0.52951
2.7583333333333333,0.457226,0.529537
2.76,0.4572508,0.5295598
2.7616666666666667,0.457273,0.529584
2.763333333333333,0.4572986,0.5296032
2.765,0.4573186,0.5296242
2.7666666666666666,0.4573434,0.5296418
2.7683333333333335,0.4573642,0.5296636
2.77,0.4573856,0.5296882
2.7716666666666665,0.4574076,0.529711
2.7733333333333334,0.4574326,0.52973
2.775,0.457454,0.5297554
2.776666666666667,0.4574794,0.5297792
2.7783333333333333,0.4575006,0.5298002
2.78,0.457521,0.5298174
2.7816666666666667,0.4575434,0.5298402
2.783333333333333,0.457565,0.5298654
2.785,0.4575866,0.5298872
2.7866666666666666,0.4576088,0.5299104
2.7883333333333336,0.4576298,0.5299382
2.79,0.4576504,0.5299554
2.7916666666666665,0.45767,0.5299734
2.7933333333333334,0.4576956,0.5299968
2.795,0.4577138,0.5300212
2.796666666666667,0.4577328,0.5300388
2.7983333333333333,0.4577516,0.5300602
2.8,0.457768,0.5300806
2.8016666666666667,0.4577866,0.5300988
2.8033333333333332,0.4578052,0.5301178
2.805,0.4578268,0.5301388
2.8066666666666666,0.4578442,0.5301602
2.808333333333333,0.457866,0.5301844
2.81,0.4578838,0.5302058
2.8116666666666665,0.4579042,0.5302224
2.8133333333333335,0.4579238,0.530241
2.815,0.4579474,0.5302642
2.816666666666667,0.457962,0.5302812
2.8183333333333334,0.4579818,0.5302994
2.82,0.458004,0.530319
2.8216666666666668,0.4580236,0.5303356
2.8233333333333333,0.4580412,0.5303546
2.825,0.4580604,0.5303748
2.8266666666666667,0.4580802,0.5304028
2.828333333333333,0.4580978,0.5304246
2.83,0.4581222,0.5304438
2.8316666666666666,0.4581434,0.5304598
2.8333333333333335,0.4581622,0.5304816
2.835,0.4581776,0.5305012
2.8366666666666664,0.4581944,0.5305236
2.8383333333333334,0.458213,0.530545
2.84,0.4582308,0.5305632
2.841666666666667,0.4582488,0.5305822
2.8433333333333333,0.458264,0.5306024
2.845,0.458283,0.5306222
2.8466666666666667,0.4582986,0.5306366
2.848333333333333,0.458315,0.5306552
2.85,0.4583316,0.5306702
2.8516666666666666,0.4583484,0.5306904
2.8533333333333335,0.4583656,0.5307098
2.855,0.458381,0.530728
2.8566666666666665,0.4583954,0.5307438
2.8583333333333334,0.458418,0.530759
2.86,0.4584308,0.5307794
2.861666666666667,0.4584488,0.530799
2.8633333333333333,0.4584708,0.5308216
2.865,0.4584888,0.5308376
2.8666666666666667,0.4585036,0.530856
2.868333333333333,0.4585216,0.5308718
2.87,0.4585354,0.5308908
2.8716666666666666,0.4585546,0.5309118
2.8733333333333335,0.4585706,0.530934
2.875,0.4585866,0.5309528
2.8766666666666665,0.4586046,0.5309728
2.8783333333333334,0.458618,0.530997
2.88,0.4586344,0.5310158
2.881666666666667,0.4586494,0.5310312
2.8833333333333333,0.458666,0.5310492
2.885,0.4586812,0.5310654
2.8866666666666667,0.4586946,0.5310808
2.888333333333333,0.4587116,0.5311068
2.89,0.4587282,0.5311238
2.8916666666666666,0.4587448,0.5311404
2.8933333333333335,0.4587586,0.5311634
2.895,0.4587752,0.5311816
2.8966666666666665,0.4587942,0.531201
2.8983333333333334,0.4588126,0.5312148
2.9,0.4588304,0.5312322
2.901666666666667,0.458846,0.5312504
2.9033333333333333,0.4588622,0.531269
2.905,0.4588816,0.531284
2.9066666666666667,0.458899,0.531305
2.908333333333333,0.4589132,0.5313216
2.91,0.4589226,0.5313362
2.9116666666666666,0.4589422,0.5313522
2.9133333333333336,0.4589574,0.5313682
2.915,0.458971,0.5313792
2.9166666666666665,0.458986,0.5313958
2.9183333333333334,0.4589996,0.531413
2.92,0.4590174,0.5314322
2.921666666666667,0.4590356,0.5314448
2.9233333333333333,0.4590534,0.5314596
2.925,0.4590688,0.5314702
2.9266666666666667,0.4590828,0.5314888
2.9283333333333332,0.4590994,0.5315042
2.93,0.4591176,0.5315206
2.9316666666666666,0.459131,0.53154
2.933333333333333,0.4591466,0.5315588
2.935,0.4591572,0.531578
2.9366666666666665,0.4591706,0.5315922
2.9383333333333335,0.4591856,0.5316056
2.94,0.4591992,0.531622
2.941666666666667,0.4592116,0.5316376
2.9433333333333334,0.459223,0.531651
2.945,0.4592374,0.5316636
2.9466666666666668,0.4592544,0.5316812
2.9483333333333333,0.4592706,0.5317004
2.95,0.459285,0.5317186
2.9516666666666667,0.4593004,0.5317352
2.953333333333333,0.4593162,0.53175
2.955,0.459329,0.5317608
2.9566666666666666,0.4593394,0.5317776
2.9583333333333335,0.4593522,0.5317916
2.96,0.4593626,0.5318092
2.9616666666666664,0.4593766,0.531818
2.9633333333333334,0.4593898,0.5318378
2.965,0.4594024,0.531853
2.966666666666667,0.459414,0.531867
2.9683333333333333,0.4594286,0.5318766
2.97,0.459444,0.5318894
2.9716666666666667,0.4594568,0.5319022
2.973333333333333,0.4594706,0.5319166
2.975,0.459488,0.5319362
2.9766666666666666,0.4595046,0.5319484
2.9783333333333335,0.4595128,0.5319632
2.98,0.4595226,0.5319756
2.9816666666666665,0.45953,0.5319896
2.9833333333333334,0.4595426,0.5319992
2.985,0.459554,0.5320152
2.986666666666667,0.459564,0.5320314
2.9883333333333333,0.4595742,0.5320452
2.99,0.4595872,0.532063
2.9916666666666667,0.459602,0.5320776
2.993333333333333,0.4596154,0.5320886
2.995,0.459624,0.5321044
2.9966666666666666,0.4596352,0.532121
2.9983333333333335,0.4596474,0.5321328
3.0,0.4596588,0.532146
3.0016666666666665,0.4596694,0.5321622
3.0033333333333334,0.4596826,0.53218
3.005,0.4596956,0.5321928
3.006666666666667,0.4597048,0.5322084
3.0083333333333333,0.4597146,0.5322222
3.01,0.4597246,0.5322346
3.0116666666666667,0.4597372,0.5322476
3.013333333333333,0.4597452,0.5322628
3.015,0.4597562,0.5322756
3.0166666666666666,0.459767,0.5322896
3.0183333333333335,0.4597804,0.5323008
3.02,0.459796,0.5323136
3.0216666666666665,0.459809,0.5323246
3.0233333333333334,0.4598174,0.532339
3.025,0.4598256,0.5323544
3.026666666666667,0.4598394,0.5323692
3.0283333333333333,0.4598498,0.532385
3.03,0.4598606,0.532394
3.0316666666666667,0.45987,0.532411
3.033333333333333,0.4598806,0.5324284
3.035,0.4598894,0.532443
3.0366666666666666,0.4599018,0.5324574
3.0383333333333336,0.4599092,0.5324726
3.04,0.4599234,0.5324858
3.0416666666666665,0.4599344,0.5325026
3.0433333333333334,0.459946,0.5325126
3.045,0.4599584,0.532525
3.046666666666667,0.4599636,0.5325362
3.0483333333333333,0.4599776,0.5325498
3.05,0.459989,0.532565
3.0516666666666667,0.4599996,0.5325768
3.0533333333333332,0.4600088,0.5325896
3.055,0.4600158,0.5326026
3.0566666666666666,0.4600272,0.532615
3.058333333333333,0.4600382,0.5326258
3.06,0.4600486,0.5326352
3.0616666666666665,0.4600558,0.5326494
3.0633333333333335,0.4600634,0.5326598
3.065,0.460071,0.5326702
3.066666666666667,0.4600826,0.5326806
3.0683333333333334,0.4600922,0.5326922
3.07,0.4601006,0.532705
3.0716666666666668,0.460107,0.5327202
3.0733333333333333,0.4601194,0.5327354
3.075,0.4601294,0.5327478
3.0766666666666667,0.46014,0.5327606
3.078333333333333,0.4601502,0.5327712
3.08,0.4601636,0.5327844
3.0816666666666666,0.4601708,0.5327996
3.0833333333333335,0.4601784,0.5328134
3.085,0.46019,0.5328252
3.0866666666666664,0.4602022,0.5328396
3.0883333333333334,0.4602118,0.5328502
3.09,0.4602214,0.5328664
3.091666666666667,0.4602332,0.5328734
3.0933333333333333,0.4602448,0.5328904
3.095,0.4602536,0.5329016
3.0966666666666667,0.4602652,0.532911
3.098333333333333,0.46028,0.532922
3.1,0.4602916,0.5329344
3.1016666666666666,0.4603034,0.5329446
3.1033333333333335,0.4603112,0.5329554
3.105,0.4603206,0.5329688
3.1066666666666665,0.4603268,0.5329856
3.1083333333333334,0.4603364,0.5329972
3.11,0.4603462,0.5330114
3.111666666666667,0.4603548,0.533025
3.1133333333333333,0.4603602,0.5330358
3.115,0.4603706,0.5330472
3.1166666666666667,0.4603782,0.533062
3.118333333333333,0.460388,0.5330744
3.12,0.4603958,0.5330832
3.1216666666666666,0.4604066,0.533096
3.1233333333333335,0.4604162,0.5331082
3.125,0.4604228,0.5331156
3.1266666666666665,0.4604314,0.533127
3.1283333333333334,0.4604396,0.5331404
3.13,0.4604508,0.5331536
3.131666666666667,0.460461,0.5331674
3.1333333333333333,0.4604684,0.533179
3.135,0.4604778,0.5331878
3.1366666666666667,0.4604884,0.5332022
3.138333333333333,0.4604964,0.5332128
3.14,0.460503,0.5332292
3.1416666666666666,0.4605112,0.5332428
3.1433333333333335,0.46052,0.5332514
3.145,0.4605294,0.5332594
3.1466666666666665,0.4605406,0.5332694
3.1483333333333334,0.4605504,0.5332752
3.15,0.4605608,0.5332894
3.151666666666667,0.4605674,0.5333016
3.1533333333333333,0.4605752,0.5333122
3.155,0.4605824,0.5333258
3.1566666666666667,0.460594,0.5333344
3.158333333333333,0.4606014,0.5333462
3.16,0.4606122,0.5333584
3.1616666666666666,0.4606224,0.5333718
3.1633333333333336,0.4606298,0.533385
3.165,0.4606344,0.5333936
3.1666666666666665,0.4606442,0.5334054
3.1683333333333334,0.460654,0.5334138
3.17,0.4606606,0.5334258
3.171666666666667,0.4606726,0.5334372
3.1733333333333333,0.4606826,0.5334492
3.175,0.4606912,0.5334576
3.1766666666666667,0.4606964,0.5334668
3.1783333333333332,0.4607094,0.5334804
3.18,0.460719,0.533491
3.1816666666666666,0.460727,0.5335016
3.183333333333333,0.4607322,0.5335088
3.185,0.4607432,0.5335198
3.1866666666666665,0.4607528,0.5335308
3.1883333333333335,0.4607622,0.5335412
3.19,0.4607688,0.5335526
3.191666666666667,0.4607768,0.533563
3.1933333333333334,0.4607866,0.5335726
3.195,0.4607956,0.5335808
3.1966666666666668,0.460804,0.5335862
3.1983333333333333,0.460812,0.5335926
3.2,0.4608172,0.5336034
3.2016666666666667,0.4608264,0.533613
3.203333333333333,0.460838,0.533626
3.205,0.4608458,0.5336354
3.2066666666666666,0.4608562,0.5336436
3.2083333333333335,0.4608618,0.5336536
3.21,0.4608698,0.5336644
3.2116666666666664,0.4608762,0.5336746
3.2133333333333334,0.460889,0.533689
3.215,0.460895,0.5336962
3.216666666666667,0.4609032,0.533708
3.2183333333333333,0.4609108,0.5337156
3.22,0.4609174,0.533726
3.2216666666666667,0.4609256,0.5337338
3.223333333333333,0.4609328,0.5337444
3.225,0.4609396,0.5337558
3.2266666666666666,0.460947,0.5337658
3.2283333333333335,0.4609566,0.5337794
3.23,0.4609638,0.5337848
3.2316666666666665,0.4609706,0.533795
3.2333333333333334,0.4609812,0.5338044
3.235,0.4609868,0.5338144
3.236666666666667,0.4609954,0.5338244
3.2383333333333333,0.4610034,0.5338338
3.24,0.46101,0.5338412
3.2416666666666667,0.4610198,0.53385
3.243333333333333,0.4610256,0.533858
3.245,0.4610322,0.5338686
3.2466666666666666,0.4610404,0.5338812
3.2483333333333335,0.4610452,0.5338906
3.25,0.4610524,0.5339004
3.2516666666666665,0.4610592,0.5339092
3.2533333333333334,0.4610642,0.5339166
3.255,0.4610714,0.5339262
3.256666666666667,0.4610792,0.5339324
3.2583333333333333,0.4610908,0.5339432
3.26,0.461096,0.5339522
3.2616666666666667,0.4611014,0.5339624
3.263333333333333,0.4611086,0.5339702
3.265,0.461119,0.533977
3.2666666666666666,0.4611268,0.5339874
3.2683333333333335,0.4611364,0.5339974
3.27,0.4611414,0.5340086
3.2716666666666665,0.461146,0.5340178
3.2733333333333334,0.4611514,0.5340238
3.275,0.4611568,0.5340306
3.276666666666667,0.4611612,0.5340394
3.2783333333333333,0.4611722,0.5340486
3.28,0.4611786,0.534059
3.2816666666666667,0.4611866,0.534066
3.283333333333333,0.4611968,0.534074
3.285,0.4612046,0.534081
3.2866666666666666,0.4612114,0.5340872
3.2883333333333336,0.4612194,0.534096
3.29,0.4612286,0.5341032
3.2916666666666665,0.4612342,0.5341138
3.2933333333333334,0.4612384,0.5341194
3.295,0.4612428,0.534132
3.296666666666667,0.4612494,0.5341412
3.2983333333333333,0.4612554,0.5341502
3.3,0.4612638,0.5341598
3.3016666666666667,0.461272,0.534168
3.3033333333333332,0.4612764,0.5341778
3.305,0.4612812,0.5341866
3.3066666666666666,0.4612866,0.5341918
3.308333333333333,0.461292,0.5341994
3.31,0.4613002,0.5342072
3.3116666666666665,0.4613078,0.5342158
3.3133333333333335,0.4613152,0.5342234
3.315,0.4613252,0.5342308
3.316666666666667,0.4613316,0.5342392
3.3183333333333334,0.4613374,0.5342514
3.32,0.4613436,0.5342612
3.3216666666666668,0.4613512,0.5342702
3.3233333333333333,0.4613596,0.5342796
3.325,0.4613648,0.5342846
3.3266666666666667,0.4613736,0.5342922
3.328333333333333,0.461381,0.5343046
3.33,0.461388,0.534312
3.3316666666666666,0.4613942,0.5343206
3.3333333333333335,0.4614006,0.5343294
3.335,0.4614078,0.53434
3.3366666666666664,0.461413,0.5343488
3.3383333333333334,0.4614206,0.534355
3.34,0.4614268,0.5343598
3.341666666666667,0.4614338,0.5343674
3.3433333333333333,0.461441,0.5343756
3.345,0.461445,0.534381
3.3466666666666667,0.4614538,0.5343918
3.348333333333333,0.4614598,0.5343974
3.35,0.4614622,0.5344036
3.3516666666666666,0.4614706,0.5344102
3.3533333333333335,0.4614776,0.5344166
3.355,0.4614856,0.5344228
3.3566666666666665,0.4614934,0.5344304
3.3583333333333334,0.4615012,0.534439
3.36,0.4615058,0.534447
3.361666666666667,0.4615114,0.5344568
3.3633333333333333,0.461514,0.5344656
3.365,0.4615172,0.5344738
3.3666666666666667,0.4615206,0.5344826
3.368333333333333,0.4615264,0.5344876
3.37,0.4615316,0.5344962
3.3716666666666666,0.4615368,0.5345086
3.3733333333333335,0.4615416,0.534515
3.375,0.461548,0.5345224
3.3766666666666665,0.4615524,0.5345302
3.3783333333333334,0.461563,0.534537
3.38,0.4615712,0.5345434
3.381666666666667,0.461576,0.5345506
3.3833333333333333,0.4615836,0.5345606
3.385,0.461591,0.5345686
3.3866666666666667,0.4615966,0.5345746
3.388333333333333,0.4616012,0.5345846
3.39,0.4616044,0.534591
3.3916666666666666,0.4616118,0.5345992
3.3933333333333335,0.461623,0.5346048
3.395,0.461628,0.5346126
3.3966666666666665,0.4616318,0.5346186
3.3983333333333334,0.4616376,0.5346218
3.4,0.461643,0.5346294
3.401666666666667,0.4616476,0.5346332
3.4033333333333333,0.4616534,0.5346412
3.405,0.461659,0.5346488
3.4066666666666667,0.461666,0.5346572
3.408333333333333,0.461672,0.5346632
3.41,0.4616782,0.5346686
3.4116666666666666,0.461683,0.534676
3.4133333333333336,0.4616874,0.5346822
3.415,0.461692,0.534691
3.4166666666666665,0.4616978,0.5346962
3.4183333333333334,0.461702,0.5347028
3.42,0.46171,0.534708
3.421666666666667,0.461718,0.5347112
3.4233333333333333,0.4617236,0.5347202
3.425,0.4617306,0.5347272
3.4266666666666667,0.4617362,0.5347334
3.4283333333333332,0.4617444,0.5347382
3.43,0.4617478,0.5347438
3.4316666666666666,0.4617542,0.53475
3.433333333333333,0.4617618,0.5347542
3.435,0.4617678,0.5347584
3.4366666666666665,0.4617722,0.5347664
3.4383333333333335,0.4617788,0.5347714
3.44,0.4617834,0.5347786
3.441666666666667,0.4617866,0.5347854
3.4433333333333334,0.4617902,0.5347896
3.445,0.461796,0.5347968
3.4466666666666668,0.4618016,0.534801
3.4483333333333333,0.4618046,0.5348066
3.45,0.461807,0.5348098
3.4516666666666667,0.4618162,0.5348176
3.453333333333333,0.46182,0.534826
3.455,0.4618262,0.5348324
3.4566666666666666,0.4618302,0.5348372
3.4583333333333335,0.4618346,0.5348408
3.46,0.4618398,0.5348466
3.4616666666666664,0.4618444,0.5348536
3.4633333333333334,0.4618508,0.5348616
3.465,0.4618562,0.5348684
3.466666666666667,0.4618618,0.5348728
3.4683333333333333,0.4618646,0.5348794
3.47,0.4618678,0.534886
3.4716666666666667,0.461874,0.5348932
3.473333333333333,0.4618784,0.5349012
3.475,0.4618848,0.5349066
3.4766666666666666,0.4618898,0.5349116
3.4783333333333335,0.4618942,0.5349142
3.48,0.4618984,0.5349214
3.4816666666666665,0.4619034,0.5349278
3.4833333333333334,0.4619086,0.5349336
3.485,0.4619122,0.5349388
3.486666666666667,0.4619176,0.5349416
3.4883333333333333,0.4619206,0.5349464
3.49,0.4619256,0.5349518
3.4916666666666667,0.461928,0.5349566
3.493333333333333,0.4619334,0.5349622
3.495,0.4619394,0.5349662
3.4966666666666666,0.4619434,0.534974
3.4983333333333335,0.461948,0.5349796
3.5,0.461955,0.5349862
3.5016666666666665,0.461958,0.5349894
3.5033333333333334,0.4619624,0.5349948
3.505,0.4619668,0.5350006
3.506666666666667,0.4619714,0.5350052
3.5083333333333333,0.4619766,0.5350122
3.51,0.46198,0.5350198
3.5116666666666667,0.4619862,0.5350238
3.513333333333333,0.46199,0.5350284
3.515,0.4619932,0.5350322
3.5166666666666666,0.4619988,0.535036
3.5183333333333335,0.4620034,0.5350406
3.52,0.4620078,0.5350448
3.5216666666666665,0.4620114,0.5350512
3.5233333333333334,0.462017,0.5350586
3.525,0.4620212,0.5350636
3.526666666666667,0.4620246,0.5350666
3.5283333333333333,0.4620272,0.5350722
3.53,0.4620334,0.5350784
3.5316666666666667,0.4620386,0.5350828
3.533333333333333,0.4620448,0.5350844
3.535,0.4620474,0.5350906
3.5366666666666666,0.46205,0.5350962
3.5383333333333336,0.4620546,0.535102
3.54,0.4620574,0.5351068
3.5416666666666665,0.462066,0.535114
3.5433333333333334,0.4620706,0.5351186
3.545,0.4620756,0.5351246
3.546666666666667,0.4620784,0.5351292
3.5483333333333333,0.462081,0.5351342
3.55,0.4620836,0.5351364
3.5516666666666667,0.4620872,0.5351416
3.5533333333333332,0.4620918,0.5351472
3.555,0.462097,0.5351506
3.5566666666666666,0.462104,0.5351578
3.558333333333333,0.4621098,0.5351628
3.56,0.4621146,0.5351664
3.5616666666666665,0.4621176,0.535169
3.5633333333333335,0.4621224,0.5351724
3.565,0.4621272,0.5351766
3.566666666666667,0.4621318,0.5351804
3.5683333333333334,0.4621362,0.5351846
3.57,0.46214,0.5351886
3.5716666666666668,0.4621428,0.5351906
3.5733333333333333,0.462148,0.5351956
3.575,0.462154,0.5351988
3.5766666666666667,0.462158,0.535205
3.578333333333333,0.4621612,0.5352092
3.58,0.462164,0.5352154
3.5816666666666666,0.4621676,0.5352188
3.5833333333333335,0.46217,0.5352252
3.585,0.4621756,0.5352286
3.5866666666666664,0.462179,0.535232
3.5883333333333334,0.4621842,0.535237
3.59,0.4621864,0.5352436
3.591666666666667,0.4621894,0.5352486
3.5933333333333333,0.462192,0.5352544
3.595,0.4621972,0.5352582
3.5966666666666667,0.462202,0.5352614
3.598333333333333,0.4622044,0.535265
3.6,0.4622106,0.5352694
3.6016666666666666,0.462213,0.5352724
3.6033333333333335,0.4622174,0.5352746
3.605,0.4622196,0.5352786
3.6066666666666665,0.4622222,0.5352848
3.6083333333333334,0.4622276,0.5352876
3.61,0.4622326,0.5352944
3.611666666666667,0.4622378,0.535299
3.6133333333333333,0.4622428,0.5353018
3.615,0.4622458,0.5353054
3.6166666666666667,0.4622504,0.5353098
3.618333333333333,0.4622546,0.5353146
3.62,0.4622568,0.5353172
3.6216666666666666,0.4622586,0.535321
3.6233333333333335,0.462262,0.5353264
3.625,0.462265,0.5353322
3.6266666666666665,0.4622692,0.5353358
3.6283333333333334,0.4622718,0.5353392
3.63,0.4622748,0.535343
3.631666666666667,0.46228,0.5353504
3.6333333333333333,0.4622838,0.5353524
3.635,0.462287,0.5353596
3.6366666666666667,0.4622926,0.5353646
3.638333333333333,0.4622966,0.5353662
3.64,0.4622992,0.5353698
3.6416666666666666,0.4623056,0.5353734
3.6433333333333335,0.462311,0.5353754
3.645,0.4623126,0.5353796
3.6466666666666665,0.4623158,0.5353838
3.6483333333333334,0.4623182,0.5353856
3.65,0.4623204,0.5353922
3.651666666666667,0.462322,0.5353968
3.6533333333333333,0.4623246,0.5354036
3.655,0.4623266,0.5354068
3.6566666666666667,0.4623292,0.535411
3.658333333333333,0.4623334,0.5354138
3.66,0.4623358,0.5354184
3.6616666666666666,0.4623386,0.5354222
3.6633333333333336,0.4623414,0.5354252
3.665,0.4623448,0.5354288
3.6666666666666665,0.4623478,0.5354346
3.6683333333333334,0.4623516,0.5354388
3.67,0.462356,0.5354424
3.671666666666667,0.4623586,0.5354464
3.6733333333333333,0.462363,0.5354518
3.675,0.4623676,0.5354552
3.6766666666666667,0.4623704,0.5354588
3.6783333333333332,0.4623734,0.5354622
3.68,0.462378,0.5354662
3.6816666666666666,0.462382,0.5354706
3.683333333333333,0.4623852,0.535475
3.685,0.4623878,0.5354776
3.6866666666666665,0.4623902,0.5354802
3.6883333333333335,0.462392,0.5354838
3.69,0.4623944,0.5354878
3.691666666666667,0.4623988,0.535493
3.6933333333333334,0.4624026,0.5354958
3.695,0.4624056,0.5354994
3.6966666666666668,0.4624088,0.535502
3.6983333333333333,0.462412,0.5355064
3.7,0.4624152,0.535511
3.7016666666666667,0.4624174,0.5355144
3.703333333333333,0.4624228,0.5355172
3.705,0.4624278,0.5355222
3.7066666666666666,0.4624304,0.5355256
3.7083333333333335,0.4624346,0.5355288
3.71,0.4624368,0.5355328
3.7116666666666664,0.4624402,0.5355382
3.7133333333333334,0.4624436,0.5355426
3.715,0.462447,0.5355474
3.716666666666667,0.4624486,0.5355526
3.7183333333333333,0.4624512,0.5355564
3.72,0.4624542,0.5355588
3.7216666666666667,0.462457,0.5355622
3.723333333333333,0.4624584,0.5355662
3.725,0.4624608,0.5355702
3.7266666666666666,0.4624648,0.5355752
3.7283333333333335,0.4624674,0.5355768
3.73,0.4624714,0.5355792
3.7316666666666665,0.4624734,0.5355818
3.7333333333333334,0.4624778,0.5355852
3.735,0.4624816,0.5355886
3.736666666666667,0.4624848,0.535592
3.7383333333333333,0.4624886,0.5355954
3.74,0.4624904,0.5355986
3.7416666666666667,0.4624934,0.535602
3.743333333333333,0.4624968,0.5356036
3.745,0.462499,0.5356072
3.7466666666666666,0.4625014,0.5356108
3.7483333333333335,0.4625052,0.5356118
3.75,0.4625092,0.5356146
3.7516666666666665,0.462513,0.5356178
3.7533333333333334,0.4625182,0.5356204
3.755,0.462521,0.5356234
3.756666666666667,0.4625242,0.5356276
3.7583333333333333,0.4625274,0.5356324
3.76,0.4625294,0.5356362
3.7616666666666667,0.4625314,0.5356376
3.763333333333333,0.4625364,0.5356396
3.765,0.4625408,0.5356432
3.7666666666666666,0.4625436,0.5356472
3.7683333333333335,0.4625448,0.53565
3.77,0.4625468,0.535653
3.7716666666666665,0.4625494,0.5356584
3.7733333333333334,0.4625508,0.5356638
3.775,0.4625558,0.5356654
3.776666666666667,0.4625574,0.535669
3.7783333333333333,0.4625594,0.5356722
3.78,0.4625626,0.5356762
3.7816666666666667,0.4625662,0.5356796
3.783333333333333,0.4625694,0.5356812
3.785,0.4625728,0.535685
3.7866666666666666,0.4625746,0.5356898
3.7883333333333336,0.4625784,0.5356944
3.79,0.4625798,0.5356962
3.7916666666666665,0.4625828,0.5356994
3.7933333333333334,0.462585,0.5357012
3.795,0.4625904,0.5357042
3.796666666666667,0.4625922,0.535706
3.7983333333333333,0.4625952,0.5357104
3.8,0.462598,0.5357134
3.8016666666666667,0.462602,0.535717
3.8033333333333332,0.4626052,0.5357244
3.805,0.4626068,0.5357262
3.8066666666666666,0.4626098,0.5357288
3.808333333333333,0.4626114,0.5357314
3.81,0.4626138,0.5357338
3.8116666666666665,0.462616,0.5357354
3.8133333333333335,0.4626192,0.5357388
3.815,0.4626232,0.5357398
3.816666666666667,0.4626258,0.5357416
3.8183333333333334,0.4626302,0.5357448
3.82,0.462633,0.535747
3.8216666666666668,0.4626352,0.5357486
3.8233333333333333,0.4626374,0.5357522
3.825,0.4626404,0.5357548
3.8266666666666667,0.4626438,0.5357558
3.828333333333333,0.4626454,0.5357574
3.83,0.4626482,0.5357598
3.8316666666666666,0.4626504,0.5357656
3.8333333333333335,0.4626514,0.5357674
3.835,0.4626534,0.5357704
3.8366666666666664,0.462659,0.5357716
3.8383333333333334,0.462662,0.5357728
3.84,0.4626644,0.5357742
3.841666666666667,0.4626682,0.5357778
3.8433333333333333,0.4626718,0.53578
3.845,0.462676,0.5357822
3.8466666666666667,0.4626804,0.5357854
3.848333333333333,0.4626832,0.535787
3.85,0.462685,0.5357918
3.8516666666666666,0.4626868,0.5357942
3.8533333333333335,0.4626902,0.5357976
3.855,0.462692,0.5358006
3.8566666666666665,0.4626954,0.5358024
3.8583333333333334,0.4626976,0.5358042
3.86,0.4627004,0.535805
3.861666666666667,0.4627044,0.5358088
3.8633333333333333,0.4627062,0.5358106
3.865,0.4627082,0.5358126
3.8666666666666667,0.46271,0.5358142
3.868333333333333,0.4627124,0.5358182
3.87,0.462715,0.5358208
3.8716666666666666,0.4627158,0.5358222
3.8733333333333335,0.462718,0.5358238
3.875,0.4627198,0.5358274
3.8766666666666665,0.462723,0.5358296
3.8783333333333334,0.4627246,0.5358318
3.88,0.462728,0.535833
3.881666666666667,0.4627296,0.5358356
3.8833333333333333,0.462731,0.5358388
3.885,0.4627328,0.5358412
3.8866666666666667,0.4627344,0.5358442
3.888333333333333,0.462739,0.5358462
3.89,0.4627424,0.5358494
3.8916666666666666,0.4627444,0.535853
3.8933333333333335,0.462747,0.5358558
3.895,0.4627484,0.5358594
3.8966666666666665,0.4627488,0.5358618
3.8983333333333334,0.462751,0.5358642
3.9,0.462753,0.5358656
3.901666666666667,0.4627556,0.5358676
3.9033333333333333,0.4627574,0.5358696
3.905,0.4627596,0.5358708
3.9066666666666667,0.462762,0.5358724
3.908333333333333,0.4627644,0.5358744
3.91,0.462769,0.535879
3.9116666666666666,0.4627714,0.535882
3.9133333333333336,0.462772,0.5358832
3.915,0.462775,0.5358856
3.9166666666666665,0.4627766,0.5358896
3.9183333333333334,0.462778,0.5358924
3.92,0.4627806,0.5358986
3.921666666666667,0.4627818,0.535901
3.9233333333333333,0.462784,0.5359026
3.925,0.4627854,0.5359046
3.9266666666666667,0.4627876,0.535907
3.9283333333333332,0.4627902,0.5359082
3.93,0.4627916,0.5359094
3.9316666666666666,0.4627958,0.535913
3.933333333333333,0.462799,0.5359148
3.935,0.462801,0.5359158
3.9366666666666665,0.4628048,0.5359172
3.9383333333333335,0.462807,0.5359192
3.94,0.4628088,0.53592
3.941666666666667,0.462812,0.5359208
3.9433333333333334,0.4628134,0.5359228
3.945,0.462815,0.5359244
3.9466666666666668,0.4628168,0.5359266
3.9483333333333333,0.4628194,0.5359292
3.95,0.4628222,0.5359304
3.9516666666666667,0.4628256,0.535933
3.953333333333333,0.462828,0.535935
3.955,0.4628294,0.535936
3.9566666666666666,0.462831,0.5359388
3.9583333333333335,0.4628334,0.5359404
3.96,0.4628358,0.535941
3.9616666666666664,0.4628368,0.5359438
3.9633333333333334,0.4628404,0.5359468
3.965,0.4628418,0.5359488
3.966666666666667,0.4628438,0.5359494
3.9683333333333333,0.4628478,0.535951
3.97,0.4628486,0.5359524
3.9716666666666667,0.4628518,0.5359552
3.973333333333333,0.4628528,0.5359584
3.975,0.4628578,0.5359614
3.9766666666666666,0.4628596,0.5359648
3.9783333333333335,0.4628628,0.5359666
3.98,0.4628642,0.5359682
3.9816666666666665,0.462867,0.5359704
3.9833333333333334,0.4628698,0.5359722
3.985,0.4628722,0.5359742
3.986666666666667,0.4628744,0.535977
3.9883333333333333,0.462876,0.5359796
3.99,0.4628778,0.5359812
3.9916666666666667,0.4628802,0.535983
3.993333333333333,0.4628816,0.5359848
3.995,0.4628822,0.5359862
3.9966666666666666,0.4628852,0.535992
3.9983333333333335,0.4628856,0.5359934
4.0,0.4628864,0.5359944
4.001666666666667,0.462887,0.535997
4.003333333333333,0.4628902,0.5359986
4.005,0.462892,0.5360006
4.006666666666667,0.4628938,0.5360024
4.008333333333334,0.4628952,0.5360038
4.01,0.4628966,0.536005
4.011666666666667,0.4628974,0.5360068
4.013333333333334,0.4628982,0.536008
4.015,0.462901,0.5360112
4.016666666666667,0.4629026,0.5360132
4.0183333333333335,0.4629036,0.5360152
4.02,0.462907,0.5360172
4.0216666666666665,0.4629092,0.5360176
4.023333333333333,0.462911,0.5360204
4.025,0.4629124,0.536022
4.026666666666666,0.4629146,0.5360224
4.028333333333333,0.4629162,0.536024
4.03,0.4629172,0.5360256
4.031666666666666,0.4629184,0.5360262
4.033333333333333,0.4629208,0.536028
4.035,0.462923,0.536029
4.036666666666667,0.4629262,0.5360306
4.038333333333333,0.4629278,0.536032
4.04,0.4629278,0.536033
4.041666666666667,0.462929,0.536034
4.043333333333333,0.4629302,0.5360364
4.045,0.4629316,0.5360372
4.046666666666667,0.462933,0.5360384
4.048333333333333,0.4629348,0.536041
4.05,0.4629362,0.536042
4.051666666666667,0.4629384,0.536044
4.053333333333334,0.4629406,0.5360448
4.055,0.4629408,0.5360466
4.056666666666667,0.4629418,0.536048
4.058333333333334,0.4629418,0.5360488
4.06,0.4629452,0.5360498
4.0616666666666665,0.4629458,0.53605
4.0633333333333335,0.462948,0.5360506
4.065,0.4629484,0.5360536
4.066666666666666,0.46295,0.5360556
4.068333333333333,0.4629508,0.5360576
4.07,0.4629532,0.5360604
4.071666666666666,0.4629552,0.5360618
4.073333333333333,0.4629576,0.5360642
4.075,0.4629588,0.5360664
4.076666666666667,0.4629598,0.5360676
4.078333333333333,0.4629602,0.536069
4.08,0.4629606,0.5360706
4.081666666666667,0.4629622,0.5360716
4.083333333333333,0.4629638,0.536072
4.085,0.4629646,0.5360724
4.086666666666667,0.4629652,0.5360738
4.088333333333333,0.4629662,0.5360748
4.09,0.4629682,0.5360766
4.091666666666667,0.4629716,0.5360782
4.093333333333334,0.462973,0.5360794
4.095,0.4629742,0.5360834
4.096666666666667,0.4629764,0.5360846
4.098333333333334,0.4629782,0.5360862
4.1,0.4629792,0.5360866
4.101666666666667,0.462981,0.5360872
4.1033333333333335,0.4629818,0.5360908
4.105,0.4629834,0.5360924
4.1066666666666665,0.462984,0.5360938
4.108333333333333,0.4629848,0.5360946
4.11,0.462986,0.536096
4.111666666666666,0.462987,0.5360984
4.113333333333333,0.4629892,0.5361018
4.115,0.4629914,0.536102
4.116666666666666,0.4629928,0.536103
4.118333333333333,0.4629954,0.5361042
4.12,0.4629962,0.5361054
4.121666666666667,0.4629978,0.536108
4.123333333333333,0.4629984,0.5361088
4.125,0.4630008,0.5361096
4.126666666666667,0.4630018,0.5361106
4.128333333333333,0.4630032,0.5361128
4.13,0.4630042,0.5361142
4.131666666666667,0.4630046,0.5361176
4.133333333333334,0.4630062,0.536119
4.135,0.4630084,0.53612
4.136666666666667,0.4630088,0.5361218
4.138333333333334,0.4630102,0.5361222
4.14,0.4630122,0.5361236
4.141666666666667,0.4630126,0.5361246
4.1433333333333335,0.463015,0.536128
4.145,0.463016,0.5361286
4.1466666666666665,0.4630172,0.5361304
4.148333333333333,0.4630198,0.5361318
4.15,0.4630216,0.5361344
4.151666666666666,0.4630232,0.5361364
4.153333333333333,0.4630242,0.5361378
4.155,0.463025,0.53614
4.156666666666666,0.4630266,0.5361412
4.158333333333333,0.4630278,0.5361434
4.16,0.4630302,0.536144
4.161666666666667,0.463032,0.5361454
4.163333333333333,0.4630334,0.5361464
4.165,0.4630352,0.5361472
4.166666666666667,0.4630362,0.5361482
4.168333333333333,0.4630386,0.5361516
4.17,0.4630392,0.5361526
4.171666666666667,0.4630418,0.5361536
4.173333333333333,0.4630448,0.5361558
4.175,0.463046,0.5361576
4.176666666666667,0.4630486,0.536161
4.178333333333334,0.4630502,0.536162
4.18,0.4630516,0.5361626
4.181666666666667,0.4630534,0.5361636
4.183333333333334,0.4630544,0.5361642
4.185,0.4630564,0.536165
4.1866666666666665,0.463058,0.536166
4.1883333333333335,0.4630592,0.5361678
4.19,0.46306,0.5361682
4.191666666666666,0.4630626,0.5361702
4.193333333333333,0.4630638,0.5361716
4.195,0.4630656,0.5361744
4.196666666666666,0.4630668,0.5361756
4.198333333333333,0.4630674,0.5361774
4.2,0.4630692,0.536179
4.201666666666667,0.4630698,0.5361806
4.203333333333333,0.4630706,0.5361814
4.205,0.4630724,0.5361828
4.206666666666667,0.4630734,0.5361846
4.208333333333333,0.4630748,0.5361856
4.21,0.4630762,0.536187
4.211666666666667,0.4630768,0.536188
4.213333333333333,0.463078,0.5361894
4.215,0.4630792,0.5361896
4.216666666666667,0.4630796,0.5361906
4.218333333333334,0.4630806,0.5361916
4.22,0.4630828,0.536194
4.221666666666667,0.463083,0.5361954
4.223333333333334,0.4630846,0.5361962
4.225,0.4630866,0.5361976
4.226666666666667,0.463088,0.5361994
4.2283333333333335,0.4630882,0.5362
4.23,0.4630896,0.5362016
4.2316666666666665,0.4630904,0.5362026
4.233333333333333,0.4630912,0.5362052
4.235,0.4630936,0.5362068
4.236666666666666,0.4630956,0.5362092
4.238333333333333,0.4630966,0.5362098
4.24,0.4630976,0.5362102
4.241666666666666,0.4630982,0.5362126
4.243333333333333,0.4630984,0.5362138
4.245,0.4630988,0.5362144
4.246666666666667,0.4630998,0.536215
4.248333333333333,0.4631008,0.536216
4.25,0.4631012,0.536217
4.251666666666667,0.4631016,0.536219
4.253333333333333,0.4631018,0.5362218
4.255,0.4631024,0.536223
4.256666666666667,0.4631026,0.5362252
4.258333333333334,0.4631032,0.5362256
4.26,0.4631036,0.536226
4.261666666666667,0.463105,0.5362282
4.263333333333334,0.4631054,0.5362306
4.265,0.463106,0.536232
4.266666666666667,0.463107,0.5362338
4.2683333333333335,0.4631074,0.5362346
4.27,0.463109,0.5362352
4.2716666666666665,0.4631098,0.5362374
4.273333333333333,0.4631108,0.5362378
4.275,0.4631124,0.5362382
4.276666666666666,0.4631126,0.5362392
4.278333333333333,0.4631126,0.5362404
4.28,0.4631144,0.536242
4.281666666666666,0.4631156,0.536244
4.283333333333333,0.4631158,0.5362448
4.285,0.4631174,0.5362452
4.286666666666667,0.4631194,0.5362458
4.288333333333333,0.4631222,0.536248
4.29,0.4631232,0.5362494
4.291666666666667,0.4631246,0.5362514
4.293333333333333,0.4631246,0.5362524
4.295,0.4631248,0.536253
4.296666666666667,0.4631252,0.536255
4.298333333333333,0.4631254,0.5362552
4.3,0.4631256,0.5362552
4.301666666666667,0.4631266,0.5362554
4.303333333333334,0.463128,0.5362578
4.305,0.463128,0.5362584
4.306666666666667,0.4631286,0.5362608
4.308333333333334,0.4631288,0.5362612
4.31,0.463131,0.536264
4.3116666666666665,0.4631326,0.5362646
4.3133333333333335,0.4631348,0.536266
4.315,0.4631356,0.5362674
4.316666666666666,0.4631372,0.536268
4.318333333333333,0.4631386,0.536269
4.32,0.4631404,0.5362692
4.321666666666666,0.4631422,0.5362696
4.323333333333333,0.4631428,0.5362704
4.325,0.463144,0.5362728
4.326666666666667,0.4631444,0.5362738
4.328333333333333,0.463145,0.5362744
4.33,0.4631452,0.5362758
4.331666666666667,0.463146,0.5362762
4.333333333333333,0.4631466,0.5362768
4.335,0.4631484,0.5362778
4.336666666666667,0.4631514,0.5362782
4.338333333333333,0.4631518,0.5362804
4.34,0.4631522,0.5362808
4.341666666666667,0.4631532,0.536281
4.343333333333334,0.4631536,0.5362814
4.345,0.4631536,0.5362818
4.346666666666667,0.4631544,0.5362826
4.348333333333334,0.4631548,0.5362828
4.35,0.4631556,0.5362836
4.351666666666667,0.4631558,0.5362838
4.3533333333333335,0.463157,0.5362858
4.355,0.4631598,0.5362876
4.3566666666666665,0.463161,0.5362882
4.358333333333333,0.4631616,0.53629
4.36,0.463163,0.5362914
4.361666666666666,0.463164,0.536292
4.363333333333333,0.4631644,0.5362932
4.365,0.4631654,0.5362944
4.366666666666666,0.4631658,0.5362956
4.368333333333333,0.4631666,0.5362968
4.37,0.463167,0.536298
4.371666666666667,0.4631676,0.5362984
4.373333333333333,0.4631686,0.5363002
4.375,0.4631696,0.5363006
4.376666666666667,0.4631702,0.5363012
4.378333333333333,0.4631718,0.5363018
4.38,0.4631722,0.536302
4.381666666666667,0.4631734,0.5363026
4.383333333333334,0.463176,0.5363046
4.385,0.4631778,0.5363056
4.386666666666667,0.4631786,0.5363062
4.388333333333334,0.4631788,0.5363064
4.39,0.463179,0.5363066
4.391666666666667,0.4631806,0.5363078
4.3933333333333335,0.4631814,0.5363082
4.395,0.4631816,0.5363092
4.3966666666666665,0.4631816,0.53631
4.398333333333333,0.463183,0.5363108
4.4,0.4631832,0.5363116
4.401666666666666,0.463184,0.536312
4.403333333333333,0.463185,0.536312
4.405,0.4631854,0.536313
4.406666666666666,0.4631858,0.536314
4.408333333333333,0.463186,0.5363156
4.41,0.463187,0.536317
4.411666666666667,0.463187,0.5363182
4.413333333333333,0.4631888,0.536319
4.415,0.4631892,0.5363204
4.416666666666667,0.4631914,0.5363212
4.418333333333333,0.4631914,0.5363222
4.42,0.4631926,0.536323
4.421666666666667,0.4631936,0.536324
4.423333333333333,0.4631942,0.536324
4.425,0.4631946,0.5363244
4.426666666666667,0.4631952,0.536326
4.428333333333334,0.4631958,0.5363268
4.43,0.4631968,0.536328
4.431666666666667,0.463197,0.536328
4.433333333333334,0.463198,0.536329
4.435,0.463199,0.5363302
4.4366666666666665,0.463199,0.5363304
4.4383333333333335,0.463199,0.536331
4.44,0.4631996,0.5363318
4.441666666666666,0.463202,0.5363328
4.443333333333333,0.4632022,0.5363338
4.445,0.4632026,0.5363348
4.446666666666666,0.4632038,0.5363352
4.448333333333333,0.4632038,0.5363358
4.45,0.4632038,0.5363366
4.451666666666667,0.4632046,0.5363368
4.453333333333333,0.4632056,0.5363388
4.455,0.4632058,0.5363394
4.456666666666667,0.4632062,0.5363396
4.458333333333333,0.4632082,0.53634
4.46,0.4632094,0.536341
4.461666666666667,0.4632108,0.5363412
4.463333333333333,0.4632118,0.5363422
4.465,0.4632128,0.5363426
4.466666666666667,0.4632136,0.5363426
4.468333333333334,0.463214,0.5363436
4.47,0.463215,0.5363448
4.471666666666667,0.4632158,0.5363454
4.473333333333334,0.463217,0.5363462
4.475,0.4632174,0.5363466
4.476666666666667,0.463218,0.5363466
4.4783333333333335,0.463218,0.5363468
4.48,0.463218,0.5363482
4.4816666666666665,0.4632184,0.536349
4.483333333333333,0.4632192,0.5363498
4.485,0.4632192,0.53635
4.486666666666666,0.46322,0.536351
4.488333333333333,0.463221,0.5363512
4.49,0.4632212,0.5363522
4.491666666666666,0.4632216,0.5363522
4.493333333333333,0.4632216,0.5363522
4.495,0.463223,0.5363534
4.496666666666667,0.4632238,0.5363544
4.498333333333333,0.4632248,0.5363552
4.5,0.4632252,0.536356
4.501666666666667,0.4632254,0.5363562
4.503333333333333,0.4632256,0.5363576
4.505,0.4632266,0.5363584
4.506666666666667,0.4632276,0.5363598
4.508333333333334,0.463228,0.5363604
4.51,0.4632284,0.5363614
4.511666666666667,0.463229,0.5363616
4.513333333333334,0.4632298,0.536363
4.515,0.4632304,0.5363638
4.516666666666667,0.4632326,0.5363644
4.5183333333333335,0.4632332,0.5363644
4.52,0.4632338,0.5363656
4.5216666666666665,0.463234,0.5363658
4.523333333333333,0.463235,0.536367
4.525,0.4632358,0.5363676
4.526666666666666,0.4632366,0.5363686
4.528333333333333,0.4632394,0.5363694
4.53,0.4632394,0.5363696
4.531666666666666,0.46324,0.5363698
4.533333333333333,0.4632418,0.53637
4.535,0.4632418,0.5363708
4.536666666666667,0.4632428,0.5363718
4.538333333333333,0.4632432,0.5363722
4.54,0.4632438,0.5363724
4.541666666666667,0.463245,0.5363732
4.543333333333333,0.4632454,0.5363748
4.545,0.4632458,0.5363754
4.546666666666667,0.4632468,0.5363754
4.548333333333333,0.463247,0.536376
4.55,0.4632478,0.536376
4.551666666666667,0.4632488,0.5363766
4.553333333333334,0.4632498,0.5363774
4.555,0.4632506,0.536378
4.556666666666667,0.463251,0.5363788
4.558333333333334,0.463251,0.5363794
4.56,0.4632512,0.5363812
4.5616666666666665,0.4632516,0.5363816
4.5633333333333335,0.463252,0.5363822
4.565,0.4632524,0.536383
4.566666666666666,0.463253,0.5363838
4.568333333333333,0.4632538,0.5363846
4.57,0.4632538,0.5363846
4.571666666666666,0.4632544,0.5363856
4.573333333333333,0.4632546,0.5363858
4.575,0.4632548,0.5363866
4.576666666666667,0.4632556,0.5363866
4.578333333333333,0.4632556,0.5363866
4.58,0.4632568,0.5363882
4.581666666666667,0.4632576,0.5363888
4.583333333333333,0.4632584,0.5363888
4.585,0.4632586,0.5363908
4.586666666666667,0.4632588,0.5363914
4.588333333333333,0.46326,0.5363928
4.59,0.4632604,0.5363932
4.591666666666667,0.4632608,0.5363938
4.593333333333334,0.4632608,0.5363954
4.595,0.4632616,0.5363958
4.596666666666667,0.4632618,0.5363964
4.598333333333334,0.4632618,0.5363966
4.6,0.463263,0.5363976
4.601666666666667,0.463264,0.5363982
4.6033333333333335,0.463264,0.536399
4.605,0.4632644,0.5363994
4.6066666666666665,0.4632644,0.5363998
4.608333333333333,0.4632646,0.5363998
4.61,0.4632646,0.5363998
4.611666666666666,0.463265,0.5364
4.613333333333333,0.4632654,0.5364008
4.615,0.4632656,0.5364008
4.616666666666666,0.4632658,0.536401
4.618333333333333,0.4632674,0.536401
4.62,0.4632676,0.5364012
4.621666666666667,0.4632676,0.5364022
4.623333333333333,0.4632684,0.5364032
4.625,0.4632686,0.5364048
4.626666666666667,0.4632686,0.5364048
4.628333333333333,0.463269,0.536405
4.63,0.4632696,0.5364058
4.631666666666667,0.4632696,0.5364068
4.633333333333334,0.4632696,0.5364068
4.635,0.46327,0.5364074
4.636666666666667,0.4632704,0.536409
4.638333333333334,0.4632704,0.5364096
4.64,0.4632712,0.5364104
4.641666666666667,0.4632712,0.536411
4.6433333333333335,0.4632714,0.5364116
4.645,0.4632714,0.5364116
4.6466666666666665,0.4632714,0.5364126
4.648333333333333,0.463272,0.5364142
4.65,0.4632726,0.5364144
4.651666666666666,0.463273,0.5364144
4.653333333333333,0.4632734,0.5364148
4.655,0.4632734,0.5364148
4.656666666666666,0.4632736,0.5364154
4.658333333333333,0.4632738,0.5364158
4.66,0.463275,0.536416
4.661666666666667,0.4632754,0.5364168
4.663333333333333,0.4632756,0.5364172
4.665,0.4632756,0.536418
4.666666666666667,0.4632768,0.5364186
4.668333333333333,0.4632778,0.5364188
4.67,0.4632778,0.5364188
4.671666666666667,0.4632786,0.536419
4.673333333333333,0.4632788,0.53642
4.675,0.463279,0.5364208
4.676666666666667,0.4632794,0.5364222
4.678333333333334,0.46328,0.5364224
4.68,0.4632806,0.536423
4.681666666666667,0.463281,0.5364232
4.683333333333334,0.4632828,0.536424
4.685,0.4632828,0.5364258
4.6866666666666665,0.463283,0.5364258
4.6883333333333335,0.463283,0.5364262
4.69,0.4632836,0.5364266
4.691666666666666,0.4632838,0.5364266
4.693333333333333,0.463284,0.5364268
4.695,0.4632842,0.5364274
4.696666666666666,0.4632856,0.5364274
4.698333333333333,0.463286,0.5364274
4.7,0.463287,0.536428
4.701666666666667,0.4632886,0.5364282
4.703333333333333,0.4632898,0.5364288
4.705,0.46329,0.5364296
4.706666666666667,0.4632902,0.53643
4.708333333333333,0.4632904,0.53643
4.71,0.4632906,0.5364306
4.711666666666667,0.4632912,0.5364316
4.713333333333333,0.4632916,0.5364316
4.715,0.4632916,0.5364316
4.716666666666667,0.4632916,0.5364326
4.718333333333334,0.463292,0.536433
4.72,0.4632928,0.5364334
4.721666666666667,0.4632934,0.5364334
4.723333333333334,0.4632934,0.536434
4.725,0.4632934,0.536434
4.726666666666667,0.4632934,0.5364342
4.7283333333333335,0.4632942,0.5364344
4.73,0.4632944,0.5364344
4.7316666666666665,0.4632946,0.5364354
4.733333333333333,0.4632954,0.536436
4.735,0.4632954,0.536436
4.736666666666666,0.4632954,0.5364376
4.738333333333333,0.4632954,0.536438
4.74,0.463296,0.5364388
4.741666666666666,0.4632964,0.5364388
4.743333333333333,0.4632964,0.5364388
4.745,0.4632968,0.5364394
4.746666666666667,0.4632974,0.53644
4.748333333333333,0.4632976,0.5364412
4.75,0.4632976,0.5364416
4.751666666666667,0.4632978,0.5364422
4.753333333333333,0.4632984,0.5364434
4.755,0.4632984,0.5364442
4.756666666666667,0.4632986,0.5364442
4.758333333333334,0.4632986,0.5364446
4.76,0.4632988,0.5364446
4.761666666666667,0.4632988,0.5364446
4.763333333333334,0.4632988,0.5364448
4.765,0.4632992,0.536445
4.766666666666667,0.4632992,0.5364454
4.7683333333333335,0.4632994,0.5364458
4.77,0.4633,0.5364458
4.7716666666666665,0.4633004,0.5364462
4.773333333333333,0.4633008,0.5364466
4.775,0.4633012,0.5364474
4.776666666666666,0.4633018,0.5364474
4.778333333333333,0.463302,0.536448
4.78,0.4633022,0.536448
4.781666666666666,0.4633026,0.5364486
4.783333333333333,0.4633034,0.536449
4.785,0.4633034,0.536449
4.786666666666667,0.4633038,0.5364494
4.788333333333333,0.4633048,0.5364496
4.79,0.463305,0.536451
4.791666666666667,0.4633052,0.536451
4.793333333333333,0.4633054,0.5364512
4.795,0.4633058,0.5364514
4.796666666666667,0.4633058,0.5364516
4.798333333333333,0.4633058,0.5364522
4.8,0.4633058,0.536453
4.801666666666667,0.463306,0.5364554
4.803333333333334,0.4633064,0.5364562
4.805,0.4633066,0.5364566
4.806666666666667,0.463307,0.5364572
4.808333333333334,0.4633074,0.5364574
4.81,0.4633078,0.5364578
4.8116666666666665,0.4633078,0.536459
4.8133333333333335,0.463308,0.5364592
4.815,0.463308,0.5364592
4.816666666666666,0.4633084,0.5364592
4.818333333333333,0.4633084,0.5364596
4.82,0.4633084,0.5364598
4.821666666666666,0.4633084,0.5364602
4.823333333333333,0.4633086,0.5364606
4.825,0.4633088,0.5364614
4.826666666666667,0.463309,0.5364616
4.828333333333333,0.4633094,0.5364618
4.83,0.4633094,0.5364618
4.831666666666667,0.4633104,0.5364618
4.833333333333333,0.463311,0.5364618
4.835,0.4633112,0.5364624
4.836666666666667,0.4633118,0.5364626
4.838333333333333,0.463312,0.536463
4.84,0.4633124,0.5364636
4.841666666666667,0.4633126,0.5364638
4.843333333333334,0.4633128,0.5364642
4.845,0.4633132,0.5364642
4.846666666666667,0.4633132,0.5364648
4.848333333333334,0.4633134,0.5364648
4.85,0.4633136,0.5364648
4.851666666666667,0.463314,0.536465
4.8533333333333335,0.4633146,0.5364656
4.855,0.4633146,0.5364662
4.8566666666666665,0.4633148,0.5364672
4.858333333333333,0.463315,0.5364672
4.86,0.4633164,0.5364672
4.861666666666666,0.4633164,0.5364672
4.863333333333333,0.4633164,0.5364676
4.865,0.4633164,0.5364684
4.866666666666666,0.4633164,0.5364684
4.868333333333333,0.4633164,0.5364684
4.87,0.4633164,0.5364684
4.871666666666667,0.4633168,0.5364684
4.873333333333333,0.4633168,0.5364684
4.875,0.4633172,0.5364686
4.876666666666667,0.4633176,0.5364692
4.878333333333333,0.4633178,0.53647
4.88,0.4633186,0.53647
4.881666666666667,0.4633188,0.5364702
4.883333333333334,0.4633194,0.5364706
4.885,0.4633194,0.5364708
4.886666666666667,0.4633202,0.5364714
4.888333333333334,0.4633206,0.5364714
4.89,0.4633216,0.5364716
4.891666666666667,0.463322,0.5364722
4.8933333333333335,0.463322,0.5364722
4.895,0.463322,0.5364722
4.8966666666666665,0.463322,0.5364724
4.898333333333333,0.4633236,0.5364724
4.9,0.4633236,0.5364724
4.901666666666666,0.4633236,0.5364726
4.903333333333333,0.4633238,0.5364726
4.905,0.4633252,0.5364726
4.906666666666666,0.463326,0.5364734
4.908333333333333,0.463326,0.5364738
4.91,0.4633264,0.536474
4.911666666666667,0.4633264,0.5364744
4.913333333333333,0.4633264,0.5364748
4.915,0.4633268,0.5364756
4.916666666666667,0.463327,0.5364762
4.918333333333333,0.4633272,0.5364762
4.92,0.4633274,0.536477
4.921666666666667,0.4633278,0.536477
4.923333333333333,0.4633282,0.5364772
4.925,0.4633282,0.5364774
4.926666666666667,0.4633284,0.5364778
4.928333333333334,0.4633288,0.5364778
4.93,0.4633298,0.5364788
4.931666666666667,0.4633304,0.536479
4.933333333333334,0.4633304,0.536479
4.935,0.4633304,0.5364794
4.9366666666666665,0.4633308,0.5364796
4.9383333333333335,0.4633308,0.53648
4.94,0.463331,0.53648
4.941666666666666,0.4633314,0.5364804
4.943333333333333,0.4633314,0.5364804
4.945,0.4633322,0.5364804
4.946666666666666,0.4633322,0.5364804
4.948333333333333,0.4633322,0.536481
4.95,0.4633322,0.536482
4.951666666666667,0.4633322,0.536482
4.953333333333333,0.4633326,0.536482
4.955,0.4633326,0.5364824
4.956666666666667,0.4633326,0.536483
4.958333333333333,0.4633336,0.5364838
4.96,0.4633344,0.5364846
4.961666666666667,0.4633344,0.5364852
4.963333333333333,0.4633346,0.5364852
4.965,0.4633348,0.5364854
4.966666666666667,0.4633348,0.5364856
4.968333333333334,0.4633358,0.5364858
4.97,0.463336,0.5364864
4.971666666666667,0.463336,0.5364864
4.973333333333334,0.463336,0.5364874
4.975,0.4633362,0.5364874
4.976666666666667,0.4633362,0.5364876
4.9783333333333335,0.4633368,0.5364878
4.98,0.463337,0.5364878
4.9816666666666665,0.463337,0.5364878
4.983333333333333,0.463337,0.5364878
4.985,0.4633374,0.5364884
4.986666666666666,0.4633374,0.5364888
4.988333333333333,0.4633376,0.5364892
4.99,0.4633388,0.5364906
4.991666666666666,0.4633388,0.536491
4.993333333333333,0.463339,0.5364912
4.995,0.463339,0.5364918
4.996666666666667,0.463339,0.5364922
4.998333333333333,0.4633392,0.5364922
5.0,0.4633392,0.5364922
5.001666666666667,0.4633392,0.5364924
5.003333333333333,0.4633392,0.5364932
5.005,0.4633392,0.5364934
5.006666666666667,0.4633394,0.536494
5.008333333333334,0.4633394,0.5364946
5.01,0.46334,0.536495
5.011666666666667,0.4633406,0.5364958
5.013333333333334,0.4633418,0.5364962
5.015,0.463342,0.5364964
5.016666666666667,0.4633422,0.5364966
5.0183333333333335,0.4633426,0.5364966
5.02,0.4633426,0.5364966
5.0216666666666665,0.463343,0.5364974
5.023333333333333,0.463343,0.5364976
5.025,0.463343,0.5364982
5.026666666666666,0.4633432,0.5364982
5.028333333333333,0.4633432,0.5364992
5.03,0.4633434,0.5364992
5.031666666666666,0.4633434,0.5364994
5.033333333333333,0.4633436,0.5364996
5.035,0.4633442,0.5364996
5.036666666666667,0.4633442,0.5365
5.038333333333333,0.4633442,0.5365
5.04,0.4633444,0.5365006
5.041666666666667,0.4633454,0.536501
5.043333333333333,0.4633456,0.536501
5.045,0.4633458,0.536501
5.046666666666667,0.4633458,0.5365014
5.048333333333333,0.4633458,0.5365018
5.05,0.4633458,0.5365018
5.051666666666667,0.4633462,0.536502
5.053333333333334,0.4633462,0.5365024
5.055,0.4633462,0.5365028
5.056666666666667,0.4633468,0.5365032
5.058333333333334,0.4633476,0.5365034
5.06,0.4633476,0.5365034
5.0616666666666665,0.4633478,0.5365034
5.0633333333333335,0.4633478,0.5365034
5.065,0.4633478,0.5365034
5.066666666666666,0.4633484,0.5365036
5.068333333333333,0.4633484,0.5365036
5.07,0.4633484,0.5365036
5.071666666666666,0.4633484,0.5365038
5.073333333333333,0.4633484,0.536504
5.075,0.4633486,0.536504
5.076666666666667,0.463349,0.536504
5.078333333333333,0.4633498,0.536504
5.08,0.4633504,0.5365042
5.081666666666667,0.4633504,0.5365042
5.083333333333333,0.4633506,0.536505
5.085,0.4633506,0.536505
5.086666666666667,0.4633508,0.5365056
5.088333333333333,0.4633514,0.5365058
5.09,0.4633514,0.536506
5.091666666666667,0.4633522,0.5365064
5.093333333333334,0.4633524,0.5365072
5.095,0.4633524,0.5365072
5.096666666666667,0.4633528,0.5365072
5.098333333333334,0.4633528,0.5365074
5.1,0.463353,0.5365074
5.101666666666667,0.463353,0.5365074
5.1033333333333335,0.463353,0.5365082
5.105,0.4633532,0.5365082
5.1066666666666665,0.4633532,0.5365084
5.108333333333333,0.4633538,0.5365084
5.11,0.4633538,0.536509
5.111666666666666,0.4633538,0.5365094
5.113333333333333,0.4633538,0.5365094
5.115,0.463354,0.5365098
5.116666666666666,0.4633544,0.5365114
5.118333333333333,0.4633544,0.536512
5.12,0.463355,0.536512
5.121666666666667,0.4633556,0.5365122
5.123333333333333,0.4633556,0.5365122
5.125,0.463356,0.5365122
5.126666666666667,0.4633562,0.5365126
5.128333333333333,0.4633562,0.536513
5.13,0.4633562,0.5365132
5.131666666666667,0.4633564,0.5365136
5.133333333333334,0.4633566,0.5365136
5.135,0.463357,0.5365144
5.136666666666667,0.463357,0.5365148
5.138333333333334,0.4633574,0.5365148
5.14,0.4633576,0.5365148
5.141666666666667,0.463358,0.5365154
5.1433333333333335,0.4633582,0.5365158
5.145,0.4633582,0.5365158
5.1466666666666665,0.4633588,0.5365158
5.148333333333333,0.4633594,0.5365164
5.15,0.4633598,0.5365166
5.151666666666666,0.4633598,0.536517
5.153333333333333,0.4633598,0.5365174
5.155,0.4633598,0.5365174
5.156666666666666,0.4633602,0.5365178
5.158333333333333,0.4633602,0.536518
5.16,0.4633604,0.536518
5.161666666666667,0.4633604,0.5365186
5.163333333333333,0.4633604,0.5365188
5.165,0.4633608,0.5365188
5.166666666666667,0.4633616,0.536519
5.168333333333333,0.4633616,0.5365196
5.17,0.4633618,0.5365198
5.171666666666667,0.463362,0.5365202
5.173333333333333,0.463362,0.5365202
5.175,0.4633624,0.5365204
5.176666666666667,0.4633626,0.5365204
5.178333333333334,0.4633628,0.5365204
5.18,0.4633628,0.5365206
5.181666666666667,0.4633628,0.5365208
5.183333333333334,0.4633632,0.5365208
5.185,0.4633632,0.5365208
5.1866666666666665,0.4633632,0.5365208
5.1883333333333335,0.4633632,0.5365214
5.19,0.4633632,0.5365214
5.191666666666666,0.4633632,0.5365214
5.193333333333333,0.4633632,0.5365214
5.195,0.4633632,0.5365224
5.196666666666666,0.4633632,0.5365224
5.198333333333333,0.4633638,0.5365232
5.2,0.4633638,0.5365232
5.201666666666667,0.463364,0.5365232
5.203333333333333,0.4633642,0.5365236
5.205,0.4633644,0.5365238
5.206666666666667,0.4633644,0.5365238
5.208333333333333,0.4633648,0.5365238
5.21,0.4633648,0.5365238
5.211666666666667,0.4633656,0.5365252
5.213333333333333,0.4633658,0.5365252
5.215,0.4633664,0.5365252
5.216666666666667,0.4633664,0.5365254
5.218333333333334,0.4633666,0.5365254
5.22,0.4633666,0.5365254
5.221666666666667,0.4633668,0.5365254
5.223333333333334,0.4633668,0.5365258
5.225,0.4633668,0.5365258
5.226666666666667,0.4633668,0.536526
5.2283333333333335,0.4633668,0.536526
5.23,0.463367,0.536526
5.2316666666666665,0.463367,0.5365266
5.233333333333333,0.4633674,0.5365272
5.235,0.4633674,0.5365272
5.236666666666666,0.4633674,0.5365274
5.238333333333333,0.4633674,0.5365276
5.24,0.4633676,0.5365276
5.241666666666666,0.4633678,0.5365284
5.243333333333333,0.4633678,0.5365284
5.245,0.4633678,0.5365292
5.246666666666667,0.4633678,0.5365298
5.248333333333333,0.4633678,0.5365298
5.25,0.4633686,0.5365304
5.251666666666667,0.4633686,0.5365306
5.253333333333333,0.4633692,0.5365306
5.255,0.4633692,0.5365306
5.256666666666667,0.4633694,0.5365306
5.258333333333334,0.4633694,0.5365306
5.26,0.4633694,0.5365316
5.261666666666667,0.4633696,0.5365316
5.263333333333334,0.4633696,0.5365316
5.265,0.4633696,0.5365316
5.266666666666667,0.4633702,0.5365316
5.2683333333333335,0.4633706,0.5365316
5.27,0.4633706,0.5365316
5.2716666666666665,0.4633714,0.536532
5.273333333333333,0.4633714,0.5365322
5.275,0.4633714,0.5365322
5.276666666666666,0.4633714,0.5365322
5.278333333333333,0.4633714,0.5365322
5.28,0.4633714,0.5365326
5.281666666666666,0.4633714,0.536533
5.283333333333333,0.4633714,0.5365332
5.285,0.4633716,0.5365332
5.286666666666667,0.4633718,0.5365332
5.288333333333333,0.4633718,0.5365338
5.29,0.4633718,0.536534
5.291666666666667,0.463372,0.536534
5.293333333333333,0.463372,0.5365342
5.295,0.463372,0.5365342
5.296666666666667,0.463372,0.5365342
5.298333333333333,0.4633728,0.5365342
5.3,0.4633728,0.536535
5.301666666666667,0.4633728,0.536535
5.303333333333334,0.4633728,0.536535
5.305,0.463373,0.5365356
5.306666666666667,0.463373,0.5365356
5.308333333333334,0.463373,0.5365356
5.31,0.4633732,0.5365356
5.3116666666666665,0.4633736,0.5365356
5.3133333333333335,0.4633738,0.5365356
5.315,0.4633742,0.5365358
5.316666666666666,0.4633746,0.5365358
5.318333333333333,0.4633752,0.5365362
5.32,0.4633752,0.5365362
5.321666666666666,0.4633752,0.5365362
5.323333333333333,0.4633752,0.5365362
5.325,0.4633752,0.5365362
5.326666666666667,0.4633756,0.5365362
5.328333333333333,0.4633756,0.5365366
5.33,0.4633764,0.5365366
5.331666666666667,0.4633764,0.5365366
5.333333333333333,0.4633764,0.5365366
5.335,0.4633764,0.5365366
5.336666666666667,0.4633764,0.5365366
5.338333333333333,0.4633764,0.5365366
5.34,0.4633764,0.5365366
5.341666666666667,0.4633764,0.5365366
5.343333333333334,0.4633764,0.5365366
5.345,0.4633764,0.5365368
5.346666666666667,0.4633764,0.536537
5.348333333333334,0.4633764,0.536537
5.35,0.4633764,0.5365374
5.351666666666667,0.4633764,0.536538
5.3533333333333335,0.4633764,0.5365384
5.355,0.463377,0.5365384
5.3566666666666665,0.463377,0.5365384
5.358333333333333,0.463377,0.5365386
5.36,0.4633774,0.5365386
5.361666666666666,0.4633778,0.5365388
5.363333333333333,0.4633778,0.5365388
5.365,0.4633782,0.5365388
5.366666666666666,0.4633782,0.536539
5.368333333333333,0.4633782,0.536539
5.37,0.4633782,0.5365394
5.371666666666667,0.4633784,0.5365394
5.373333333333333,0.4633784,0.5365394
5.375,0.4633784,0.5365394
5.376666666666667,0.4633784,0.5365396
5.378333333333333,0.4633786,0.5365396
5.38,0.4633786,0.5365396
5.381666666666667,0.4633786,0.5365404
5.383333333333334,0.4633798,0.5365404
5.385,0.4633798,0.5365412
5.386666666666667,0.4633798,0.5365412
5.388333333333334,0.4633798,0.5365412
5.39,0.46338,0.5365414
5.391666666666667,0.46338,0.5365414
5.3933333333333335,0.46338,0.5365414
5.395,0.4633806,0.5365416
5.3966666666666665,0.4633806,0.5365416
5.398333333333333,0.4633814,0.536542
5.4,0.4633814,0.536542
5.401666666666666,0.4633814,0.536542
5.403333333333333,0.4633814,0.5365422
5.405,0.4633814,0.5365422
5.406666666666666,0.4633818,0.5365422
5.408333333333333,0.4633818,0.5365422
5.41,0.4633818,0.5365422
5.411666666666667,0.4633824,0.5365422
5.413333333333333,0.4633824,0.5365422
5.415,0.4633824,0.5365424
5.416666666666667,0.4633824,0.5365428
5.418333333333333,0.4633824,0.5365428
5.42,0.4633824,0.5365428
5.421666666666667,0.4633826,0.5365428
5.423333333333333,0.4633828,0.5365428
5.425,0.4633832,0.5365428
5.426666666666667,0.4633832,0.5365428
5.428333333333334,0.4633832,0.5365432
5.43,0.4633832,0.5365432
5.431666666666667,0.4633832,0.5365434
5.433333333333334,0.4633832,0.5365434
5.435,0.4633832,0.5365434
5.4366666666666665,0.4633834,0.5365434
5.4383333333333335,0.4633834,0.5365438
5.44,0.4633834,0.5365438
5.441666666666666,0.4633834,0.536544
5.443333333333333,0.4633838,0.5365444
5.445,0.4633838,0.5365446
5.446666666666666,0.4633846,0.5365446
5.448333333333333,0.4633846,0.5365446
5.45,0.4633846,0.5365446
5.451666666666667,0.4633848,0.5365452
5.453333333333333,0.4633848,0.5365452
5.455,0.4633852,0.5365452
5.456666666666667,0.4633852,0.5365452
5.458333333333333,0.4633852,0.5365452
5.46,0.4633852,0.5365452
5.461666666666667,0.4633852,0.5365452
5.463333333333333,0.4633852,0.5365452
5.465,0.4633852,0.5365452
5.466666666666667,0.4633852,0.5365454
5.468333333333334,0.4633852,0.5365454
5.47,0.4633852,0.5365454
5.471666666666667,0.4633852,0.5365454
5.473333333333334,0.4633852,0.5365454
5.475,0.4633852,0.5365454
5.476666666666667,0.4633852,0.5365454
5.4783333333333335,0.4633852,0.5365454
5.48,0.4633852,0.5365454
5.4816666666666665,0.4633856,0.5365454
5.483333333333333,0.4633856,0.5365456
5.485,0.4633856,0.536546
5.486666666666666,0.4633856,0.5365464
5.488333333333333,0.4633856,0.5365464
5.49,0.4633856,0.5365464
5.491666666666666,0.4633856,0.5365466
5.493333333333333,0.4633858,0.5365466
5.495,0.4633858,0.5365466
5.496666666666667,0.4633858,0.5365468
5.498333333333333,0.4633858,0.5365476
5.5,0.4633858,0.5365478
5.501666666666667,0.4633858,0.5365484
5.503333333333333,0.4633858,0.5365484
5.505,0.4633858,0.5365484
5.506666666666667,0.4633858,0.5365486
5.508333333333334,0.4633858,0.536549
5.51,0.4633858,0.5365492
5.511666666666667,0.4633858,0.5365492
5.513333333333334,0.4633858,0.5365494
5.515,0.4633858,0.5365494
5.516666666666667,0.4633858,0.5365496
5.5183333333333335,0.4633858,0.5365498
5.52,0.4633858,0.5365498
5.5216666666666665,0.4633858,0.5365498
5.523333333333333,0.4633858,0.5365498
5.525,0.463386,0.5365502
5.526666666666666,0.4633862,0.5365502
5.528333333333333,0.4633862,0.5365504
5.53,0.4633864,0.5365504
5.531666666666666,0.4633868,0.5365504
5.533333333333333,0.4633868,0.5365504
5.535,0.4633872,0.5365504
5.536666666666667,0.4633874,0.5365504
5.538333333333333,0.4633874,0.5365504
5.54,0.463388,0.5365504
5.541666666666667,0.463388,0.5365504
5.543333333333333,0.4633882,0.5365504
5.545,0.4633882,0.5365504
5.546666666666667,0.4633882,0.5365504
5.548333333333333,0.463389,0.5365504
5.55,0.463389,0.5365504
5.551666666666667,0.4633896,0.5365504
5.553333333333334,0.4633896,0.5365504
5.555,0.4633896,0.5365504
5.556666666666667,0.4633896,0.5365504
5.558333333333334,0.4633896,0.5365504
5.56,0.4633896,0.5365504
5.5616666666666665,0.46339,0.5365504
5.5633333333333335,0.46339,0.5365504
5.565,0.46339,0.5365504
5.566666666666666,0.46339,0.5365504
5.568333333333333,0.46339,0.5365504
5.57,0.46339,0.5365504
5.571666666666666,0.46339,0.5365504
5.573333333333333,0.4633902,0.5365504
5.575,0.4633902,0.5365506
5.576666666666667,0.4633902,0.5365506
5.578333333333333,0.4633902,0.5365506
5.58,0.4633902,0.5365506
5.581666666666667,0.4633904,0.5365506
5.583333333333333,0.4633904,0.536551
5.585,0.4633906,0.5365514
5.586666666666667,0.4633906,0.5365514
5.588333333333333,0.463391,0.5365514
5.59,0.463391,0.5365514
5.591666666666667,0.463391,0.5365514
5.593333333333334,0.463391,0.5365516
5.595,0.463391,0.5365516
5.596666666666667,0.463391,0.536552
5.598333333333334,0.463391,0.536552
5.6,0.463391,0.5365524
5.601666666666667,0.463391,0.5365524
5.6033333333333335,0.463391,0.5365526
5.605,0.4633914,0.5365526
5.6066666666666665,0.4633914,0.5365526
5.608333333333333,0.4633914,0.5365532
5.61,0.4633914,0.5365544
5.611666666666666,0.4633914,0.5365548
5.613333333333333,0.4633914,0.5365548
5.615,0.4633914,0.5365548
5.616666666666666,0.4633914,0.5365548
5.618333333333333,0.4633914,0.5365548
5.62,0.4633918,0.5365548
5.621666666666667,0.4633918,0.5365552
5.623333333333333,0.4633922,0.5365552
5.625,0.4633922,0.5365552
5.626666666666667,0.4633922,0.5365552
5.628333333333333,0.4633922,0.5365552
5.63,0.4633928,0.5365552
5.631666666666667,0.4633928,0.5365552
5.633333333333334,0.4633928,0.5365552
5.635,0.4633928,0.5365552
5.636666666666667,0.4633928,0.5365554
5.638333333333334,0.463393,0.5365554
5.64,0.4633932,0.5365554
5.641666666666667,0.4633932,0.5365556
5.6433333333333335,0.4633932,0.5365556
5.645,0.4633932,0.5365556
5.6466666666666665,0.4633936,0.536556
5.648333333333333,0.4633936,0.5365562
5.65,0.463394,0.5365562
5.651666666666666,0.463394,0.5365562
5.653333333333333,0.463394,0.5365562
5.655,0.4633942,0.5365564
5.656666666666666,0.4633942,0.5365564
5.658333333333333,0.4633942,0.5365564
5.66,0.4633942,0.5365568
5.661666666666667,0.4633948,0.5365568
5.663333333333333,0.4633948,0.5365568
5.665,0.4633948,0.536557
5.666666666666667,0.4633948,0.536557
5.668333333333333,0.4633948,0.536557
5.67,0.4633948,0.536557
5.671666666666667,0.4633948,0.536557
5.673333333333333,0.4633948,0.536557
5.675,0.4633948,0.536557
5.676666666666667,0.4633948,0.536557
5.678333333333334,0.4633948,0.5365572
5.68,0.4633948,0.5365572
5.681666666666667,0.4633948,0.5365576
5.683333333333334,0.4633948,0.5365576
5.685,0.4633948,0.5365576
5.6866666666666665,0.4633948,0.5365578
5.6883333333333335,0.463395,0.5365578
5.69,0.4633954,0.5365578
5.691666666666666,0.4633954,0.5365578
5.693333333333333,0.4633954,0.5365578
5.695,0.4633954,0.5365586
5.696666666666666,0.4633954,0.5365586
5.698333333333333,0.463396,0.5365586
5.7,0.463396,0.5365586
5.701666666666667,0.463396,0.5365586
5.703333333333333,0.463396,0.5365586
5.705,0.463396,0.5365586
5.706666666666667,0.463396,0.5365586
5.708333333333333,0.463396,0.5365586
5.71,0.463396,0.5365586
5.711666666666667,0.463396,0.5365586
5.713333333333333,0.463396,0.5365586
5.715,0.463396,0.5365586
5.716666666666667,0.4633962,0.5365588
5.718333333333334,0.4633962,0.5365588
5.72,0.4633966,0.5365588
5.721666666666667,0.4633966,0.536559
5.723333333333334,0.4633968,0.536559
5.725,0.4633968,0.536559
5.726666666666667,0.4633968,0.5365594
5.7283333333333335,0.4633968,0.5365594
5.73,0.4633968,0.5365594
5.7316666666666665,0.4633968,0.5365594
5.733333333333333,0.463397,0.5365594
5.735,0.463397,0.5365596
5.736666666666666,0.463397,0.5365596
5.738333333333333,0.463397,0.5365596
5.74,0.4633978,0.5365596
5.741666666666666,0.4633978,0.5365596
5.743333333333333,0.4633978,0.5365596
5.745,0.4633978,0.5365596
5.746666666666667,0.4633978,0.5365596
5.748333333333333,0.4633978,0.5365598
5.75,0.4633978,0.5365598
5.751666666666667,0.463398,0.5365598
5.753333333333333,0.4633982,0.5365598
5.755,0.4633982,0.5365598
5.756666666666667,0.4633982,0.5365598
5.758333333333334,0.4633982,0.5365598
5.76,0.4633982,0.5365598
5.761666666666667,0.4633982,0.5365598
5.763333333333334,0.4633986,0.5365598
5.765,0.4633988,0.5365598
5.766666666666667,0.4633988,0.5365598
5.7683333333333335,0.4633988,0.5365598
5.77,0.4633988,0.53656
5.7716666666666665,0.4633988,0.53656
5.773333333333333,0.4633988,0.53656
5.775,0.4633988,0.53656
5.776666666666666,0.4633988,0.53656
5.778333333333333,0.4633988,0.5365604
5.78,0.4633988,0.5365604
5.781666666666666,0.4633988,0.5365604
5.783333333333333,0.4633988,0.5365604
5.785,0.4633988,0.5365604
5.786666666666667,0.4633994,0.5365604
5.788333333333333,0.4633998,0.5365604
5.79,0.4633998,0.5365604
5.791666666666667,0.4633998,0.5365604
5.793333333333333,0.4633998,0.5365604
5.795,0.4634,0.5365604
5.796666666666667,0.4634,0.5365604
5.798333333333333,0.4634,0.5365604
5.8,0.4634,0.5365604
5.801666666666667,0.4634002,0.5365604
5.803333333333334,0.4634002,0.5365604
5.805,0.4634004,0.5365604
5.806666666666667,0.4634004,0.5365604
5.808333333333334,0.4634008,0.5365604
5.81,0.4634008,0.5365604
5.8116666666666665,0.4634008,0.5365604
5.8133333333333335,0.4634008,0.5365604
5.815,0.4634008,0.5365604
5.816666666666666,0.4634008,0.5365604
5.818333333333333,0.4634008,0.5365604
5.82,0.4634008,0.5365604
5.821666666666666,0.4634008,0.5365604
5.823333333333333,0.4634008,0.5365604
5.825,0.4634008,0.5365604
5.826666666666667,0.4634014,0.5365604
5.828333333333333,0.4634014,0.5365604
5.83,0.4634014,0.5365604
5.831666666666667,0.4634014,0.5365604
5.833333333333333,0.4634014,0.5365604
5.835,0.4634014,0.5365604
5.836666666666667,0.4634014,0.5365608
5.838333333333333,0.4634014,0.5365608
5.84,0.4634016,0.5365608
5.841666666666667,0.4634016,0.5365608
5.843333333333334,0.4634016,0.5365608
5.845,0.4634018,0.5365608
5.846666666666667,0.4634018,0.5365608
5.848333333333334,0.4634018,0.5365612
5.85,0.4634018,0.5365612
5.851666666666667,0.4634022,0.5365612
5.8533333333333335,0.4634022,0.5365612
5.855,0.4634022,0.5365612
5.8566666666666665,0.4634022,0.5365612
5.858333333333333,0.4634022,0.5365612
5.86,0.4634022,0.5365612
5.861666666666666,0.4634022,0.5365612
5.863333333333333,0.4634022,0.5365612
5.865,0.4634022,0.5365614
5.866666666666666,0.4634022,0.5365618
5.868333333333333,0.4634022,0.5365618
5.87,0.4634022,0.5365618
5.871666666666667,0.4634026,0.5365618
5.873333333333333,0.4634026,0.5365618
5.875,0.4634032,0.5365618
5.876666666666667,0.4634032,0.5365618
5.878333333333333,0.4634032,0.5365618
5.88,0.4634032,0.5365618
5.881666666666667,0.4634032,0.536562
5.883333333333334,0.4634032,0.536563
5.885,0.4634032,0.536563
5.886666666666667,0.4634034,0.536563
5.888333333333334,0.4634034,0.536563
5.89,0.4634034,0.536563
5.891666666666667,0.4634034,0.536563
5.8933333333333335,0.4634034,0.536563
5.895,0.4634034,0.536563
5.8966666666666665,0.4634036,0.536563
5.898333333333333,0.4634036,0.536563
5.9,0.4634036,0.536563
5.901666666666666,0.4634036,0.5365642
5.903333333333333,0.4634038,0.5365642
5.905,0.4634038,0.5365642
5.906666666666666,0.4634038,0.5365642
5.908333333333333,0.4634038,0.5365644
5.91,0.463404,0.5365644
5.911666666666667,0.4634044,0.5365644
5.913333333333333,0.4634044,0.5365644
5.915,0.4634046,0.5365644
5.916666666666667,0.463405,0.5365644
5.918333333333333,0.463405,0.5365644
5.92,0.463405,0.5365644
5.921666666666667,0.463405,0.5365644
5.923333333333333,0.463405,0.5365644
5.925,0.463405,0.5365644
5.926666666666667,0.463405,0.5365644
5.928333333333334,0.463405,0.5365644
5.93,0.463405,0.536565
5.931666666666667,0.463405,0.536565
5.933333333333334,0.463405,0.536565
5.935,0.463405,0.536565
5.9366666666666665,0.463405,0.536565
5.9383333333333335,0.463405,0.536565
5.94,0.463405,0.536565
5.941666666666666,0.463405,0.536565
5.943333333333333,0.463405,0.536565
5.945,0.463405,0.536565
5.946666666666666,0.463405,0.5365652
5.948333333333333,0.463405,0.5365652
5.95,0.4634052,0.5365652
5.951666666666667,0.4634052,0.5365652
5.953333333333333,0.4634054,0.5365652
5.955,0.4634054,0.5365652
5.956666666666667,0.4634054,0.5365652
5.958333333333333,0.463406,0.5365654
5.96,0.463406,0.5365654
5.961666666666667,0.463406,0.5365654
5.963333333333333,0.463406,0.536566
5.965,0.463406,0.536566
5.966666666666667,0.463406,0.536566
5.968333333333334,0.463406,0.536566
5.97,0.4634064,0.5365662
5.971666666666667,0.4634064,0.5365662
5.973333333333334,0.4634064,0.5365662
5.975,0.4634064,0.5365662
5.976666666666667,0.4634064,0.5365662
5.9783333333333335,0.463407,0.5365666
5.98,0.463407,0.5365666
5.9816666666666665,0.463407,0.5365668
5.983333333333333,0.463407,0.5365668
5.985,0.463407,0.5365668
5.986666666666666,0.463407,0.5365668
5.988333333333333,0.463407,0.5365668
5.99,0.463407,0.5365668
5.991666666666666,0.463407,0.5365668
5.993333333333333,0.463407,0.536567
5.995,0.463407,0.536567
5.996666666666667,0.463407,0.536567
5.998333333333333,0.463407,0.536567
6.0,0.463407,0.536567
6.001666666666667,0.463407,0.536567
6.003333333333333,0.463407,0.536567
6.005,0.463407,0.536567
6.006666666666667,0.463407,0.536567
6.008333333333334,0.463407,0.536567
6.01,0.463407,0.536567
6.011666666666667,0.4634072,0.536567
6.013333333333334,0.4634072,0.536567
6.015,0.4634072,0.536567
6.016666666666667,0.4634072,0.536567
6.0183333333333335,0.4634072,0.536567
6.02,0.4634072,0.536567
6.0216666666666665,0.4634072,0.536567
6.023333333333333,0.4634072,0.536567
6.025,0.4634072,0.536567
6.026666666666666,0.4634072,0.536567
6.028333333333333,0.4634074,0.536567
6.03,0.4634074,0.536567
6.031666666666666,0.4634074,0.536567
6.033333333333333,0.4634074,0.536567
6.035,0.4634078,0.536567
6.036666666666667,0.4634078,0.536567
6.038333333333333,0.4634078,0.536567
6.04,0.4634078,0.536567
6.041666666666667,0.4634078,0.536567
6.043333333333333,0.4634078,0.536567
6.045,0.4634078,0.536567
6.046666666666667,0.463408,0.5365672
6.048333333333333,0.463408,0.5365672
6.05,0.463408,0.5365672
6.051666666666667,0.463408,0.5365672
6.053333333333334,0.463408,0.5365672
6.055,0.463408,0.5365672
6.056666666666667,0.463408,0.5365672
6.058333333333334,0.463408,0.5365674
6.06,0.4634088,0.5365674
6.0616666666666665,0.4634088,0.5365674
6.0633333333333335,0.4634088,0.5365674
6.065,0.4634088,0.5365674
6.066666666666666,0.4634088,0.5365674
6.068333333333333,0.4634088,0.5365674
6.07,0.4634088,0.5365676
6.071666666666666,0.4634088,0.5365676
6.073333333333333,0.4634088,0.5365676
6.075,0.4634088,0.5365676
6.076666666666667,0.4634088,0.5365676
6.078333333333333,0.4634088,0.5365684
6.08,0.4634088,0.5365684
6.081666666666667,0.4634088,0.5365686
6.083333333333333,0.4634088,0.5365686
6.085,0.4634088,0.5365686
6.086666666666667,0.4634088,0.5365686
6.088333333333333,0.4634088,0.5365686
6.09,0.4634088,0.5365686
6.091666666666667,0.4634088,0.5365686
6.093333333333334,0.4634088,0.5365686
6.095,0.4634088,0.5365686
6.096666666666667,0.4634088,0.5365686
6.098333333333334,0.4634088,0.5365686
6.1,0.4634088,0.5365686
6.101666666666667,0.4634088,0.5365686
6.1033333333333335,0.4634088,0.5365686
6.105,0.4634088,0.5365686
6.1066666666666665,0.4634088,0.5365686
6.108333333333333,0.4634092,0.5365686
6.11,0.4634092,0.5365686
6.111666666666666,0.4634092,0.5365686
6.113333333333333,0.4634096,0.5365686
6.115,0.4634096,0.5365686
6.116666666666666,0.4634096,0.5365686
6.118333333333333,0.4634096,0.5365686
6.12,0.4634096,0.5365686
6.121666666666667,0.4634096,0.5365686
6.123333333333333,0.4634096,0.5365686
6.125,0.4634096,0.5365686
6.126666666666667,0.4634096,0.5365686
6.128333333333333,0.4634096,0.5365686
6.13,0.4634096,0.5365686
6.131666666666667,0.4634096,0.5365686
6.133333333333334,0.4634098,0.5365686
6.135,0.4634098,0.5365692
6.136666666666667,0.4634098,0.5365692
6.138333333333334,0.4634098,0.5365692
6.14,0.4634104,0.5365692
6.141666666666667,0.4634104,0.5365692
6.1433333333333335,0.4634104,0.5365692
6.145,0.4634108,0.5365692
6.1466666666666665,0.4634108,0.5365692
6.148333333333333,0.4634108,0.5365696
6.15,0.4634108,0.5365696
6.151666666666666,0.4634108,0.5365696
6.153333333333333,0.4634108,0.5365696
6.155,0.4634108,0.5365696
6.156666666666666,0.4634108,0.5365696
6.158333333333333,0.4634112,0.5365698
6.16,0.4634112,0.5365698
6.161666666666667,0.4634112,0.5365698
6.163333333333333,0.4634112,0.53657
6.165,0.4634112,0.53657
6.166666666666667,0.4634112,0.53657
6.168333333333333,0.4634112,0.53657
6.17,0.4634112,0.53657
6.171666666666667,0.4634116,0.53657
6.173333333333333,0.4634118,0.5365702
6.175,0.4634118,0.5365702
6.176666666666667,0.4634118,0.5365702
6.178333333333334,0.4634118,0.5365702
6.18,0.4634118,0.5365702
6.181666666666667,0.4634118,0.5365702
6.183333333333334,0.463412,0.5365702
6.185,0.463412,0.5365702
6.1866666666666665,0.463412,0.5365702
6.1883333333333335,0.463412,0.5365702
6.19,0.463412,0.5365702
6.191666666666666,0.463412,0.5365702
6.193333333333333,0.463412,0.5365702
6.195,0.463412,0.5365702
6.196666666666666,0.463412,0.5365702
6.198333333333333,0.463412,0.5365702
6.2,0.463412,0.5365702
6.201666666666667,0.463412,0.5365702
6.203333333333333,0.463412,0.5365704
6.205,0.463412,0.5365704
6.206666666666667,0.463412,0.5365704
6.208333333333333,0.463412,0.5365704
6.21,0.463412,0.5365704
6.211666666666667,0.463412,0.5365704
6.213333333333333,0.463412,0.5365704
6.215,0.463412,0.5365704
6.216666666666667,0.463412,0.5365704
6.218333333333334,0.463412,0.5365704
6.22,0.463412,0.5365704
6.221666666666667,0.463412,0.5365704
6.223333333333334,0.463412,0.5365704
6.225,0.463412,0.5365704
6.226666666666667,0.463412,0.5365704
6.2283333333333335,0.463412,0.5365704
6.23,0.463412,0.5365704
6.2316666666666665,0.463412,0.5365704
6.233333333333333,0.463412,0.5365706
6.235,0.463412,0.5365706
6.236666666666666,0.463412,0.5365706
6.238333333333333,0.463412,0.5365706
6.24,0.463412,0.5365706
6.241666666666666,0.463412,0.5365706
6.243333333333333,0.463412,0.536571
6.245,0.463412,0.536571
6.246666666666667,0.463412,0.536571
6.248333333333333,0.463412,0.536571
6.25,0.463412,0.5365716
6.251666666666667,0.463412,0.5365716
6.253333333333333,0.463412,0.5365716
6.255,0.463412,0.5365716
6.256666666666667,0.463412,0.5365716
6.258333333333334,0.4634122,0.5365716
6.26,0.4634122,0.5365716
6.261666666666667,0.4634122,0.5365716
6.263333333333334,0.4634122,0.536572
6.265,0.4634122,0.536572
6.266666666666667,0.4634122,0.536572
6.2683333333333335,0.4634122,0.536572
6.27,0.4634122,0.536572
6.2716666666666665,0.4634122,0.536572
6.273333333333333,0.4634122,0.536572
6.275,0.4634122,0.536572
6.276666666666666,0.4634122,0.536572
6.278333333333333,0.4634122,0.5365726
6.28,0.4634122,0.5365726
6.281666666666666,0.4634122,0.5365726
6.283333333333333,0.4634122,0.5365726
6.285,0.4634122,0.5365726
6.286666666666667,0.4634122,0.5365726
6.288333333333333,0.4634122,0.5365726
6.29,0.4634122,0.5365726
6.291666666666667,0.4634122,0.5365726
6.293333333333333,0.4634122,0.5365726
6.295,0.4634122,0.5365726
6.296666666666667,0.4634122,0.5365728
6.298333333333333,0.4634122,0.5365728
6.3,0.4634122,0.5365728
6.301666666666667,0.4634122,0.536573
6.303333333333334,0.4634122,0.536573
6.305,0.4634122,0.536573
6.306666666666667,0.4634122,0.536573
6.308333333333334,0.4634122,0.536573
6.31,0.4634122,0.536573
6.3116666666666665,0.4634122,0.536573
6.3133333333333335,0.4634122,0.5365734
6.315,0.4634122,0.5365734
6.316666666666666,0.4634122,0.5365734
6.318333333333333,0.4634122,0.5365734
6.32,0.4634122,0.5365734
6.321666666666666,0.4634122,0.5365734
6.323333333333333,0.4634122,0.5365734
6.325,0.4634122,0.5365734
6.326666666666667,0.4634122,0.5365734
6.328333333333333,0.4634122,0.5365734
6.33,0.4634122,0.5365734
6.331666666666667,0.4634122,0.5365734
6.333333333333333,0.4634122,0.5365734
6.335,0.4634122,0.5365734
6.336666666666667,0.4634122,0.5365738
6.338333333333333,0.4634122,0.5365738
6.34,0.4634122,0.5365738
6.341666666666667,0.4634122,0.5365738
6.343333333333334,0.4634122,0.5365738
6.345,0.4634122,0.5365738
6.346666666666667,0.4634122,0.5365738
6.348333333333334,0.4634122,0.5365742
6.35,0.4634122,0.5365742
6.351666666666667,0.4634122,0.5365742
6.3533333333333335,0.4634122,0.5365742
6.355,0.4634122,0.5365742
6.3566666666666665,0.4634122,0.5365742
6.358333333333333,0.4634122,0.5365742
6.36,0.4634122,0.5365742
6.361666666666666,0.4634122,0.5365742
6.363333333333333,0.4634122,0.5365742
6.365,0.4634122,0.5365742
6.366666666666666,0.4634122,0.5365742
6.368333333333333,0.4634122,0.5365742
6.37,0.4634122,0.5365742
6.371666666666667,0.4634122,0.5365742
6.373333333333333,0.4634122,0.5365744
6.375,0.4634122,0.5365744
6.376666666666667,0.4634122,0.5365744
6.378333333333333,0.4634122,0.5365744
6.38,0.4634122,0.5365744
6.381666666666667,0.4634122,0.5365744
6.383333333333334,0.4634122,0.5365744
6.385,0.4634122,0.5365744
6.386666666666667,0.4634122,0.5365744
6.388333333333334,0.4634122,0.5365744
6.39,0.4634122,0.5365744
6.391666666666667,0.4634122,0.5365744
6.3933333333333335,0.4634122,0.5365744
6.395,0.4634122,0.5365744
6.3966666666666665,0.4634122,0.5365746
6.398333333333333,0.4634122,0.5365746
6.4,0.4634122,0.5365746
6.401666666666666,0.4634122,0.5365746
6.403333333333333,0.4634122,0.5365746
6.405,0.4634122,0.5365746
6.406666666666666,0.4634122,0.5365746
6.408333333333333,0.4634122,0.5365746
6.41,0.4634122,0.5365746
6.411666666666667,0.4634122,0.5365746
6.413333333333333,0.4634122,0.5365746
6.415,0.4634122,0.5365746
6.416666666666667,0.4634122,0.5365746
6.418333333333333,0.4634122,0.5365746
6.42,0.4634122,0.5365746
6.421666666666667,0.4634122,0.5365746
6.423333333333333,0.4634122,0.5365746
6.425,0.4634122,0.5365746
6.426666666666667,0.4634122,0.5365746
6.428333333333334,0.4634122,0.5365746
6.43,0.4634122,0.5365746
6.431666666666667,0.4634122,0.5365746
6.433333333333334,0.4634124,0.5365746
6.435,0.4634124,0.5365746
6.4366666666666665,0.4634124,0.5365746
6.4383333333333335,0.4634124,0.5365746
6.44,0.4634124,0.5365746
6.441666666666666,0.4634124,0.5365746
6.443333333333333,0.4634124,0.5365746
6.445,0.4634124,0.5365746
6.446666666666666,0.4634128,0.5365746
6.448333333333333,0.4634128,0.5365746
6.45,0.4634128,0.5365746
6.451666666666667,0.4634128,0.5365746
6.453333333333333,0.4634128,0.5365746
6.455,0.4634128,0.5365746
6.456666666666667,0.4634128,0.5365746
6.458333333333333,0.4634128,0.5365746
6.46,0.4634128,0.5365746
6.461666666666667,0.4634128,0.5365746
6.463333333333333,0.4634128,0.5365746
6.465,0.4634128,0.5365746
6.466666666666667,0.4634128,0.5365746
6.468333333333334,0.4634128,0.5365748
6.47,0.4634128,0.5365748
6.471666666666667,0.4634128,0.5365748
6.473333333333334,0.4634128,0.5365748
6.475,0.4634128,0.5365748
6.476666666666667,0.4634128,0.5365748
6.4783333333333335,0.4634128,0.5365748
6.48,0.4634128,0.5365748
6.4816666666666665,0.4634128,0.5365748
6.483333333333333,0.4634128,0.5365748
6.485,0.4634128,0.5365748
6.486666666666666,0.4634128,0.5365748
6.488333333333333,0.4634128,0.5365748
6.49,0.4634128,0.5365748
6.491666666666666,0.4634128,0.5365748
6.493333333333333,0.4634128,0.5365748
6.495,0.4634128,0.536575
6.496666666666667,0.4634128,0.536575
6.498333333333333,0.4634128,0.536575
6.5,0.4634128,0.536575
6.501666666666667,0.4634128,0.536575
6.503333333333333,0.4634128,0.536575
6.505,0.4634128,0.536575
6.506666666666667,0.4634128,0.536575
6.508333333333334,0.4634128,0.536575
6.51,0.4634128,0.536575
6.511666666666667,0.4634128,0.536575
6.513333333333334,0.4634128,0.536575
6.515,0.4634128,0.536575
6.516666666666667,0.463413,0.536575
6.5183333333333335,0.463413,0.536575
6.52,0.463413,0.536575
6.5216666666666665,0.463413,0.536575
6.523333333333333,0.463413,0.536575
6.525,0.463413,0.536575
6.526666666666666,0.463413,0.536575
6.528333333333333,0.463413,0.536575
6.53,0.463413,0.536575
6.531666666666666,0.463413,0.536575
6.533333333333333,0.463413,0.536575
6.535,0.463413,0.536575
6.536666666666667,0.463413,0.536575
6.538333333333333,0.463413,0.536575
6.54,0.463413,0.536575
6.541666666666667,0.463413,0.536575
6.543333333333333,0.463413,0.536575
6.545,0.463413,0.536575
6.546666666666667,0.463413,0.536575
6.548333333333333,0.463413,0.536575
6.55,0.463413,0.536575
6.551666666666667,0.463413,0.536575
6.553333333333334,0.463413,0.536575
6.555,0.463413,0.536575
6.556666666666667,0.463413,0.536575
6.558333333333334,0.463413,0.536575
6.56,0.463413,0.536575
6.5616666666666665,0.463413,0.536575
6.5633333333333335,0.463413,0.536575
6.565,0.463413,0.536575
6.566666666666666,0.463413,0.536575
6.568333333333333,0.463413,0.536575
6.57,0.463413,0.536575
6.571666666666666,0.463413,0.536575
6.573333333333333,0.463413,0.536575
6.575,0.463413,0.536575
6.576666666666667,0.463413,0.536575
6.578333333333333,0.463413,0.536575
6.58,0.463413,0.536575
6.581666666666667,0.463413,0.536575
6.583333333333333,0.463413,0.536575
6.585,0.463413,0.536575
6.586666666666667,0.463413,0.536575
6.588333333333333,0.463413,0.536575
6.59,0.463413,0.536575
6.591666666666667,0.463413,0.536575
6.593333333333334,0.463413,0.536575
6.595,0.463413,0.536575
6.596666666666667,0.463413,0.536575
6.598333333333334,0.463413,0.536575
6.6,0.463413,0.536575
6.601666666666667,0.463413,0.536575
6.6033333333333335,0.463413,0.536575
6.605,0.463413,0.536575
6.6066666666666665,0.463413,0.536575
6.608333333333333,0.463413,0.536575
6.61,0.463413,0.536575
6.611666666666666,0.463413,0.536575
6.613333333333333,0.463413,0.536575
6.615,0.463413,0.536575
6.616666666666666,0.463413,0.536576
6.618333333333333,0.463413,0.536576
6.62,0.463413,0.536576
6.621666666666667,0.463413,0.536576
6.623333333333333,0.463413,0.536576
6.625,0.463413,0.536576
6.626666666666667,0.463413,0.536576
6.628333333333333,0.463413,0.536576
6.63,0.463413,0.536576
6.631666666666667,0.463413,0.536576
6.633333333333334,0.463413,0.536576
6.635,0.463413,0.536576
6.636666666666667,0.463413,0.536576
6.638333333333334,0.463413,0.5365768
6.64,0.4634142,0.5365768
6.641666666666667,0.4634142,0.5365768
6.6433333333333335,0.4634142,0.5365768
6.645,0.4634142,0.5365768
6.6466666666666665,0.4634142,0.5365768
6.648333333333333,0.4634142,0.5365768
6.65,0.4634142,0.5365768
6.651666666666666,0.4634142,0.5365768
6.653333333333333,0.4634142,0.5365768
6.655,0.4634142,0.5365768
6.656666666666666,0.4634142,0.5365768
6.658333333333333,0.4634142,0.5365768
6.66,0.4634142,0.5365768
6.661666666666667,0.4634142,0.5365768
6.663333333333333,0.4634142,0.5365768
6.665,0.4634142,0.5365768
6.666666666666667,0.4634142,0.5365768
6.668333333333333,0.4634142,0.5365768
6.67,0.4634142,0.5365768
6.671666666666667,0.4634142,0.5365768
6.673333333333333,0.4634142,0.5365768
6.675,0.4634142,0.5365768
6.676666666666667,0.4634142,0.5365768
6.678333333333334,0.4634142,0.5365768
6.68,0.4634142,0.5365768
6.681666666666667,0.4634142,0.5365768
6.683333333333334,0.4634142,0.5365768
6.685,0.4634142,0.5365768
6.6866666666666665,0.4634142,0.5365768
6.6883333333333335,0.4634142,0.5365768
6.69,0.4634142,0.5365768
6.691666666666666,0.4634142,0.5365768
6.693333333333333,0.4634142,0.5365768
6.695,0.4634142,0.5365768
6.696666666666666,0.4634142,0.5365768
6.698333333333333,0.4634142,0.5365768
6.7,0.4634142,0.5365768
6.701666666666667,0.4634142,0.5365768
6.703333333333333,0.4634142,0.5365768
6.705,0.4634142,0.5365768
6.706666666666667,0.4634142,0.5365768
6.708333333333333,0.4634142,0.5365768
6.71,0.4634142,0.5365768
6.711666666666667,0.4634142,0.5365768
6.713333333333333,0.4634142,0.5365768
6.715,0.4634142,0.5365768
6.716666666666667,0.4634142,0.536577
6.718333333333334,0.4634142,0.536577
6.72,0.4634142,0.536577
6.721666666666667,0.4634142,0.536577
6.723333333333334,0.4634142,0.5365776
6.725,0.4634142,0.5365776
6.726666666666667,0.4634142,0.5365778
6.7283333333333335,0.4634142,0.5365778
6.73,0.4634142,0.5365778
6.7316666666666665,0.4634142,0.5365778
6.733333333333333,0.4634142,0.5365778
6.735,0.4634142,0.5365778
6.736666666666666,0.4634142,0.5365778
6.738333333333333,0.4634142,0.5365778
6.74,0.4634142,0.5365778
6.741666666666666,0.4634142,0.5365778
6.743333333333333,0.4634142,0.5365778
6.745,0.4634142,0.5365778
6.746666666666667,0.4634142,0.5365778
6.748333333333333,0.4634142,0.5365778
6.75,0.4634142,0.5365778
6.751666666666667,0.4634142,0.5365778
6.753333333333333,0.4634142,0.5365778
6.755,0.4634144,0.5365778
6.756666666666667,0.4634144,0.5365778
6.758333333333334,0.4634144,0.5365778
6.76,0.4634144,0.5365778
6.761666666666667,0.4634144,0.5365778
6.763333333333334,0.4634144,0.5365778
6.765,0.4634144,0.5365778
6.766666666666667,0.4634144,0.5365778
6.7683333333333335,0.4634144,0.5365778
6.77,0.4634144,0.5365778
6.7716666666666665,0.4634144,0.5365778
6.773333333333333,0.4634144,0.5365778
6.775,0.4634144,0.5365778
6.776666666666666,0.4634144,0.5365778
6.778333333333333,0.4634144,0.5365778
6.78,0.4634144,0.5365778
6.781666666666666,0.4634144,0.5365778
6.783333333333333,0.4634144,0.5365778
6.785,0.4634144,0.5365778
6.786666666666667,0.4634144,0.5365778
6.788333333333333,0.4634144,0.5365778
6.79,0.4634144,0.5365782
6.791666666666667,0.4634144,0.5365782
6.793333333333333,0.4634144,0.5365782
6.795,0.4634144,0.5365782
6.796666666666667,0.4634144,0.5365782
6.798333333333333,0.4634144,0.5365784
6.8,0.4634144,0.5365784
6.801666666666667,0.4634144,0.5365784
6.803333333333334,0.4634144,0.5365784
6.805,0.4634144,0.5365784
6.806666666666667,0.4634144,0.5365784
6.808333333333334,0.4634144,0.5365784
6.81,0.4634144,0.5365784
6.8116666666666665,0.4634144,0.5365784
6.8133333333333335,0.4634144,0.5365784
6.815,0.4634144,0.5365784
6.816666666666666,0.4634144,0.5365784
6.818333333333333,0.4634144,0.5365784
6.82,0.4634144,0.5365784
6.821666666666666,0.4634144,0.5365784
6.823333333333333,0.4634144,0.5365784
6.825,0.4634144,0.5365784
6.826666666666667,0.4634144,0.5365784
6.828333333333333,0.4634144,0.5365784
6.83,0.4634144,0.5365784
6.831666666666667,0.4634144,0.5365784
6.833333333333333,0.4634144,0.5365784
6.835,0.4634144,0.5365784
6.836666666666667,0.4634144,0.5365784
6.838333333333333,0.4634144,0.5365784
6.84,0.4634144,0.5365784
6.841666666666667,0.4634144,0.5365784
6.843333333333334,0.4634144,0.5365784
6.845,0.463415,0.5365784
6.846666666666667,0.463415,0.5365784
6.848333333333334,0.463415,0.5365784
6.85,0.463415,0.5365784
6.851666666666667,0.463415,0.5365784
6.8533333333333335,0.463415,0.5365784
6.855,0.463415,0.5365784
6.8566666666666665,0.463415,0.5365784
6.858333333333333,0.463415,0.5365784
6.86,0.463415,0.5365784
6.861666666666666,0.463415,0.5365784
6.863333333333333,0.463415,0.5365784
6.865,0.463415,0.5365784
6.866666666666666,0.463415,0.5365784
6.868333333333333,0.463415,0.5365784
6.87,0.463415,0.5365784
6.871666666666667,0.463415,0.5365784
6.873333333333333,0.463415,0.5365784
6.875,0.463415,0.5365784
6.876666666666667,0.463415,0.5365784
6.878333333333333,0.463415,0.5365784
6.88,0.463415,0.5365784
6.881666666666667,0.463415,0.5365784
6.883333333333334,0.463415,0.5365784
6.885,0.463415,0.5365784
6.886666666666667,0.463415,0.5365784
6.888333333333334,0.463415,0.5365784
6.89,0.463415,0.5365784
6.891666666666667,0.463415,0.5365784
6.8933333333333335,0.463415,0.5365784
6.895,0.463415,0.5365784
6.8966666666666665,0.4634154,0.5365784
6.898333333333333,0.4634154,0.5365784
6.9,0.4634154,0.5365784
6.901666666666666,0.4634154,0.5365784
6.903333333333333,0.4634154,0.5365784
6.905,0.4634154,0.5365784
6.906666666666666,0.4634154,0.5365784
6.908333333333333,0.4634154,0.5365784
6.91,0.4634154,0.5365784
6.911666666666667,0.4634154,0.5365784
6.913333333333333,0.4634154,0.5365784
6.915,0.4634154,0.5365784
6.916666666666667,0.4634154,0.5365784
6.918333333333333,0.4634154,0.5365784
6.92,0.4634154,0.5365786
6.921666666666667,0.4634154,0.5365786
6.923333333333333,0.4634154,0.5365786
6.925,0.4634154,0.5365786
6.926666666666667,0.4634154,0.5365786
6.928333333333334,0.4634154,0.5365786
6.93,0.4634154,0.5365786
6.931666666666667,0.4634154,0.5365786
6.933333333333334,0.4634154,0.5365786
6.935,0.4634154,0.5365786
6.9366666666666665,0.4634154,0.5365786
6.9383333333333335,0.4634154,0.5365786
6.94,0.4634154,0.5365786
6.941666666666666,0.4634154,0.5365786
6.943333333333333,0.4634154,0.5365786
6.945,0.4634154,0.5365786
6.946666666666666,0.4634154,0.536579
6.948333333333333,0.4634154,0.536579
6.95,0.4634154,0.536579
6.951666666666667,0.4634154,0.536579
6.953333333333333,0.4634154,0.536579
6.955,0.4634154,0.536579
6.956666666666667,0.4634154,0.536579
6.958333333333333,0.4634154,0.536579
6.96,0.4634154,0.536579
6.961666666666667,0.4634154,0.536579
6.963333333333333,0.4634154,0.536579
6.965,0.4634154,0.536579
6.966666666666667,0.4634154,0.536579
6.968333333333334,0.4634156,0.536579
6.97,0.4634156,0.536579
6.971666666666667,0.4634156,0.536579
6.973333333333334,0.4634156,0.536579
6.975,0.4634156,0.536579
6.976666666666667,0.4634156,0.536579
6.9783333333333335,0.4634156,0.536579
6.98,0.4634156,0.536579
6.9816666666666665,0.4634156,0.536579
6.983333333333333,0.4634156,0.536579
6.985,0.4634156,0.536579
6.986666666666666,0.4634156,0.536579
6.988333333333333,0.4634156,0.536579
6.99,0.4634156,0.536579
6.991666666666666,0.4634156,0.536579
6.993333333333333,0.4634156,0.536579
6.995,0.4634156,0.536579
6.996666666666667,0.4634156,0.536579
6.998333333333333,0.4634156,0.536579
7.0,0.4634156,0.536579
7.001666666666667,0.4634156,0.536579
7.003333333333333,0.4634156,0.536579
7.005,0.4634156,0.536579
7.006666666666667,0.4634156,0.536579
7.008333333333334,0.4634156,0.536579
7.01,0.4634156,0.536579
7.011666666666667,0.4634156,0.536579
7.013333333333334,0.4634156,0.536579
7.015,0.4634156,0.536579
7.016666666666667,0.4634156,0.536579
7.0183333333333335,0.4634156,0.536579
7.02,0.4634156,0.536579
7.0216666666666665,0.4634156,0.536579
7.023333333333333,0.4634156,0.536579
7.025,0.4634156,0.536579
7.026666666666666,0.4634156,0.536579
7.028333333333333,0.4634156,0.536579
7.03,0.4634156,0.536579
7.031666666666666,0.4634156,0.536579
7.033333333333333,0.4634156,0.536579
7.035,0.4634156,0.536579
7.036666666666667,0.4634156,0.536579
7.038333333333333,0.4634156,0.536579
7.04,0.4634156,0.536579
7.041666666666667,0.4634156,0.536579
7.043333333333333,0.4634156,0.536579
7.045,0.4634156,0.536579
7.046666666666667,0.4634156,0.536579
7.048333333333333,0.4634156,0.536579
7.05,0.4634156,0.536579
7.051666666666667,0.4634156,0.536579
7.053333333333334,0.4634156,0.536579
7.055,0.4634156,0.536579
7.056666666666667,0.4634156,0.536579
7.058333333333334,0.4634156,0.536579
7.06,0.4634156,0.536579
7.0616666666666665,0.4634156,0.536579
7.0633333333333335,0.4634156,0.536579
7.065,0.4634156,0.536579
7.066666666666666,0.4634156,0.536579
7.068333333333333,0.4634156,0.536579
7.07,0.4634156,0.536579
7.071666666666666,0.4634156,0.536579
7.073333333333333,0.4634156,0.536579
7.075,0.4634156,0.536579
7.076666666666667,0.4634156,0.536579
7.078333333333333,0.4634156,0.536579
7.08,0.4634156,0.536579
7.081666666666667,0.4634156,0.536579
7.083333333333333,0.4634156,0.536579
7.085,0.4634156,0.536579
7.086666666666667,0.4634156,0.536579
7.088333333333333,0.4634156,0.536579
7.09,0.4634156,0.536579
7.091666666666667,0.4634156,0.536579
7.093333333333334,0.4634158,0.536579
7.095,0.4634158,0.536579
7.096666666666667,0.4634158,0.536579
7.098333333333334,0.4634158,0.536579
7.1,0.4634158,0.536579
7.101666666666667,0.4634158,0.536579
7.1033333333333335,0.4634158,0.536579
7.105,0.4634158,0.536579
7.1066666666666665,0.4634158,0.536579
7.108333333333333,0.4634158,0.536579
7.11,0.4634158,0.536579
7.111666666666666,0.4634158,0.536579
7.113333333333333,0.4634158,0.536579
7.115,0.4634158,0.536579
7.116666666666666,0.4634158,0.536579
7.118333333333333,0.463416,0.536579
7.12,0.463416,0.536579
7.121666666666667,0.463416,0.536579
7.123333333333333,0.463416,0.536579
7.125,0.463416,0.536579
7.126666666666667,0.463416,0.536579
7.128333333333333,0.463416,0.536579
7.13,0.463416,0.536579
7.131666666666667,0.463416,0.536579
7.133333333333334,0.463416,0.536579
7.135,0.463416,0.536579
7.136666666666667,0.463416,0.536579
7.138333333333334,0.463416,0.536579
7.14,0.463416,0.536579
7.141666666666667,0.463416,0.536579
7.1433333333333335,0.463416,0.536579
7.145,0.463416,0.5365792
7.1466666666666665,0.463416,0.5365792
7.148333333333333,0.463416,0.5365792
7.15,0.463416,0.5365792
7.151666666666666,0.463416,0.5365792
7.153333333333333,0.463416,0.5365792
7.155,0.463416,0.5365792
7.156666666666666,0.463416,0.5365792
7.158333333333333,0.463416,0.5365792
7.16,0.463416,0.5365792
7.161666666666667,0.463416,0.5365792
7.163333333333333,0.463416,0.5365792
7.165,0.463416,0.5365792
7.166666666666667,0.463416,0.5365792
7.168333333333333,0.463416,0.5365792
7.17,0.463416,0.5365792
7.171666666666667,0.463416,0.5365792
7.173333333333333,0.463416,0.5365792
7.175,0.463416,0.5365792
7.176666666666667,0.463416,0.5365792
7.178333333333334,0.463416,0.5365792
7.18,0.463416,0.5365792
7.181666666666667,0.4634166,0.5365792
7.183333333333334,0.4634166,0.5365792
7.185,0.4634166,0.5365792
7.1866666666666665,0.4634166,0.5365792
7.1883333333333335,0.4634166,0.5365792
7.19,0.4634166,0.5365792
7.191666666666666,0.4634166,0.5365792
7.193333333333333,0.4634166,0.5365792
7.195,0.4634166,0.5365792
7.196666666666666,0.4634166,0.5365792
7.198333333333333,0.4634166,0.5365792
7.2,0.4634166,0.5365792
7.201666666666667,0.4634166,0.5365792
7.203333333333333,0.4634166,0.5365792
7.205,0.4634166,0.5365792
7.206666666666667,0.4634166,0.5365792
7.208333333333333,0.4634166,0.5365792
7.21,0.4634166,0.5365792
7.211666666666667,0.4634166,0.5365792
7.213333333333333,0.4634166,0.5365792
7.215,0.4634166,0.5365792
7.216666666666667,0.4634166,0.5365792
7.218333333333334,0.4634166,0.5365792
7.22,0.4634166,0.5365792
7.221666666666667,0.4634166,0.5365792
7.223333333333334,0.4634166,0.5365792
7.225,0.4634166,0.5365792
7.226666666666667,0.4634166,0.5365792
7.2283333333333335,0.4634166,0.5365792
7.23,0.4634166,0.5365792
7.2316666666666665,0.4634166,0.5365792
7.233333333333333,0.4634166,0.5365792
7.235,0.4634166,0.5365792
7.236666666666666,0.4634166,0.5365792
7.238333333333333,0.4634166,0.5365792
7.24,0.4634166,0.5365792
7.241666666666666,0.4634166,0.5365792
7.243333333333333,0.4634166,0.5365792
7.245,0.4634166,0.5365792
7.246666666666667,0.4634166,0.5365792
7.248333333333333,0.4634166,0.5365792
7.25,0.4634166,0.5365792
7.251666666666667,0.4634166,0.5365792
7.253333333333333,0.4634166,0.5365792
7.255,0.4634166,0.5365792
7.256666666666667,0.4634166,0.5365792
7.258333333333334,0.4634166,0.5365792
7.26,0.4634166,0.5365792
7.261666666666667,0.4634166,0.5365792
7.263333333333334,0.4634166,0.5365792
7.265,0.4634166,0.5365792
7.266666666666667,0.463417,0.5365792
7.2683333333333335,0.463417,0.5365792
7.27,0.463417,0.5365792
7.2716666666666665,0.463417,0.5365792
7.273333333333333,0.463417,0.5365792
7.275,0.463417,0.5365792
7.276666666666666,0.463417,0.5365792
7.278333333333333,0.463417,0.5365792
7.28,0.463417,0.5365792
7.281666666666666,0.463417,0.5365792
7.283333333333333,0.463417,0.5365792
7.285,0.463417,0.5365792
7.286666666666667,0.463417,0.5365792
7.288333333333333,0.463417,0.5365792
7.29,0.463417,0.5365792
7.291666666666667,0.463417,0.5365792
7.293333333333333,0.463417,0.5365792
7.295,0.463417,0.5365792
7.296666666666667,0.463417,0.5365792
7.298333333333333,0.463417,0.5365792
7.3,0.463417,0.5365792
7.301666666666667,0.463417,0.5365792
7.303333333333334,0.463417,0.5365792
7.305,0.463417,0.5365792
7.306666666666667,0.463417,0.5365792
7.308333333333334,0.463417,0.5365792
7.31,0.463417,0.5365792
7.3116666666666665,0.463417,0.5365792
7.3133333333333335,0.463417,0.5365792
7.315,0.463417,0.5365792
7.316666666666666,0.463417,0.5365792
7.318333333333333,0.463417,0.5365794
7.32,0.463417,0.5365794
7.321666666666666,0.463417,0.5365794
7.323333333333333,0.463417,0.5365794
7.325,0.463417,0.5365794
7.326666666666667,0.463417,0.5365794
7.328333333333333,0.463417,0.5365794
7.33,0.463417,0.5365794
7.331666666666667,0.463417,0.5365794
7.333333333333333,0.463417,0.5365794
7.335,0.463417,0.5365794
7.336666666666667,0.463417,0.5365794
7.338333333333333,0.463417,0.5365794
7.34,0.463417,0.5365794
7.341666666666667,0.463417,0.5365794
7.343333333333334,0.463417,0.5365794
7.345,0.463417,0.5365794
7.346666666666667,0.463417,0.5365794
7.348333333333334,0.463417,0.5365794
7.35,0.463417,0.5365794
7.351666666666667,0.463417,0.5365794
7.3533333333333335,0.463417,0.5365794
7.355,0.4634176,0.5365794
7.3566666666666665,0.4634176,0.5365794
7.358333333333333,0.4634176,0.5365794
7.36,0.4634176,0.5365794
7.361666666666666,0.4634176,0.5365794
7.363333333333333,0.4634176,0.5365794
7.365,0.4634176,0.5365794
7.366666666666666,0.4634176,0.5365794
7.368333333333333,0.4634176,0.5365794
7.37,0.4634176,0.5365794
7.371666666666667,0.4634176,0.5365794
7.373333333333333,0.4634176,0.5365794
7.375,0.4634176,0.5365794
7.376666666666667,0.4634176,0.5365794
7.378333333333333,0.4634176,0.5365794
7.38,0.4634176,0.5365794
7.381666666666667,0.4634176,0.5365794
7.383333333333334,0.4634176,0.5365794
7.385,0.4634176,0.5365794
7.386666666666667,0.4634176,0.5365794
7.388333333333334,0.4634176,0.5365794
7.39,0.4634176,0.5365794
7.391666666666667,0.463418,0.5365794
7.3933333333333335,0.463418,0.5365794
7.395,0.463418,0.5365794
7.3966666666666665,0.463418,0.5365794
7.398333333333333,0.463418,0.5365794
7.4,0.463418,0.5365794
7.401666666666666,0.463418,0.5365794
7.403333333333333,0.463418,0.5365794
7.405,0.463418,0.5365794
7.406666666666666,0.463418,0.5365794
7.408333333333333,0.463418,0.5365794
7.41,0.463418,0.5365794
7.411666666666667,0.463418,0.5365794
7.413333333333333,0.463418,0.5365794
7.415,0.463418,0.5365794
7.416666666666667,0.463418,0.5365794
7.418333333333333,0.463418,0.5365794
7.42,0.463418,0.5365794
7.421666666666667,0.463418,0.5365794
7.423333333333333,0.463418,0.5365794
7.425,0.463418,0.5365794
7.426666666666667,0.463418,0.5365794
7.428333333333334,0.463418,0.5365794
7.43,0.463418,0.5365794
7.431666666666667,0.463418,0.5365794
7.433333333333334,0.463418,0.5365794
7.435,0.463418,0.5365794
7.4366666666666665,0.463418,0.5365794
7.4383333333333335,0.463418,0.5365794
7.44,0.463418,0.5365794
7.441666666666666,0.463418,0.5365794
7.443333333333333,0.463418,0.5365794
7.445,0.463418,0.5365794
7.446666666666666,0.463418,0.5365794
7.448333333333333,0.463418,0.5365794
7.45,0.463418,0.5365794
7.451666666666667,0.463418,0.5365794
7.453333333333333,0.463418,0.5365794
7.455,0.463418,0.5365794
7.456666666666667,0.463418,0.5365794
7.458333333333333,0.463418,0.5365794
7.46,0.463418,0.5365794
7.461666666666667,0.463418,0.5365794
7.463333333333333,0.463418,0.5365794
7.465,0.463418,0.5365794
7.466666666666667,0.463418,0.5365794
7.468333333333334,0.463418,0.5365794
7.47,0.463418,0.5365794
7.471666666666667,0.463418,0.5365794
7.473333333333334,0.463418,0.5365794
7.475,0.463418,0.5365794
7.476666666666667,0.463418,0.5365794
7.4783333333333335,0.463418,0.5365794
7.48,0.463418,0.5365794
7.4816666666666665,0.463418,0.5365794
7.483333333333333,0.463418,0.5365794
7.485,0.463418,0.5365794
7.486666666666666,0.463418,0.5365794
7.488333333333333,0.463418,0.5365794
7.49,0.463418,0.5365794
7.491666666666666,0.463418,0.5365794
7.493333333333333,0.463418,0.5365794
7.495,0.463418,0.5365794
7.496666666666667,0.463418,0.5365794
7.498333333333333,0.463418,0.5365794
7.5,0.463418,0.5365794
7.501666666666667,0.463418,0.5365794
7.503333333333333,0.463418,0.5365794
7.505,0.463418,0.5365794
7.506666666666667,0.463418,0.5365794
7.508333333333334,0.463418,0.5365794
7.51,0.463418,0.5365794
7.511666666666667,0.463418,0.5365794
7.513333333333334,0.463418,0.5365794
7.515,0.463418,0.5365794
7.516666666666667,0.463418,0.5365794
7.5183333333333335,0.463418,0.5365794
7.52,0.463418,0.5365794
7.5216666666666665,0.463418,0.5365794
7.523333333333333,0.463418,0.5365794
7.525,0.463418,0.5365794
7.526666666666666,0.463418,0.5365794
7.528333333333333,0.463418,0.5365794
7.53,0.463418,0.5365794
7.531666666666666,0.463418,0.5365794
7.533333333333333,0.463418,0.5365794
7.535,0.463418,0.5365794
7.536666666666667,0.463418,0.5365794
7.538333333333333,0.463418,0.5365794
7.54,0.463418,0.5365794
7.541666666666667,0.463418,0.5365794
7.543333333333333,0.463418,0.5365794
7.545,0.463418,0.5365794
7.546666666666667,0.463418,0.5365794
7.548333333333333,0.463418,0.5365794
7.55,0.463418,0.5365794
7.551666666666667,0.463418,0.5365794
7.553333333333334,0.463418,0.5365794
7.555,0.463418,0.5365794
7.556666666666667,0.463418,0.5365794
7.558333333333334,0.463418,0.5365794
7.56,0.463418,0.5365794
7.5616666666666665,0.463418,0.5365794
7.5633333333333335,0.463418,0.5365794
7.565,0.463418,0.5365794
7.566666666666666,0.463418,0.5365794
7.568333333333333,0.463418,0.5365794
7.57,0.463418,0.5365794
7.571666666666666,0.463418,0.5365794
7.573333333333333,0.463418,0.5365794
7.575,0.463418,0.5365794
7.576666666666667,0.463418,0.5365794
7.578333333333333,0.463418,0.5365794
7.58,0.463418,0.5365794
7.581666666666667,0.463418,0.5365794
7.583333333333333,0.463418,0.5365794
7.585,0.463418,0.5365794
7.586666666666667,0.463418,0.5365794
7.588333333333333,0.463418,0.5365794
7.59,0.463418,0.5365794
7.591666666666667,0.463418,0.5365794
7.593333333333334,0.463418,0.5365794
7.595,0.463418,0.5365794
7.596666666666667,0.463418,0.5365794
7.598333333333334,0.463418,0.5365794
7.6,0.463418,0.5365794
7.601666666666667,0.463418,0.5365794
7.6033333333333335,0.463418,0.5365794
7.605,0.463418,0.5365794
7.6066666666666665,0.463418,0.5365794
7.608333333333333,0.4634186,0.5365794
7.61,0.4634186,0.5365794
7.611666666666666,0.4634186,0.5365794
7.613333333333333,0.4634186,0.5365794
7.615,0.4634186,0.5365794
7.616666666666666,0.4634186,0.5365794
7.618333333333333,0.4634186,0.5365794
7.62,0.4634186,0.5365794
7.621666666666667,0.4634186,0.5365794
7.623333333333333,0.4634186,0.5365794
7.625,0.4634186,0.5365794
7.626666666666667,0.4634186,0.5365794
7.628333333333333,0.4634186,0.5365794
7.63,0.4634186,0.5365794
7.631666666666667,0.4634186,0.5365794
7.633333333333334,0.4634186,0.5365794
7.635,0.4634186,0.5365794
7.636666666666667,0.4634186,0.5365794
7.638333333333334,0.4634186,0.5365794
7.64,0.4634186,0.5365794
7.641666666666667,0.4634186,0.5365794
7.6433333333333335,0.4634186,0.5365794
7.645,0.4634186,0.5365794
7.6466666666666665,0.4634186,0.5365794
7.648333333333333,0.4634186,0.5365794
7.65,0.4634186,0.5365794
7.651666666666666,0.4634186,0.5365794
7.653333333333333,0.4634186,0.5365794
7.655,0.4634186,0.5365794
7.656666666666666,0.4634186,0.5365794
7.658333333333333,0.4634186,0.5365794
7.66,0.4634186,0.5365794
7.661666666666667,0.4634186,0.5365794
7.663333333333333,0.4634186,0.5365794
7.665,0.4634186,0.5365794
7.666666666666667,0.4634186,0.5365794
7.668333333333333,0.4634186,0.5365794
7.67,0.4634186,0.5365794
7.671666666666667,0.4634186,0.5365794
7.673333333333333,0.4634186,0.5365794
7.675,0.4634186,0.5365794
7.676666666666667,0.4634186,0.5365794
7.678333333333334,0.4634186,0.5365794
7.68,0.4634186,0.5365794
7.681666666666667,0.4634186,0.5365794
7.683333333333334,0.4634186,0.5365794
7.685,0.4634186,0.5365794
7.6866666666666665,0.4634186,0.5365794
7.6883333333333335,0.4634186,0.5365794
7.69,0.4634186,0.5365794
7.691666666666666,0.4634186,0.5365794
7.693333333333333,0.4634186,0.5365794
7.695,0.4634186,0.5365794
7.696666666666666,0.4634186,0.5365794
7.698333333333333,0.4634186,0.5365794
7.7,0.4634186,0.5365794
7.701666666666667,0.4634186,0.5365794
7.703333333333333,0.4634186,0.5365794
7.705,0.4634186,0.5365794
7.706666666666667,0.4634186,0.5365794
7.708333333333333,0.4634186,0.5365794
7.71,0.4634186,0.5365794
7.711666666666667,0.4634186,0.5365794
7.713333333333333,0.4634186,0.5365794
7.715,0.4634186,0.5365794
7.716666666666667,0.4634186,0.5365794
7.718333333333334,0.4634186,0.5365794
7.72,0.4634186,0.5365794
7.721666666666667,0.4634186,0.5365794
7.723333333333334,0.4634186,0.5365794
7.725,0.4634186,0.5365794
7.726666666666667,0.4634186,0.5365794
7.7283333333333335,0.4634186,0.5365794
7.73,0.4634186,0.5365794
7.7316666666666665,0.4634186,0.5365794
7.733333333333333,0.4634186,0.5365794
7.735,0.4634186,0.5365794
7.736666666666666,0.4634186,0.5365794
7.738333333333333,0.4634186,0.5365794
7.74,0.4634186,0.5365794
7.741666666666666,0.4634186,0.5365794
7.743333333333333,0.4634186,0.5365794
7.745,0.4634186,0.5365794
7.746666666666667,0.4634186,0.5365794
7.748333333333333,0.4634186,0.5365794
7.75,0.4634186,0.5365794
7.751666666666667,0.4634186,0.5365794
7.753333333333333,0.4634186,0.5365794
7.755,0.4634186,0.5365794
7.756666666666667,0.463419,0.5365794
7.758333333333334,0.463419,0.5365794
7.76,0.463419,0.5365794
7.761666666666667,0.463419,0.5365794
7.763333333333334,0.463419,0.5365794
7.765,0.463419,0.5365794
7.766666666666667,0.463419,0.5365794
7.7683333333333335,0.463419,0.5365794
7.77,0.463419,0.5365794
7.7716666666666665,0.463419,0.5365794
7.773333333333333,0.463419,0.5365794
7.775,0.463419,0.5365794
7.776666666666666,0.463419,0.5365794
7.778333333333333,0.463419,0.5365794
7.78,0.463419,0.5365794
7.781666666666666,0.463419,0.5365794
7.783333333333333,0.463419,0.5365794
7.785,0.463419,0.5365794
7.786666666666667,0.463419,0.5365794
7.788333333333333,0.463419,0.5365794
7.79,0.463419,0.5365794
7.791666666666667,0.463419,0.5365794
7.793333333333333,0.463419,0.5365794
7.795,0.463419,0.5365794
7.796666666666667,0.463419,0.5365794
7.798333333333333,0.463419,0.5365794
7.8,0.463419,0.5365794
7.801666666666667,0.463419,0.5365794
7.803333333333334,0.463419,0.5365794
7.805,0.463419,0.5365794
7.806666666666667,0.463419,0.5365794
7.808333333333334,0.463419,0.5365794
7.81,0.463419,0.5365794
7.8116666666666665,0.463419,0.5365794
7.8133333333333335,0.463419,0.5365794
7.815,0.463419,0.5365794
7.816666666666666,0.463419,0.5365794
7.818333333333333,0.463419,0.5365794
7.82,0.463419,0.5365794
7.821666666666666,0.463419,0.5365794
7.823333333333333,0.463419,0.5365794
7.825,0.463419,0.5365794
7.826666666666667,0.463419,0.5365794
7.828333333333333,0.463419,0.5365794
7.83,0.463419,0.5365794
7.831666666666667,0.463419,0.5365794
7.833333333333333,0.463419,0.5365794
7.835,0.463419,0.5365794
7.836666666666667,0.463419,0.5365794
7.838333333333333,0.463419,0.5365794
7.84,0.463419,0.5365794
7.841666666666667,0.463419,0.5365794
7.843333333333334,0.463419,0.5365794
7.845,0.463419,0.5365794
7.846666666666667,0.463419,0.5365794
7.848333333333334,0.463419,0.5365794
7.85,0.463419,0.5365794
7.851666666666667,0.463419,0.5365794
7.8533333333333335,0.463419,0.5365794
7.855,0.463419,0.5365794
7.8566666666666665,0.463419,0.5365794
7.858333333333333,0.463419,0.5365794
7.86,0.463419,0.5365794
7.861666666666666,0.463419,0.5365794
7.863333333333333,0.463419,0.5365794
7.865,0.463419,0.5365794
7.866666666666666,0.463419,0.5365794
7.868333333333333,0.463419,0.5365794
7.87,0.463419,0.5365794
7.871666666666667,0.463419,0.5365794
7.873333333333333,0.463419,0.5365794
7.875,0.463419,0.5365794
7.876666666666667,0.463419,0.5365794
7.878333333333333,0.463419,0.5365794
7.88,0.463419,0.5365794
7.881666666666667,0.463419,0.5365794
7.883333333333334,0.463419,0.5365794
7.885,0.463419,0.5365794
7.886666666666667,0.463419,0.5365794
7.888333333333334,0.463419,0.5365794
7.89,0.463419,0.5365794
7.891666666666667,0.463419,0.5365794
7.8933333333333335,0.463419,0.5365794
7.895,0.463419,0.5365794
7.8966666666666665,0.463419,0.5365794
7.898333333333333,0.463419,0.5365794
7.9,0.463419,0.5365794
7.901666666666666,0.463419,0.5365794
7.903333333333333,0.463419,0.5365794
7.905,0.463419,0.5365794
7.906666666666666,0.463419,0.5365794
7.908333333333333,0.463419,0.5365794
7.91,0.463419,0.5365794
7.911666666666667,0.463419,0.5365794
7.913333333333333,0.463419,0.5365794
7.915,0.463419,0.5365794
7.916666666666667,0.463419,0.5365794
7.918333333333333,0.463419,0.5365794
7.92,0.463419,0.5365794
7.921666666666667,0.463419,0.5365794
7.923333333333333,0.463419,0.5365794
7.925,0.463419,0.5365794
7.926666666666667,0.463419,0.5365794
7.928333333333334,0.463419,0.5365794
7.93,0.463419,0.5365794
7.931666666666667,0.463419,0.5365794
7.933333333333334,0.463419,0.5365794
7.935,0.463419,0.5365794
7.9366666666666665,0.463419,0.5365794
7.9383333333333335,0.463419,0.5365794
7.94,0.463419,0.5365794
7.941666666666666,0.463419,0.5365794
7.943333333333333,0.463419,0.5365794
7.945,0.463419,0.5365794
7.946666666666666,0.463419,0.5365794
7.948333333333333,0.463419,0.5365794
7.95,0.463419,0.5365794
7.951666666666667,0.463419,0.5365794
7.953333333333333,0.463419,0.5365794
7.955,0.463419,0.5365794
7.956666666666667,0.463419,0.5365794
7.958333333333333,0.463419,0.5365794
7.96,0.463419,0.5365794
7.961666666666667,0.463419,0.5365794
7.963333333333333,0.463419,0.5365794
7.965,0.463419,0.5365794
7.966666666666667,0.463419,0.5365794
7.968333333333334,0.463419,0.5365794
7.97,0.463419,0.5365794
7.971666666666667,0.463419,0.5365794
7.973333333333334,0.463419,0.5365794
7.975,0.463419,0.5365794
7.976666666666667,0.463419,0.5365794
7.9783333333333335,0.463419,0.5365794
7.98,0.463419,0.5365794
7.9816666666666665,0.463419,0.5365794
7.983333333333333,0.463419,0.5365794
7.985,0.463419,0.5365794
7.986666666666666,0.463419,0.5365794
7.988333333333333,0.463419,0.5365794
7.99,0.463419,0.5365794
7.991666666666666,0.463419,0.5365794
7.993333333333333,0.463419,0.5365794
7.995,0.463419,0.5365794
7.996666666666667,0.463419,0.5365794
7.998333333333333,0.463419,0.5365794
8.0,0.463419,0.5365794
8.001666666666667,0.463419,0.5365794
8.003333333333334,0.463419,0.5365794
8.005,0.463419,0.5365794
8.006666666666666,0.463419,0.5365794
8.008333333333333,0.463419,0.5365794
8.01,0.463419,0.5365794
8.011666666666667,0.463419,0.5365794
8.013333333333334,0.463419,0.5365794
8.015,0.463419,0.5365794
8.016666666666667,0.463419,0.5365794
8.018333333333333,0.463419,0.5365794
8.02,0.463419,0.5365794
8.021666666666667,0.463419,0.5365794
8.023333333333333,0.463419,0.5365794
8.025,0.463419,0.5365794
8.026666666666667,0.463419,0.5365794
8.028333333333334,0.463419,0.5365794
8.03,0.463419,0.5365794
8.031666666666666,0.463419,0.5365794
8.033333333333333,0.463419,0.5365794
8.035,0.463419,0.5365794
8.036666666666667,0.463419,0.5365794
8.038333333333334,0.463419,0.5365794
8.04,0.463419,0.5365794
8.041666666666666,0.463419,0.5365794
8.043333333333333,0.463419,0.5365794
8.045,0.463419,0.5365794
8.046666666666667,0.463419,0.5365794
8.048333333333334,0.463419,0.5365794
8.05,0.463419,0.5365794
8.051666666666666,0.463419,0.5365794
8.053333333333333,0.463419,0.5365794
8.055,0.463419,0.5365794
8.056666666666667,0.463419,0.5365794
8.058333333333334,0.463419,0.5365794
8.06,0.463419,0.5365794
8.061666666666667,0.463419,0.5365794
8.063333333333333,0.463419,0.5365794
8.065,0.463419,0.5365794
8.066666666666666,0.463419,0.5365794
8.068333333333333,0.463419,0.5365794
8.07,0.463419,0.5365794
8.071666666666667,0.463419,0.5365794
8.073333333333334,0.463419,0.5365794
8.075,0.463419,0.5365794
8.076666666666666,0.463419,0.5365794
8.078333333333333,0.463419,0.5365794
8.08,0.463419,0.5365794
8.081666666666667,0.463419,0.5365794
8.083333333333334,0.463419,0.5365794
8.085,0.463419,0.5365794
8.086666666666666,0.463419,0.5365794
8.088333333333333,0.463419,0.5365794
8.09,0.463419,0.5365794
8.091666666666667,0.463419,0.5365794
8.093333333333334,0.463419,0.5365794
8.095,0.463419,0.5365794
8.096666666666666,0.463419,0.5365794
8.098333333333333,0.463419,0.5365794
8.1,0.463419,0.5365794
8.101666666666667,0.463419,0.5365794
8.103333333333333,0.463419,0.5365794
8.105,0.463419,0.5365794
8.106666666666667,0.463419,0.5365794
8.108333333333333,0.463419,0.5365794
8.11,0.463419,0.5365794
8.111666666666666,0.463419,0.5365794
8.113333333333333,0.463419,0.5365794
8.115,0.463419,0.5365794
8.116666666666667,0.463419,0.5365794
8.118333333333334,0.463419,0.5365794
8.12,0.463419,0.5365794
8.121666666666666,0.463419,0.5365794
8.123333333333333,0.463419,0.5365794
8.125,0.463419,0.5365794
8.126666666666667,0.463419,0.5365794
8.128333333333334,0.463419,0.5365794
8.13,0.463419,0.5365794
8.131666666666666,0.463419,0.5365794
8.133333333333333,0.463419,0.5365794
8.135,0.463419,0.5365794
8.136666666666667,0.463419,0.5365794
8.138333333333334,0.463419,0.5365794
8.14,0.463419,0.5365794
8.141666666666667,0.463419,0.5365794
8.143333333333333,0.463419,0.5365794
8.145,0.463419,0.5365794
8.146666666666667,0.463419,0.5365794
8.148333333333333,0.463419,0.5365794
8.15,0.463419,0.5365794
8.151666666666667,0.463419,0.5365794
8.153333333333334,0.463419,0.5365794
8.155,0.463419,0.5365794
8.156666666666666,0.463419,0.5365794
8.158333333333333,0.463419,0.5365794
8.16,0.463419,0.5365794
8.161666666666667,0.463419,0.5365794
8.163333333333334,0.463419,0.5365794
8.165,0.463419,0.5365794
8.166666666666666,0.463419,0.5365794
8.168333333333333,0.463419,0.5365794
8.17,0.463419,0.5365794
8.171666666666667,0.463419,0.5365794
8.173333333333334,0.463419,0.5365794
8.175,0.463419,0.5365794
8.176666666666666,0.463419,0.5365794
8.178333333333333,0.463419,0.5365794
8.18,0.463419,0.5365794
8.181666666666667,0.463419,0.5365794
8.183333333333334,0.463419,0.5365794
8.185,0.463419,0.5365794
8.186666666666667,0.463419,0.5365794
8.188333333333333,0.463419,0.5365794
8.19,0.463419,0.5365794
8.191666666666666,0.463419,0.5365794
8.193333333333333,0.463419,0.5365794
8.195,0.463419,0.5365794
8.196666666666667,0.463419,0.5365794
8.198333333333334,0.463419,0.5365794
8.2,0.463419,0.5365794
8.201666666666666,0.463419,0.5365794
8.203333333333333,0.463419,0.5365794
8.205,0.463419,0.5365794
8.206666666666667,0.463419,0.5365794
8.208333333333334,0.463419,0.5365794
8.21,0.463419,0.5365794
8.211666666666666,0.463419,0.5365794
8.213333333333333,0.463419,0.5365794
8.215,0.463419,0.5365794
8.216666666666667,0.463419,0.5365794
8.218333333333334,0.463419,0.5365794
8.22,0.463419,0.5365794
8.221666666666666,0.463419,0.5365794
8.223333333333333,0.463419,0.5365794
8.225,0.463419,0.5365794
8.226666666666667,0.4634192,0.5365794
8.228333333333333,0.4634192,0.5365794
8.23,0.4634192,0.5365794
8.231666666666667,0.4634192,0.5365794
8.233333333333333,0.4634192,0.5365794
8.235,0.4634192,0.5365794
8.236666666666666,0.4634192,0.5365794
8.238333333333333,0.4634192,0.5365794
8.24,0.4634192,0.5365794
8.241666666666667,0.4634192,0.5365794
8.243333333333334,0.4634192,0.5365794
8.245,0.4634192,0.5365794
8.246666666666666,0.4634192,0.5365794
8.248333333333333,0.4634192,0.5365794
8.25,0.4634192,0.5365794
8.251666666666667,0.4634192,0.5365794
8.253333333333334,0.4634192,0.5365794
8.255,0.4634192,0.5365794
8.256666666666666,0.4634192,0.5365794
8.258333333333333,0.4634192,0.5365794
8.26,0.4634192,0.5365794
8.261666666666667,0.4634192,0.5365794
8.263333333333334,0.4634192,0.5365794
8.265,0.4634192,0.5365794
8.266666666666667,0.4634192,0.5365794
8.268333333333333,0.4634192,0.5365794
8.27,0.4634192,0.5365794
8.271666666666667,0.4634192,0.5365794
8.273333333333333,0.4634192,0.5365794
8.275,0.4634192,0.5365794
8.276666666666667,0.4634192,0.5365794
8.278333333333334,0.4634192,0.5365794
8.28,0.4634192,0.5365794
8.281666666666666,0.4634192,0.5365794
8.283333333333333,0.4634192,0.5365794
8.285,0.4634192,0.5365794
8.286666666666667,0.4634192,0.5365794
8.288333333333334,0.4634192,0.5365794
8.29,0.4634192,0.5365794
8.291666666666666,0.4634192,0.5365794
8.293333333333333,0.4634192,0.5365794
8.295,0.4634192,0.5365794
8.296666666666667,0.4634192,0.5365794
8.298333333333334,0.4634192,0.5365794
8.3,0.4634192,0.5365794
8.301666666666666,0.4634192,0.5365794
8.303333333333333,0.4634192,0.5365794
8.305,0.4634192,0.5365794
8.306666666666667,0.4634192,0.5365794
8.308333333333334,0.4634192,0.5365794
8.31,0.4634192,0.5365794
8.311666666666667,0.4634192,0.5365794
8.313333333333333,0.4634192,0.5365794
8.315,0.4634192,0.5365794
8.316666666666666,0.4634192,0.5365794
8.318333333333333,0.4634192,0.5365794
8.32,0.4634192,0.5365794
8.321666666666667,0.4634192,0.5365794
8.323333333333334,0.4634192,0.5365794
8.325,0.4634192,0.5365794
8.326666666666666,0.4634192,0.5365794
8.328333333333333,0.4634192,0.5365794
8.33,0.4634192,0.5365794
8.331666666666667,0.4634192,0.5365794
8.333333333333334,0.4634192,0.5365794
8.335,0.4634192,0.5365794
8.336666666666666,0.4634192,0.5365794
8.338333333333333,0.4634192,0.5365794
8.34,0.4634192,0.5365794
8.341666666666667,0.4634192,0.5365794
8.343333333333334,0.4634192,0.5365794
8.345,0.4634192,0.5365794
8.346666666666666,0.4634192,0.5365794
8.348333333333333,0.4634192,0.5365794
8.35,0.4634192,0.5365794
8.351666666666667,0.4634192,0.5365794
8.353333333333333,0.4634192,0.5365794
8.355,0.4634192,0.5365794
8.356666666666667,0.4634192,0.5365794
8.358333333333333,0.4634192,0.5365794
8.36,0.4634192,0.5365794
8.361666666666666,0.4634192,0.5365794
8.363333333333333,0.4634192,0.5365794
8.365,0.4634196,0.5365794
8.366666666666667,0.4634196,0.5365794
8.368333333333334,0.4634196,0.5365794
8.37,0.4634196,0.5365794
8.371666666666666,0.4634196,0.5365794
8.373333333333333,0.4634196,0.5365794
8.375,0.4634196,0.5365794
8.376666666666667,0.4634196,0.5365794
8.378333333333334,0.4634196,0.5365794
8.38,0.4634196,0.5365794
8.381666666666666,0.4634196,0.5365794
8.383333333333333,0.4634196,0.5365794
8.385,0.4634196,0.5365794
8.386666666666667,0.4634196,0.5365794
8.388333333333334,0.4634196,0.5365794
8.39,0.4634196,0.5365794
8.391666666666667,0.4634196,0.5365794
8.393333333333333,0.4634196,0.5365794
8.395,0.4634196,0.5365794
8.396666666666667,0.4634196,0.5365794
8.398333333333333,0.4634196,0.5365794
8.4,0.4634196,0.5365794
8.401666666666667,0.4634196,0.5365794
8.403333333333334,0.4634196,0.5365794
8.405,0.4634196,0.5365794
8.406666666666666,0.4634196,0.5365794
8.408333333333333,0.4634196,0.5365794
8.41,0.4634196,0.5365794
8.411666666666667,0.4634196,0.5365794
8.413333333333334,0.4634196,0.5365794
8.415,0.4634196,0.5365794
8.416666666666666,0.4634198,0.5365794
8.418333333333333,0.4634198,0.5365794
8.42,0.4634198,0.5365794
8.421666666666667,0.4634198,0.5365794
8.423333333333334,0.4634198,0.5365794
8.425,0.4634198,0.5365794
8.426666666666666,0.4634198,0.5365794
8.428333333333333,0.4634198,0.5365794
8.43,0.4634198,0.5365794
8.431666666666667,0.4634198,0.5365794
8.433333333333334,0.4634198,0.5365794
8.435,0.4634198,0.5365794
8.436666666666667,0.4634198,0.5365794
8.438333333333333,0.4634198,0.5365794
8.44,0.4634198,0.5365794
8.441666666666666,0.4634198,0.5365794
8.443333333333333,0.4634198,0.5365794
8.445,0.4634198,0.5365794
8.446666666666667,0.4634198,0.5365794
8.448333333333334,0.4634198,0.5365794
8.45,0.4634198,0.5365794
8.451666666666666,0.4634198,0.5365794
8.453333333333333,0.4634198,0.5365794
8.455,0.4634198,0.5365794
8.456666666666667,0.4634198,0.5365794
8.458333333333334,0.4634198,0.5365794
8.46,0.4634198,0.5365794
8.461666666666666,0.4634198,0.5365794
8.463333333333333,0.4634198,0.5365794
8.465,0.4634198,0.5365794
8.466666666666667,0.4634198,0.5365794
8.468333333333334,0.4634198,0.5365794
8.47,0.4634198,0.5365794
8.471666666666666,0.4634198,0.5365794
8.473333333333333,0.4634198,0.5365794
8.475,0.4634198,0.5365794
8.476666666666667,0.4634198,0.5365794
8.478333333333333,0.4634198,0.5365794
8.48,0.4634198,0.5365794
8.481666666666667,0.4634198,0.5365794
8.483333333333333,0.4634198,0.5365794
8.485,0.4634198,0.5365794
8.486666666666666,0.4634198,0.5365794
8.488333333333333,0.4634198,0.5365794
8.49,0.4634198,0.5365794
8.491666666666667,0.4634198,0.5365794
8.493333333333334,0.4634198,0.5365794
8.495,0.4634198,0.5365794
8.496666666666666,0.4634198,0.5365794
8.498333333333333,0.4634198,0.5365794
8.5,0.4634198,0.5365794
8.501666666666667,0.4634198,0.5365794
8.503333333333334,0.4634198,0.5365794
8.505,0.4634198,0.5365794
8.506666666666666,0.4634198,0.5365794
8.508333333333333,0.4634198,0.5365794
8.51,0.4634198,0.5365794
8.511666666666667,0.4634198,0.5365794
8.513333333333334,0.4634198,0.5365794
8.515,0.4634198,0.5365794
8.516666666666667,0.4634198,0.5365794
8.518333333333333,0.4634198,0.5365794
8.52,0.4634198,0.5365794
8.521666666666667,0.4634198,0.5365794
8.523333333333333,0.4634198,0.5365794
8.525,0.4634198,0.5365794
8.526666666666667,0.4634198,0.5365794
8.528333333333334,0.4634198,0.5365794
8.53,0.4634198,0.5365794
8.531666666666666,0.4634198,0.5365794
8.533333333333333,0.4634198,0.5365794
8.535,0.4634198,0.5365794
8.536666666666667,0.4634198,0.5365794
8.538333333333334,0.4634198,0.5365794
8.54,0.4634198,0.5365794
8.541666666666666,0.4634198,0.5365794
8.543333333333333,0.4634198,0.5365794
8.545,0.4634198,0.5365794
8.546666666666667,0.4634198,0.5365794
8.548333333333334,0.4634198,0.5365794
8.55,0.4634198,0.5365794
8.551666666666666,0.4634198,0.5365794
8.553333333333333,0.4634198,0.5365794
8.555,0.4634198,0.5365794
8.556666666666667,0.4634198,0.5365794
8.558333333333334,0.4634198,0.5365794
8.56,0.4634198,0.5365794
8.561666666666667,0.4634198,0.5365794
8.563333333333333,0.4634198,0.5365794
8.565,0.4634198,0.5365794
8.566666666666666,0.4634198,0.5365794
8.568333333333333,0.4634198,0.5365794
8.57,0.4634198,0.5365794
8.571666666666667,0.4634198,0.5365794
8.573333333333334,0.4634198,0.5365794
8.575,0.4634198,0.5365794
8.576666666666666,0.4634198,0.5365794
8.578333333333333,0.4634198,0.5365794
8.58,0.4634198,0.5365794
8.581666666666667,0.4634198,0.5365794
8.583333333333334,0.4634198,0.5365794
8.585,0.4634198,0.5365794
8.586666666666666,0.4634198,0.5365794
8.588333333333333,0.4634198,0.5365794
8.59,0.4634198,0.5365794
8.591666666666667,0.4634198,0.5365794
8.593333333333334,0.4634198,0.5365794
8.595,0.4634198,0.5365794
8.596666666666666,0.4634198,0.5365794
8.598333333333333,0.4634198,0.5365794
8.6,0.4634198,0.5365794
8.601666666666667,0.4634198,0.5365794
8.603333333333333,0.4634198,0.5365794
8.605,0.4634198,0.5365794
8.606666666666667,0.4634198,0.5365794
8.608333333333333,0.4634198,0.5365794
8.61,0.4634198,0.5365794
8.611666666666666,0.4634198,0.5365794
8.613333333333333,0.4634198,0.5365794
8.615,0.4634198,0.5365794
8.616666666666667,0.4634198,0.5365794
8.618333333333334,0.4634198,0.5365794
8.62,0.4634198,0.5365794
8.621666666666666,0.4634198,0.5365794
8.623333333333333,0.4634198,0.5365794
8.625,0.4634198,0.5365794
8.626666666666667,0.4634198,0.5365794
8.628333333333334,0.4634198,0.5365794
8.63,0.4634198,0.5365794
8.631666666666666,0.4634198,0.5365794
8.633333333333333,0.4634198,0.5365794
8.635,0.4634198,0.5365794
8.636666666666667,0.4634198,0.5365794
8.638333333333334,0.4634198,0.5365794
8.64,0.4634198,0.5365794
8.641666666666667,0.4634198,0.5365794
8.643333333333333,0.4634198,0.5365794
8.645,0.4634198,0.5365794
8.646666666666667,0.4634198,0.5365794
8.648333333333333,0.4634198,0.5365794
8.65,0.4634198,0.5365794
8.651666666666667,0.4634198,0.5365794
8.653333333333334,0.4634198,0.5365794
8.655,0.4634198,0.5365794
8.656666666666666,0.4634198,0.5365794
8.658333333333333,0.4634198,0.5365794
8.66,0.4634198,0.5365794
8.661666666666667,0.4634198,0.5365794
8.663333333333334,0.4634198,0.5365794
8.665,0.4634198,0.5365794
8.666666666666666,0.4634198,0.5365794
8.668333333333333,0.4634198,0.5365794
8.67,0.4634198,0.5365794
8.671666666666667,0.4634198,0.5365794
8.673333333333334,0.4634198,0.5365794
8.675,0.4634198,0.5365794
8.676666666666666,0.4634198,0.5365794
8.678333333333333,0.4634198,0.5365794
8.68,0.4634198,0.5365794
8.681666666666667,0.4634198,0.5365794
8.683333333333334,0.4634198,0.5365794
8.685,0.4634198,0.5365794
8.686666666666667,0.4634198,0.5365794
8.688333333333333,0.4634198,0.5365794
8.69,0.4634198,0.5365794
8.691666666666666,0.4634198,0.5365794
8.693333333333333,0.4634198,0.5365794
8.695,0.4634198,0.5365794
8.696666666666667,0.4634198,0.5365794
8.698333333333334,0.4634198,0.5365794
8.7,0.4634198,0.5365794
8.701666666666666,0.4634198,0.5365794
8.703333333333333,0.4634198,0.5365794
8.705,0.4634198,0.5365794
8.706666666666667,0.4634198,0.5365794
8.708333333333334,0.4634198,0.5365794
8.71,0.4634198,0.5365794
8.711666666666666,0.4634198,0.5365794
8.713333333333333,0.4634198,0.5365794
8.715,0.4634198,0.5365794
8.716666666666667,0.4634198,0.5365794
8.718333333333334,0.4634198,0.5365794
8.72,0.4634198,0.5365794
8.721666666666666,0.4634198,0.5365794
8.723333333333333,0.4634198,0.5365794
8.725,0.4634198,0.5365794
8.726666666666667,0.4634198,0.5365794
8.728333333333333,0.4634198,0.5365794
8.73,0.4634198,0.5365794
8.731666666666667,0.4634198,0.5365794
8.733333333333333,0.4634198,0.5365794
8.735,0.4634198,0.5365794
8.736666666666666,0.4634198,0.5365794
8.738333333333333,0.4634198,0.5365794
8.74,0.4634198,0.5365794
8.741666666666667,0.4634198,0.5365794
8.743333333333334,0.4634198,0.5365794
8.745,0.4634198,0.5365794
8.746666666666666,0.4634198,0.5365794
8.748333333333333,0.4634198,0.5365794
8.75,0.4634198,0.5365794
8.751666666666667,0.4634198,0.5365794
8.753333333333334,0.4634198,0.5365794
8.755,0.4634198,0.5365794
8.756666666666666,0.4634198,0.5365794
8.758333333333333,0.4634198,0.5365794
8.76,0.4634198,0.5365794
8.761666666666667,0.4634198,0.5365794
8.763333333333334,0.4634198,0.5365794
8.765,0.4634198,0.5365794
8.766666666666667,0.4634198,0.5365794
8.768333333333333,0.4634198,0.5365794
8.77,0.4634198,0.5365794
8.771666666666667,0.4634198,0.5365794
8.773333333333333,0.4634198,0.5365794
8.775,0.4634198,0.5365794
8.776666666666667,0.4634198,0.5365794
8.778333333333334,0.4634198,0.5365794
8.78,0.4634198,0.5365794
8.781666666666666,0.4634198,0.5365794
8.783333333333333,0.4634198,0.5365794
8.785,0.4634198,0.5365794
8.786666666666667,0.4634198,0.5365794
8.788333333333334,0.4634198,0.5365794
8.79,0.4634198,0.5365794
8.791666666666666,0.4634198,0.5365794
8.793333333333333,0.4634198,0.5365794
8.795,0.4634198,0.5365794
8.796666666666667,0.4634198,0.5365794
8.798333333333334,0.4634198,0.5365794
8.8,0.4634198,0.5365794
8.801666666666666,0.4634198,0.5365794
8.803333333333333,0.4634198,0.5365794
8.805,0.4634198,0.5365794
8.806666666666667,0.4634198,0.5365794
8.808333333333334,0.4634198,0.5365794
8.81,0.4634198,0.5365794
8.811666666666667,0.4634198,0.5365794
8.813333333333333,0.4634198,0.5365794
8.815,0.4634198,0.5365794
8.816666666666666,0.4634198,0.5365794
8.818333333333333,0.4634198,0.5365794
8.82,0.4634198,0.5365794
8.821666666666667,0.4634198,0.5365794
8.823333333333334,0.4634198,0.5365794
8.825,0.4634198,0.5365794
8.826666666666666,0.4634198,0.5365794
8.828333333333333,0.4634198,0.5365794
8.83,0.4634198,0.5365794
8.831666666666667,0.4634198,0.5365794
8.833333333333334,0.4634198,0.5365794
8.835,0.4634198,0.5365794
8.836666666666666,0.4634198,0.5365794
8.838333333333333,0.4634198,0.5365794
8.84,0.4634198,0.5365794
8.841666666666667,0.4634198,0.5365794
8.843333333333334,0.4634198,0.5365794
8.845,0.4634198,0.5365794
8.846666666666666,0.4634198,0.5365794
8.848333333333333,0.4634198,0.5365794
8.85,0.4634198,0.5365794
8.851666666666667,0.4634198,0.5365794
8.853333333333333,0.4634198,0.5365794
8.855,0.4634198,0.5365794
8.856666666666667,0.4634198,0.5365794
8.858333333333333,0.4634198,0.5365794
8.86,0.4634198,0.5365794
8.861666666666666,0.4634198,0.5365794
8.863333333333333,0.4634198,0.5365794
8.865,0.4634198,0.5365794
8.866666666666667,0.4634198,0.5365794
8.868333333333334,0.4634198,0.5365794
8.87,0.4634198,0.5365794
8.871666666666666,0.4634198,0.5365794
8.873333333333333,0.4634198,0.5365794
8.875,0.4634198,0.5365794
8.876666666666667,0.4634198,0.5365794
8.878333333333334,0.4634198,0.5365794
8.88,0.4634198,0.5365794
8.881666666666666,0.4634198,0.5365794
8.883333333333333,0.4634198,0.5365794
8.885,0.4634198,0.5365794
8.886666666666667,0.4634198,0.5365794
8.888333333333334,0.4634198,0.5365794
8.89,0.4634198,0.5365794
8.891666666666667,0.4634198,0.5365794
8.893333333333333,0.4634198,0.5365794
8.895,0.4634198,0.5365794
8.896666666666667,0.4634198,0.5365794
8.898333333333333,0.4634198,0.5365794
8.9,0.4634198,0.5365794
8.901666666666667,0.4634198,0.5365794
8.903333333333334,0.4634198,0.5365794
8.905,0.4634198,0.5365794
8.906666666666666,0.4634198,0.5365794
8.908333333333333,0.4634198,0.5365794
8.91,0.4634198,0.5365794
8.911666666666667,0.4634198,0.5365794
8.913333333333334,0.4634198,0.5365794
8.915,0.4634198,0.5365794
8.916666666666666,0.4634198,0.5365794
8.918333333333333,0.4634198,0.5365794
8.92,0.4634198,0.5365794
8.921666666666667,0.4634198,0.5365794
8.923333333333334,0.4634198,0.5365794
8.925,0.4634198,0.5365794
8.926666666666666,0.4634198,0.5365794
8.928333333333333,0.4634198,0.5365794
8.93,0.4634198,0.5365794
8.931666666666667,0.4634198,0.5365794
8.933333333333334,0.4634198,0.5365794
8.935,0.4634198,0.5365794
8.936666666666667,0.4634198,0.5365794
8.938333333333333,0.4634198,0.5365794
8.94,0.4634198,0.5365794
8.941666666666666,0.4634198,0.5365794
8.943333333333333,0.4634198,0.5365794
8.945,0.4634198,0.5365794
8.946666666666667,0.4634198,0.5365794
8.948333333333334,0.4634198,0.5365794
8.95,0.4634198,0.5365794
8.951666666666666,0.4634198,0.5365794
8.953333333333333,0.4634198,0.5365794
8.955,0.4634198,0.5365794
8.956666666666667,0.4634198,0.5365794
8.958333333333334,0.4634198,0.5365794
8.96,0.4634198,0.5365794
8.961666666666666,0.4634198,0.5365794
8.963333333333333,0.4634198,0.5365794
8.965,0.4634198,0.5365794
8.966666666666667,0.4634198,0.5365794
8.968333333333334,0.4634198,0.5365794
8.97,0.4634198,0.5365794
8.971666666666666,0.4634198,0.5365794
8.973333333333333,0.4634198,0.5365794
8.975,0.4634198,0.5365794
8.976666666666667,0.4634198,0.5365794
8.978333333333333,0.4634198,0.5365794
8.98,0.4634198,0.5365794
8.981666666666667,0.4634198,0.5365794
8.983333333333333,0.4634198,0.5365794
8.985,0.4634198,0.5365794
8.986666666666666,0.4634198,0.5365794
8.988333333333333,0.4634198,0.5365794
8.99,0.4634198,0.5365794
8.991666666666667,0.4634198,0.5365794
8.993333333333334,0.4634198,0.5365794
8.995,0.4634198,0.5365794
8.996666666666666,0.4634198,0.5365794
8.998333333333333,0.4634198,0.5365794
9.0,0.4634198,0.5365794
9.001666666666667,0.4634198,0.5365794
9.003333333333334,0.4634198,0.5365794
9.005,0.4634198,0.5365794
9.006666666666666,0.4634198,0.5365794
9.008333333333333,0.4634198,0.5365794
9.01,0.4634198,0.5365794
9.011666666666667,0.4634198,0.5365794
9.013333333333334,0.4634198,0.5365794
9.015,0.4634198,0.5365794
9.016666666666667,0.4634198,0.5365794
9.018333333333333,0.4634198,0.5365794
9.02,0.4634198,0.5365794
9.021666666666667,0.4634198,0.5365794
9.023333333333333,0.4634198,0.5365794
9.025,0.4634198,0.5365794
9.026666666666667,0.4634198,0.5365794
9.028333333333334,0.4634198,0.5365794
9.03,0.4634198,0.5365794
9.031666666666666,0.4634198,0.5365794
9.033333333333333,0.4634198,0.5365794
9.035,0.4634198,0.5365794
9.036666666666667,0.4634198,0.5365794
9.038333333333334,0.4634198,0.5365794
9.04,0.4634198,0.5365794
9.041666666666666,0.4634198,0.5365794
9.043333333333333,0.4634198,0.5365794
9.045,0.4634198,0.5365794
9.046666666666667,0.4634198,0.5365794
9.048333333333334,0.4634198,0.5365794
9.05,0.4634198,0.5365794
9.051666666666666,0.4634198,0.5365794
9.053333333333333,0.4634198,0.5365794
9.055,0.4634198,0.5365794
9.056666666666667,0.4634198,0.5365794
9.058333333333334,0.4634198,0.5365794
9.06,0.4634198,0.5365794
9.061666666666667,0.46342,0.5365794
9.063333333333333,0.46342,0.5365794
9.065,0.46342,0.5365794
9.066666666666666,0.46342,0.5365794
9.068333333333333,0.46342,0.5365794
9.07,0.46342,0.5365794
9.071666666666667,0.46342,0.5365794
9.073333333333334,0.46342,0.5365794
9.075,0.46342,0.5365794
9.076666666666666,0.46342,0.5365794
9.078333333333333,0.46342,0.5365794
9.08,0.46342,0.5365794
9.081666666666667,0.46342,0.5365794
9.083333333333334,0.46342,0.5365794
9.085,0.46342,0.5365794
9.086666666666666,0.46342,0.5365794
9.088333333333333,0.46342,0.5365794
9.09,0.46342,0.5365794
9.091666666666667,0.46342,0.5365794
9.093333333333334,0.46342,0.5365794
9.095,0.46342,0.5365794
9.096666666666666,0.46342,0.5365794
9.098333333333333,0.46342,0.5365794
9.1,0.46342,0.5365794
9.101666666666667,0.46342,0.5365794
9.103333333333333,0.46342,0.5365794
9.105,0.46342,0.5365794
9.106666666666667,0.46342,0.5365794
9.108333333333333,0.46342,0.5365794
9.11,0.46342,0.5365794
9.111666666666666,0.46342,0.5365794
9.113333333333333,0.46342,0.5365794
9.115,0.46342,0.5365794
9.116666666666667,0.46342,0.5365794
9.118333333333334,0.46342,0.5365794
9.12,0.46342,0.5365794
9.121666666666666,0.46342,0.5365794
9.123333333333333,0.46342,0.5365794
9.125,0.46342,0.5365794
9.126666666666667,0.46342,0.5365794
9.128333333333334,0.46342,0.5365794
9.13,0.46342,0.5365794
9.131666666666666,0.46342,0.5365794
9.133333333333333,0.46342,0.5365794
9.135,0.46342,0.5365794
9.136666666666667,0.46342,0.5365794
9.138333333333334,0.46342,0.5365794
9.14,0.46342,0.5365794
9.141666666666667,0.46342,0.5365794
9.143333333333333,0.46342,0.5365794
9.145,0.46342,0.5365794
9.146666666666667,0.46342,0.5365794
9.148333333333333,0.46342,0.5365794
9.15,0.46342,0.5365794
9.151666666666667,0.46342,0.5365794
9.153333333333334,0.46342,0.5365794
9.155,0.46342,0.5365794
9.156666666666666,0.46342,0.5365794
9.158333333333333,0.46342,0.5365794
9.16,0.46342,0.5365794
9.161666666666667,0.46342,0.5365794
9.163333333333334,0.46342,0.5365794
9.165,0.46342,0.5365794
9.166666666666666,0.46342,0.5365794
9.168333333333333,0.46342,0.5365794
9.17,0.46342,0.5365794
9.171666666666667,0.46342,0.5365794
9.173333333333334,0.46342,0.5365794
9.175,0.46342,0.5365794
9.176666666666666,0.46342,0.5365794
9.178333333333333,0.46342,0.5365794
9.18,0.46342,0.5365794
9.181666666666667,0.46342,0.5365794
9.183333333333334,0.46342,0.5365794
9.185,0.46342,0.5365794
9.186666666666667,0.46342,0.5365794
9.188333333333333,0.46342,0.5365794
9.19,0.46342,0.5365794
9.191666666666666,0.46342,0.5365794
9.193333333333333,0.46342,0.5365794
9.195,0.46342,0.5365794
9.196666666666667,0.46342,0.5365794
9.198333333333334,0.46342,0.5365794
9.2,0.46342,0.5365794
9.201666666666666,0.46342,0.5365794
9.203333333333333,0.46342,0.5365794
9.205,0.46342,0.5365794
9.206666666666667,0.46342,0.5365794
9.208333333333334,0.46342,0.5365794
9.21,0.46342,0.5365794
9.211666666666666,0.46342,0.5365794
9.213333333333333,0.46342,0.5365794
9.215,0.46342,0.5365794
9.216666666666667,0.46342,0.5365794
9.218333333333334,0.46342,0.5365794
9.22,0.46342,0.5365794
9.221666666666666,0.46342,0.5365794
9.223333333333333,0.46342,0.5365794
9.225,0.46342,0.5365794
9.226666666666667,0.46342,0.5365794
9.228333333333333,0.46342,0.5365794
9.23,0.46342,0.5365794
9.231666666666667,0.46342,0.5365794
9.233333333333333,0.46342,0.5365794
9.235,0.46342,0.5365794
9.236666666666666,0.46342,0.5365794
9.238333333333333,0.46342,0.5365794
9.24,0.46342,0.5365794
9.241666666666667,0.46342,0.5365794
9.243333333333334,0.46342,0.5365794
9.245,0.46342,0.5365794
9.246666666666666,0.46342,0.5365794
9.248333333333333,0.46342,0.5365794
9.25,0.46342,0.5365794
9.251666666666667,0.46342,0.5365794
9.253333333333334,0.46342,0.5365794
9.255,0.46342,0.5365794
9.256666666666666,0.46342,0.5365794
9.258333333333333,0.46342,0.5365794
9.26,0.46342,0.5365794
9.261666666666667,0.46342,0.53658
9.263333333333334,0.46342,0.53658
9.265,0.46342,0.53658
9.266666666666667,0.46342,0.53658
9.268333333333333,0.46342,0.53658
9.27,0.46342,0.53658
9.271666666666667,0.46342,0.53658
9.273333333333333,0.46342,0.53658
9.275,0.46342,0.53658
9.276666666666667,0.46342,0.53658
9.278333333333334,0.46342,0.53658
9.28,0.46342,0.53658
9.281666666666666,0.46342,0.53658
9.283333333333333,0.46342,0.53658
9.285,0.46342,0.53658
9.286666666666667,0.46342,0.53658
9.288333333333334,0.46342,0.53658
9.29,0.46342,0.53658
9.291666666666666,0.46342,0.53658
9.293333333333333,0.46342,0.53658
9.295,0.46342,0.53658
9.296666666666667,0.46342,0.53658
9.298333333333334,0.46342,0.53658
9.3,0.46342,0.53658
9.301666666666666,0.46342,0.53658
9.303333333333333,0.46342,0.53658
9.305,0.46342,0.53658
9.306666666666667,0.46342,0.53658
9.308333333333334,0.46342,0.53658
9.31,0.46342,0.53658
9.311666666666667,0.46342,0.53658
9.313333333333333,0.46342,0.53658
9.315,0.46342,0.53658
9.316666666666666,0.46342,0.53658
9.318333333333333,0.46342,0.53658
9.32,0.46342,0.53658
9.321666666666667,0.46342,0.53658
9.323333333333334,0.46342,0.53658
9.325,0.46342,0.53658
9.326666666666666,0.46342,0.53658
9.328333333333333,0.46342,0.53658
9.33,0.46342,0.53658
9.331666666666667,0.46342,0.53658
9.333333333333334,0.46342,0.53658
9.335,0.46342,0.53658
9.336666666666666,0.46342,0.53658
9.338333333333333,0.46342,0.53658
9.34,0.46342,0.53658
9.341666666666667,0.46342,0.53658
9.343333333333334,0.46342,0.53658
9.345,0.46342,0.53658
9.346666666666666,0.46342,0.53658
9.348333333333333,0.46342,0.53658
9.35,0.46342,0.53658
9.351666666666667,0.46342,0.53658
9.353333333333333,0.46342,0.53658
9.355,0.46342,0.53658
9.356666666666667,0.46342,0.53658
9.358333333333333,0.46342,0.53658
9.36,0.46342,0.53658
9.361666666666666,0.46342,0.53658
9.363333333333333,0.46342,0.53658
9.365,0.46342,0.53658
9.366666666666667,0.46342,0.53658
9.368333333333334,0.46342,0.53658
9.37,0.46342,0.53658
9.371666666666666,0.46342,0.53658
9.373333333333333,0.46342,0.53658
9.375,0.46342,0.53658
9.376666666666667,0.46342,0.53658
9.378333333333334,0.46342,0.53658
9.38,0.46342,0.53658
9.381666666666666,0.46342,0.53658
9.383333333333333,0.46342,0.53658
9.385,0.46342,0.53658
9.386666666666667,0.46342,0.53658
9.388333333333334,0.46342,0.53658
9.39,0.46342,0.53658
9.391666666666667,0.46342,0.53658
9.393333333333333,0.46342,0.53658
9.395,0.46342,0.53658
9.396666666666667,0.46342,0.53658
9.398333333333333,0.46342,0.53658
9.4,0.46342,0.53658
9.401666666666667,0.46342,0.53658
9.403333333333334,0.46342,0.53658
9.405,0.46342,0.53658
9.406666666666666,0.46342,0.53658
9.408333333333333,0.46342,0.53658
9.41,0.46342,0.53658
9.411666666666667,0.46342,0.53658
9.413333333333334,0.46342,0.53658
9.415,0.46342,0.53658
9.416666666666666,0.46342,0.53658
9.418333333333333,0.46342,0.53658
9.42,0.46342,0.53658
9.421666666666667,0.46342,0.53658
9.423333333333334,0.46342,0.53658
9.425,0.46342,0.53658
9.426666666666666,0.46342,0.53658
9.428333333333333,0.46342,0.53658
9.43,0.46342,0.53658
9.431666666666667,0.46342,0.53658
9.433333333333334,0.46342,0.53658
9.435,0.46342,0.53658
9.436666666666667,0.46342,0.53658
9.438333333333333,0.46342,0.53658
9.44,0.46342,0.53658
9.441666666666666,0.46342,0.53658
9.443333333333333,0.46342,0.53658
9.445,0.46342,0.53658
9.446666666666667,0.46342,0.53658
9.448333333333334,0.46342,0.53658
9.45,0.46342,0.53658
9.451666666666666,0.46342,0.53658
9.453333333333333,0.46342,0.53658
9.455,0.46342,0.53658
9.456666666666667,0.46342,0.53658
9.458333333333334,0.46342,0.53658
9.46,0.46342,0.53658
9.461666666666666,0.46342,0.53658
9.463333333333333,0.46342,0.53658
9.465,0.46342,0.53658
9.466666666666667,0.46342,0.53658
9.468333333333334,0.46342,0.53658
9.47,0.46342,0.53658
9.471666666666666,0.46342,0.53658
9.473333333333333,0.46342,0.53658
9.475,0.46342,0.53658
9.476666666666667,0.46342,0.53658
9.478333333333333,0.46342,0.53658
9.48,0.46342,0.53658
9.481666666666667,0.46342,0.53658
9.483333333333333,0.46342,0.53658
9.485,0.46342,0.53658
9.486666666666666,0.46342,0.53658
9.488333333333333,0.46342,0.53658
9.49,0.46342,0.53658
9.491666666666667,0.46342,0.53658
9.493333333333334,0.46342,0.53658
9.495,0.46342,0.53658
9.496666666666666,0.46342,0.53658
9.498333333333333,0.46342,0.53658
9.5,0.46342,0.53658
9.501666666666667,0.46342,0.53658
9.503333333333334,0.46342,0.53658
9.505,0.46342,0.53658
9.506666666666666,0.46342,0.53658
9.508333333333333,0.46342,0.53658
9.51,0.46342,0.53658
9.511666666666667,0.46342,0.53658
9.513333333333334,0.46342,0.53658
9.515,0.46342,0.53658
9.516666666666667,0.46342,0.53658
9.518333333333333,0.46342,0.53658
9.52,0.46342,0.53658
9.521666666666667,0.46342,0.53658
9.523333333333333,0.46342,0.53658
9.525,0.46342,0.53658
9.526666666666667,0.46342,0.53658
9.528333333333334,0.46342,0.53658
9.53,0.46342,0.53658
9.531666666666666,0.46342,0.53658
9.533333333333333,0.46342,0.53658
9.535,0.46342,0.53658
9.536666666666667,0.46342,0.53658
9.538333333333334,0.46342,0.53658
9.54,0.46342,0.53658
9.541666666666666,0.46342,0.53658
9.543333333333333,0.46342,0.53658
9.545,0.46342,0.53658
9.546666666666667,0.46342,0.53658
9.548333333333334,0.46342,0.53658
9.55,0.46342,0.53658
9.551666666666666,0.46342,0.53658
9.553333333333333,0.46342,0.53658
9.555,0.46342,0.53658
9.556666666666667,0.46342,0.53658
9.558333333333334,0.46342,0.53658
9.56,0.46342,0.53658
9.561666666666667,0.46342,0.53658
9.563333333333333,0.46342,0.53658
9.565,0.46342,0.53658
9.566666666666666,0.46342,0.53658
9.568333333333333,0.46342,0.53658
9.57,0.46342,0.53658
9.571666666666667,0.46342,0.53658
9.573333333333334,0.46342,0.53658
9.575,0.46342,0.53658
9.576666666666666,0.46342,0.53658
9.578333333333333,0.46342,0.53658
9.58,0.46342,0.53658
9.581666666666667,0.46342,0.53658
9.583333333333334,0.46342,0.53658
9.585,0.46342,0.53658
9.586666666666666,0.46342,0.53658
9.588333333333333,0.46342,0.53658
9.59,0.46342,0.53658
9.591666666666667,0.46342,0.53658
9.593333333333334,0.46342,0.53658
9.595,0.46342,0.53658
9.596666666666666,0.46342,0.53658
9.598333333333333,0.46342,0.53658
9.6,0.46342,0.53658
9.601666666666667,0.46342,0.53658
9.603333333333333,0.46342,0.53658
9.605,0.46342,0.53658
9.606666666666667,0.46342,0.53658
9.608333333333333,0.46342,0.53658
9.61,0.46342,0.53658
9.611666666666666,0.46342,0.53658
9.613333333333333,0.46342,0.53658
9.615,0.46342,0.53658
9.616666666666667,0.46342,0.53658
9.618333333333334,0.46342,0.53658
9.62,0.46342,0.53658
9.621666666666666,0.46342,0.53658
9.623333333333333,0.46342,0.53658
9.625,0.46342,0.53658
9.626666666666667,0.46342,0.53658
9.628333333333334,0.46342,0.53658
9.63,0.46342,0.53658
9.631666666666666,0.46342,0.53658
9.633333333333333,0.46342,0.53658
9.635,0.46342,0.53658
9.636666666666667,0.46342,0.53658
9.638333333333334,0.46342,0.53658
9.64,0.46342,0.53658
9.641666666666667,0.46342,0.53658
9.643333333333333,0.46342,0.53658
9.645,0.46342,0.53658
9.646666666666667,0.46342,0.53658
9.648333333333333,0.46342,0.53658
9.65,0.46342,0.53658
9.651666666666667,0.46342,0.53658
9.653333333333334,0.46342,0.53658
9.655,0.46342,0.53658
9.656666666666666,0.46342,0.53658
9.658333333333333,0.46342,0.53658
9.66,0.46342,0.53658
9.661666666666667,0.46342,0.53658
9.663333333333334,0.46342,0.53658
9.665,0.46342,0.53658
9.666666666666666,0.46342,0.53658
9.668333333333333,0.46342,0.53658
9.67,0.46342,0.53658
9.671666666666667,0.46342,0.53658
9.673333333333334,0.46342,0.53658
9.675,0.46342,0.53658
9.676666666666666,0.46342,0.53658
9.678333333333333,0.46342,0.53658
9.68,0.46342,0.53658
9.681666666666667,0.46342,0.53658
9.683333333333334,0.46342,0.53658
9.685,0.46342,0.53658
9.686666666666667,0.46342,0.53658
9.688333333333333,0.46342,0.53658
9.69,0.46342,0.53658
9.691666666666666,0.46342,0.53658
9.693333333333333,0.46342,0.53658
9.695,0.46342,0.53658
9.696666666666667,0.46342,0.53658
9.698333333333334,0.46342,0.53658
9.7,0.46342,0.53658
9.701666666666666,0.46342,0.53658
9.703333333333333,0.46342,0.53658
9.705,0.46342,0.53658
9.706666666666667,0.46342,0.53658
9.708333333333334,0.46342,0.53658
9.71,0.46342,0.53658
9.711666666666666,0.46342,0.53658
9.713333333333333,0.46342,0.53658
9.715,0.46342,0.53658
9.716666666666667,0.46342,0.53658
9.718333333333334,0.46342,0.53658
9.72,0.46342,0.53658
9.721666666666666,0.46342,0.53658
9.723333333333333,0.46342,0.53658
9.725,0.46342,0.53658
9.726666666666667,0.46342,0.53658
9.728333333333333,0.46342,0.53658
9.73,0.46342,0.53658
9.731666666666667,0.46342,0.53658
9.733333333333333,0.46342,0.53658
9.735,0.46342,0.53658
9.736666666666666,0.46342,0.53658
9.738333333333333,0.46342,0.53658
9.74,0.46342,0.53658
9.741666666666667,0.46342,0.53658
9.743333333333334,0.46342,0.53658
9.745,0.46342,0.53658
9.746666666666666,0.46342,0.53658
9.748333333333333,0.46342,0.53658
9.75,0.46342,0.53658
9.751666666666667,0.46342,0.53658
9.753333333333334,0.46342,0.53658
9.755,0.46342,0.53658
9.756666666666666,0.46342,0.53658
9.758333333333333,0.46342,0.53658
9.76,0.46342,0.53658
9.761666666666667,0.46342,0.53658
9.763333333333334,0.46342,0.53658
9.765,0.46342,0.53658
9.766666666666667,0.46342,0.53658
9.768333333333333,0.46342,0.53658
9.77,0.46342,0.53658
9.771666666666667,0.46342,0.53658
9.773333333333333,0.46342,0.53658
9.775,0.46342,0.53658
9.776666666666667,0.46342,0.53658
9.778333333333334,0.46342,0.53658
9.78,0.46342,0.53658
9.781666666666666,0.46342,0.53658
9.783333333333333,0.46342,0.53658
9.785,0.46342,0.53658
9.786666666666667,0.46342,0.53658
9.788333333333334,0.46342,0.53658
9.79,0.46342,0.53658
9.791666666666666,0.46342,0.53658
9.793333333333333,0.46342,0.53658
9.795,0.46342,0.53658
9.796666666666667,0.46342,0.53658
9.798333333333334,0.46342,0.53658
9.8,0.46342,0.53658
9.801666666666666,0.46342,0.53658
9.803333333333333,0.46342,0.53658
9.805,0.46342,0.53658
9.806666666666667,0.46342,0.53658
9.808333333333334,0.46342,0.53658
9.81,0.46342,0.53658
9.811666666666667,0.46342,0.53658
9.813333333333333,0.46342,0.53658
9.815,0.46342,0.53658
9.816666666666666,0.46342,0.53658
9.818333333333333,0.46342,0.53658
9.82,0.46342,0.53658
9.821666666666667,0.46342,0.53658
9.823333333333334,0.46342,0.53658
9.825,0.46342,0.53658
9.826666666666666,0.46342,0.53658
9.828333333333333,0.46342,0.53658
9.83,0.46342,0.53658
9.831666666666667,0.46342,0.53658
9.833333333333334,0.46342,0.53658
9.835,0.46342,0.53658
9.836666666666666,0.46342,0.53658
9.838333333333333,0.46342,0.53658
9.84,0.46342,0.53658
9.841666666666667,0.46342,0.53658
9.843333333333334,0.46342,0.53658
9.845,0.46342,0.53658
9.846666666666666,0.46342,0.53658
9.848333333333333,0.46342,0.53658
9.85,0.46342,0.53658
9.851666666666667,0.46342,0.53658
9.853333333333333,0.46342,0.53658
9.855,0.46342,0.53658
9.856666666666667,0.46342,0.53658
9.858333333333333,0.46342,0.53658
9.86,0.46342,0.53658
9.861666666666666,0.46342,0.53658
9.863333333333333,0.46342,0.53658
9.865,0.46342,0.53658
9.866666666666667,0.46342,0.53658
9.868333333333334,0.46342,0.53658
9.87,0.46342,0.53658
9.871666666666666,0.46342,0.53658
9.873333333333333,0.46342,0.53658
9.875,0.46342,0.53658
9.876666666666667,0.46342,0.53658
9.878333333333334,0.46342,0.53658
9.88,0.46342,0.53658
9.881666666666666,0.46342,0.53658
9.883333333333333,0.46342,0.53658
9.885,0.46342,0.53658
9.886666666666667,0.46342,0.53658
9.888333333333334,0.46342,0.53658
9.89,0.46342,0.53658
9.891666666666667,0.46342,0.53658
9.893333333333333,0.46342,0.53658
9.895,0.46342,0.53658
9.896666666666667,0.46342,0.53658
9.898333333333333,0.46342,0.53658
9.9,0.46342,0.53658
9.901666666666667,0.46342,0.53658
9.903333333333334,0.46342,0.53658
9.905,0.46342,0.53658
9.906666666666666,0.46342,0.53658
9.908333333333333,0.46342,0.53658
9.91,0.46342,0.53658
9.911666666666667,0.46342,0.53658
9.913333333333334,0.46342,0.53658
9.915,0.46342,0.53658
9.916666666666666,0.46342,0.53658
9.918333333333333,0.46342,0.53658
9.92,0.46342,0.53658
9.921666666666667,0.46342,0.53658
9.923333333333334,0.46342,0.53658
9.925,0.46342,0.53658
9.926666666666666,0.46342,0.53658
9.928333333333333,0.46342,0.53658
9.93,0.46342,0.53658
9.931666666666667,0.46342,0.53658
9.933333333333334,0.46342,0.53658
9.935,0.46342,0.53658
9.936666666666667,0.46342,0.53658
9.938333333333333,0.46342,0.53658
9.94,0.46342,0.53658
9.941666666666666,0.46342,0.53658
9.943333333333333,0.46342,0.53658
9.945,0.46342,0.53658
9.946666666666667,0.46342,0.53658
9.948333333333334,0.46342,0.53658
9.95,0.46342,0.53658
9.951666666666666,0.46342,0.53658
9.953333333333333,0.46342,0.53658
9.955,0.46342,0.53658
9.956666666666667,0.46342,0.53658
9.958333333333334,0.46342,0.53658
9.96,0.46342,0.53658
9.961666666666666,0.46342,0.53658
9.963333333333333,0.46342,0.53658
9.965,0.46342,0.53658
9.966666666666667,0.46342,0.53658
9.968333333333334,0.46342,0.53658
9.97,0.46342,0.53658
9.971666666666666,0.46342,0.53658
9.973333333333333,0.46342,0.53658
9.975,0.46342,0.53658
9.976666666666667,0.46342,0.53658
9.978333333333333,0.46342,0.53658
9.98,0.46342,0.53658
9.981666666666667,0.46342,0.53658
9.983333333333333,0.46342,0.53658
9.985,0.46342,0.53658
9.986666666666666,0.46342,0.53658
9.988333333333333,0.46342,0.53658
9.99,0.46342,0.53658
9.991666666666667,0.46342,0.53658
9.993333333333334,0.46342,0.53658
9.995,0.46342,0.53658
9.996666666666666,0.46342,0.53658
9.998333333333333,0.46342,0.53658
10.0,0.46342,0.53658
