phase_2,phase_4
0.0,0.7705266
3.4e-6,0.7705538
9.2e-6,0.770578
1.32e-5,0.7706018
1.58e-5,0.7706254
1.92e-5,0.7706558
2.42e-5,0.77068
2.7e-5,0.7707052
3.14e-5,0.770733
3.54e-5,0.77076
4.16e-5,0.7707884
4.34e-5,0.7708126
4.94e-5,0.770837
5.44e-5,0.7708666
5.92e-5,0.7708944
6.3e-5,0.7709228
6.82e-5,0.7709514
7.1e-5,0.7709758
7.58e-5,0.7710066
7.88e-5,0.7710358
8.28e-5,0.771063
8.6e-5,0.7710916
9.16e-5,0.7711152
9.36e-5,0.7711386
9.78e-5,0.7711654
0.0001026,0.7711918
0.0001062,0.77122
0.0001092,0.7712428
0.0001132,0.7712724
0.0001178,0.7713032
0.0001196,0.771337
0.0001222,0.7713662
0.0001264,0.7713924
0.0001302,0.7714198
0.0001358,0.7714428
0.0001396,0.7714682
0.0001438,0.7714958
0.0001506,0.7715202
0.0001552,0.7715472
0.0001592,0.7715718
0.0001624,0.771596
0.0001666,0.7716158
0.0001706,0.7716458
0.0001772,0.7716724
0.000182,0.7716964
0.0001854,0.77173
0.0001886,0.7717628
0.0001924,0.7717832
0.0001956,0.7718084
0.0002014,0.771834
0.000205,0.7718638
0.0002096,0.7718904
0.0002142,0.7719192
0.0002172,0.7719478
0.000221,0.7719758
0.0002254,0.7720026
0.000228,0.7720294
0.0002316,0.7720628
0.0002354,0.7720896
0.0002362,0.7721212
0.0002384,0.7721466
0.000244,0.7721736
0.0002484,0.7721988
0.0002532,0.7722196
0.0002568,0.772243
0.0002606,0.7722738
0.000266,0.7723
0.0002698,0.7723196
0.000274,0.7723434
0.000276,0.7723742
0.0002824,0.7723982
0.0002882,0.7724228
0.0002916,0.7724456
0.0002958,0.7724714
0.0002996,0.7724914
0.0003042,0.7725218
0.0003084,0.7725452
0.0003102,0.7725738
0.000314,0.7726076
0.000319,0.7726278
0.0003228,0.7726526
0.0003242,0.7726826
0.0003298,0.7727094
0.0003352,0.772737
0.0003394,0.772763
0.0003436,0.7727876
0.0003498,0.7728174
0.000354,0.772853
0.0003592,0.7728812
0.0003638,0.7729044
0.0003664,0.7729288
0.0003704,0.772946
0.0003754,0.772969
0.000381,0.7729922
0.000383,0.7730212
0.0003888,0.7730488
0.000393,0.7730758
0.0003958,0.7731004
0.0003996,0.7731298
0.0004028,0.7731562
0.0004082,0.7731932
0.000412,0.7732198
0.0004166,0.773249
0.000422,0.7732732
0.0004286,0.773301
0.0004306,0.7733248
0.0004328,0.773355
0.0004388,0.7733772
0.0004424,0.7734042
0.0004484,0.7734304
0.000454,0.773455
0.0004584,0.7734738
0.00046,0.7735086
0.0004654,0.7735312
0.0004702,0.7735594
0.000475,0.7735858
0.0004798,0.7736136
0.0004838,0.7736398
0.0004864,0.7736602
0.0004936,0.773693
0.0004992,0.7737182
0.000505,0.7737468
0.0005084,0.7737682
0.0005126,0.7737944
0.0005188,0.77382
0.0005222,0.7738466
0.0005248,0.7738736
0.000528,0.7739
0.0005336,0.7739262
0.0005376,0.7739472
0.000542,0.7739716
0.0005458,0.773997
0.0005484,0.7740206
0.0005496,0.7740462
0.0005538,0.7740756
0.0005564,0.7741074
0.0005604,0.7741338
0.0005652,0.7741624
0.0005722,0.7741878
0.0005768,0.7742092
0.0005814,0.7742362
0.0005856,0.7742614
0.0005898,0.7742896
0.000595,0.774315
0.0005974,0.7743444
0.0006004,0.7743724
0.0006024,0.7744024
0.0006078,0.7744318
0.0006118,0.7744568
0.0006178,0.7744864
0.0006208,0.7745142
0.0006244,0.7745456
0.0006294,0.774574
0.0006358,0.7745964
0.0006426,0.7746236
0.0006464,0.7746558
0.0006508,0.7746836
0.0006528,0.7747046
0.0006562,0.7747308
0.0006598,0.774756
0.0006638,0.7747834
0.0006684,0.7748106
0.0006744,0.7748372
0.0006786,0.774859
0.0006834,0.7748778
0.0006866,0.7749038
0.000691,0.7749306
0.000696,0.7749582
0.0007004,0.7749822
0.000705,0.7750098
0.000707,0.7750344
0.000709,0.7750626
0.0007144,0.7750898
0.0007178,0.7751124
0.000721,0.7751338
0.000729,0.7751548
0.0007336,0.7751808
0.000739,0.7752046
0.0007426,0.7752314
0.0007462,0.7752602
0.00075,0.7752922
0.0007534,0.7753166
0.0007582,0.7753452
0.000766,0.7753712
0.0007686,0.775397
0.0007744,0.7754208
0.00078,0.7754492
0.0007838,0.7754784
0.0007886,0.7754998
0.0007936,0.7755248
0.0007972,0.7755498
0.000803,0.7755766
0.0008058,0.7756076
0.000808,0.7756348
0.0008126,0.7756606
0.0008168,0.7756856
0.0008206,0.775714
0.000824,0.7757388
0.0008296,0.7757586
0.0008328,0.7757868
0.0008374,0.775814
0.0008408,0.775835
0.000843,0.775856
0.0008476,0.7758786
0.0008526,0.7759074
0.0008568,0.7759358
0.0008644,0.7759578
0.0008698,0.7759842
0.0008754,0.7760118
0.000878,0.7760406
0.0008804,0.776065
0.0008852,0.776101
0.0008886,0.7761308
0.0008928,0.7761554
0.000895,0.7761862
0.0009006,0.776215
0.0009048,0.7762406
0.0009076,0.7762664
0.0009138,0.776294
0.0009164,0.7763182
0.0009202,0.7763392
0.0009236,0.7763656
0.0009268,0.7763942
0.0009308,0.7764276
0.0009342,0.7764642
0.0009392,0.7764864
0.0009418,0.7765144
0.0009458,0.7765442
0.0009502,0.7765664
0.0009556,0.7765908
0.0009602,0.7766174
0.000966,0.776641
0.0009706,0.7766662
0.0009766,0.7766892
0.0009812,0.776713
0.0009854,0.7767324
0.0009894,0.776763
0.0009932,0.7767906
0.0009956,0.7768176
0.001,0.7768436
0.001003,0.776868
0.0010062,0.7768914
0.0010122,0.776912
0.0010166,0.7769412
0.001019,0.7769682
0.001024,0.776997
0.0010284,0.7770224
0.0010322,0.7770488
0.0010364,0.777068
0.0010422,0.7770914
0.0010458,0.7771134
0.0010484,0.777139
0.0010524,0.7771664
0.0010566,0.7771872
0.00106,0.777215
0.0010642,0.777243
0.001069,0.7772664
0.0010706,0.7772912
0.0010758,0.7773192
0.0010808,0.7773454
0.0010852,0.7773696
0.0010902,0.7773948
0.001096,0.7774186
0.0011018,0.7774518
0.0011082,0.7774782
0.0011104,0.7775068
0.0011134,0.7775338
0.0011184,0.7775652
0.0011232,0.7775928
0.0011302,0.7776158
0.001137,0.7776448
0.0011398,0.777671
0.0011444,0.7776964
0.0011506,0.7777234
0.0011544,0.7777498
0.0011576,0.7777754
0.0011618,0.7777974
0.0011684,0.7778224
0.0011732,0.7778486
0.0011752,0.7778686
0.0011796,0.7779006
0.0011828,0.7779246
0.0011848,0.7779548
0.0011902,0.7779814
0.001195,0.7780106
0.0012,0.7780362
0.001202,0.7780614
0.0012046,0.7780848
0.0012084,0.7781086
0.0012148,0.7781404
0.0012202,0.7781768
0.0012262,0.7782052
0.0012304,0.7782306
0.0012356,0.7782596
0.0012402,0.7782798
0.0012458,0.7783052
0.001253,0.778328
0.0012578,0.778352
0.001262,0.778379
0.0012678,0.7784002
0.0012728,0.7784254
0.0012758,0.7784536
0.0012782,0.7784776
0.0012824,0.7784996
0.0012864,0.7785278
0.0012916,0.7785552
0.0012956,0.7785746
0.0012996,0.7785974
0.0013048,0.7786254
0.0013098,0.778649
0.0013154,0.778675
0.00132,0.7786972
0.0013238,0.7787276
0.001329,0.7787534
0.0013332,0.7787844
0.0013374,0.778806
0.0013416,0.7788296
0.0013474,0.7788524
0.0013516,0.7788788
0.0013566,0.7789052
0.0013584,0.7789276
0.0013616,0.7789512
0.001364,0.7789784
0.0013672,0.7790078
0.00137,0.779036
0.0013774,0.7790602
0.0013814,0.7790848
0.001385,0.7791058
0.0013888,0.7791308
0.0013912,0.779158
0.0013954,0.7791858
0.0013988,0.7792086
0.0014028,0.7792334
0.0014058,0.7792572
0.00141,0.7792906
0.0014142,0.7793152
0.0014172,0.77934
0.001421,0.7793666
0.0014246,0.7793976
0.00143,0.7794218
0.0014334,0.779442
0.0014372,0.7794628
0.001443,0.7794872
0.0014482,0.7795138
0.001456,0.7795352
0.00146,0.7795596
0.001463,0.7795878
0.0014674,0.7796176
0.0014722,0.7796428
0.001476,0.7796712
0.001481,0.7797018
0.0014858,0.7797274
0.0014902,0.779753
0.0014942,0.779778
0.0014982,0.7798004
0.0015024,0.7798272
0.0015066,0.7798502
0.0015132,0.7798736
0.0015146,0.779899
0.001519,0.779921
0.0015244,0.7799466
0.001527,0.779976
0.0015308,0.7799984
0.0015338,0.7800244
0.0015374,0.7800506
0.0015394,0.7800782
0.0015422,0.7801064
0.0015478,0.7801292
0.0015494,0.7801478
0.0015544,0.78018
0.0015604,0.7802056
0.0015658,0.7802268
0.0015698,0.7802474
0.0015758,0.7802702
0.0015832,0.7802898
0.0015872,0.7803108
0.0015912,0.7803328
0.0015956,0.7803556
0.0016002,0.7803804
0.0016026,0.780409
0.001605,0.7804334
0.0016076,0.7804596
0.0016132,0.7804836
0.0016178,0.780511
0.0016216,0.7805352
0.001625,0.7805582
0.0016284,0.7805876
0.0016328,0.780614
0.0016386,0.7806412
0.0016412,0.7806648
0.001647,0.7806976
0.00165,0.7807254
0.0016546,0.7807516
0.0016586,0.7807748
0.0016632,0.7808056
0.0016664,0.7808304
0.001669,0.7808534
0.0016736,0.7808732
0.001677,0.7808984
0.0016788,0.7809176
0.001683,0.7809472
0.001687,0.7809702
0.0016912,0.7809938
0.0016962,0.7810138
0.0016996,0.781038
0.001703,0.7810608
0.0017054,0.7810812
0.0017078,0.7811018
0.0017122,0.7811308
0.0017162,0.7811572
0.001721,0.7811844
0.0017244,0.7812118
0.0017284,0.7812362
0.0017314,0.7812606
0.001735,0.7812838
0.0017406,0.7813102
0.0017438,0.7813342
0.0017484,0.7813636
0.0017532,0.7813842
0.001758,0.7814122
0.0017618,0.7814364
0.0017678,0.7814586
0.0017722,0.7814854
0.0017772,0.7815084
0.0017802,0.7815356
0.001785,0.7815606
0.0017908,0.7815838
0.001797,0.781605
0.0018002,0.7816322
0.0018054,0.7816616
0.0018092,0.7816802
0.001812,0.7817058
0.0018148,0.7817278
0.00182,0.781749
0.0018248,0.7817698
0.001831,0.781791
0.0018324,0.7818194
0.0018364,0.781847
0.0018428,0.7818686
0.0018466,0.7818934
0.0018532,0.7819304
0.0018582,0.7819516
0.0018618,0.7819776
0.0018648,0.7820014
0.0018702,0.7820264
0.0018754,0.7820486
0.0018794,0.7820764
0.0018832,0.7821006
0.0018872,0.7821248
0.0018926,0.782152
0.0018958,0.7821736
0.0018998,0.7821982
0.0019022,0.7822226
0.001905,0.7822554
0.0019106,0.7822796
0.0019136,0.7823082
0.0019186,0.782334
0.0019232,0.7823648
0.0019276,0.782395
0.0019316,0.7824196
0.0019362,0.7824442
0.0019418,0.7824702
0.0019452,0.7824958
0.0019476,0.7825204
0.0019516,0.7825476
0.0019546,0.782577
0.0019576,0.7826022
0.0019636,0.7826314
0.001968,0.7826592
0.0019734,0.782688
0.0019762,0.7827146
0.0019794,0.7827396
0.0019824,0.7827688
0.001987,0.7827938
0.0019916,0.7828206
0.0019964,0.782848
0.0019996,0.782872
0.0020052,0.7829008
0.002011,0.7829238
0.0020142,0.7829514
0.002018,0.7829782
0.0020236,0.783004
0.0020272,0.7830264
0.00203,0.783055
0.0020342,0.7830898
0.0020388,0.7831156
0.0020428,0.7831358
0.0020476,0.7831692
0.0020514,0.7831938
0.0020546,0.7832174
0.0020602,0.7832504
0.002063,0.7832754
0.0020682,0.7832964
0.0020714,0.7833162
0.0020754,0.7833388
0.0020812,0.7833666
0.0020832,0.783392
0.002087,0.7834164
0.0020914,0.783443
0.0020936,0.7834646
0.0020962,0.783485
0.0021036,0.7835092
0.0021094,0.783538
0.0021148,0.7835702
0.0021198,0.7835938
0.0021244,0.7836218
0.0021292,0.7836458
0.0021332,0.7836728
0.0021368,0.7837036
0.0021402,0.7837346
0.0021412,0.783764
0.0021428,0.783795
0.0021482,0.7838222
0.0021514,0.78385
0.0021548,0.7838762
0.0021592,0.7839036
0.0021622,0.783928
0.0021648,0.7839484
0.0021704,0.7839786
0.0021738,0.7840054
0.0021758,0.7840294
0.0021794,0.7840534
0.0021856,0.7840808
0.0021896,0.78411
0.0021936,0.7841372
0.0021972,0.7841664
0.0021996,0.7841922
0.0022062,0.7842182
0.0022094,0.7842402
0.0022146,0.7842676
0.0022166,0.784295
0.0022192,0.7843176
0.0022232,0.7843434
0.0022268,0.784367
0.0022302,0.7843972
0.0022364,0.7844218
0.0022392,0.7844506
0.0022416,0.784473
0.0022438,0.784508
0.0022482,0.7845292
0.0022518,0.784552
0.0022554,0.784573
0.0022612,0.7845978
0.0022638,0.7846256
0.002269,0.7846582
0.0022736,0.7846838
0.0022772,0.7847138
0.002285,0.784737
0.0022878,0.784767
0.0022916,0.7847956
0.0022966,0.784821
0.0023026,0.784847
0.0023086,0.7848716
0.002313,0.7848978
0.0023178,0.7849252
0.0023234,0.784949
0.002327,0.7849738
0.002334,0.7849996
0.002341,0.7850264
0.0023452,0.7850454
0.0023502,0.78507
0.0023544,0.7850994
0.002359,0.7851244
0.0023626,0.7851494
0.0023678,0.7851748
0.0023734,0.785198
0.0023766,0.7852224
0.002382,0.7852522
0.0023852,0.7852754
0.0023896,0.785302
0.0023918,0.7853274
0.002396,0.7853528
0.0024004,0.7853816
0.0024038,0.7854058
0.0024074,0.7854334
0.0024112,0.785464
0.0024148,0.7854968
0.0024196,0.7855284
0.002424,0.7855496
0.0024278,0.7855732
0.0024314,0.7855984
0.002434,0.7856256
0.0024388,0.7856522
0.0024452,0.7856812
0.00245,0.7857042
0.0024534,0.7857266
0.002455,0.78575
0.00246,0.7857776
0.0024658,0.7857982
0.002469,0.7858228
0.002473,0.7858456
0.0024788,0.7858716
0.0024826,0.785892
0.0024854,0.7859172
0.0024874,0.7859438
0.0024904,0.785968
0.0024932,0.7859922
0.0024974,0.786019
0.0025018,0.7860462
0.0025058,0.7860728
0.0025106,0.786104
0.0025144,0.7861284
0.002517,0.7861506
0.0025202,0.7861738
0.002527,0.7862024
0.0025304,0.7862292
0.0025332,0.7862596
0.002537,0.7862866
0.0025402,0.7863076
0.0025446,0.7863362
0.0025486,0.7863562
0.0025542,0.7863814
0.002559,0.7864074
0.0025652,0.786431
0.0025684,0.7864522
0.0025704,0.7864704
0.0025764,0.786494
0.002579,0.7865118
0.0025816,0.786536
0.0025872,0.7865564
0.0025904,0.7865812
0.0025952,0.786609
0.0025974,0.7866424
0.0026008,0.7866702
0.002603,0.7866934
0.0026064,0.7867194
0.00261,0.786744
0.002612,0.7867628
0.0026174,0.7867838
0.0026208,0.7868134
0.0026274,0.7868376
0.0026338,0.7868626
0.0026374,0.7868884
0.0026422,0.7869096
0.0026482,0.7869362
0.0026518,0.7869606
0.0026564,0.7869884
0.0026594,0.7870106
0.002664,0.787039
0.002668,0.7870646
0.0026738,0.7870892
0.0026768,0.787125
0.0026798,0.7871538
0.0026832,0.787181
0.0026866,0.7872094
0.0026912,0.7872374
0.0026936,0.7872568
0.0026984,0.7872826
0.0027038,0.7873124
0.0027084,0.7873362
0.002715,0.7873616
0.0027182,0.787388
0.0027232,0.7874122
0.0027256,0.7874364
0.0027286,0.7874606
0.0027322,0.7874804
0.0027364,0.787508
0.0027428,0.7875362
0.0027476,0.787558
0.0027514,0.7875828
0.0027552,0.7876104
0.0027598,0.787632
0.0027648,0.7876636
0.0027688,0.78769
0.0027746,0.7877168
0.0027784,0.787741
0.002782,0.7877646
0.0027876,0.7877934
0.0027934,0.7878246
0.0028024,0.7878456
0.002809,0.7878708
0.0028152,0.787897
0.0028212,0.787919
0.0028246,0.7879438
0.0028266,0.7879698
0.0028328,0.7879938
0.002839,0.788021
0.0028418,0.7880382
0.0028452,0.7880654
0.0028466,0.7880902
0.0028504,0.7881186
0.0028558,0.7881426
0.0028596,0.7881704
0.0028642,0.7881988
0.002867,0.7882274
0.0028716,0.7882512
0.002875,0.788279
0.0028792,0.7883014
0.0028824,0.7883268
0.0028876,0.7883532
0.0028914,0.7883794
0.0028958,0.7884056
0.0028992,0.7884306
0.0029022,0.7884538
0.0029076,0.7884834
0.0029098,0.7885096
0.0029142,0.7885338
0.0029186,0.7885572
0.0029226,0.788581
0.0029294,0.7886094
0.002934,0.7886356
0.0029384,0.7886668
0.002942,0.7886926
0.002948,0.7887144
0.002951,0.788738
0.0029564,0.7887662
0.0029596,0.7887922
0.0029642,0.7888156
0.0029688,0.7888402
0.0029716,0.7888666
0.0029768,0.7888894
0.0029824,0.7889162
0.002988,0.7889424
0.002992,0.788971
0.0029952,0.788999
0.0029988,0.7890242
0.0030032,0.7890464
0.0030058,0.789074
0.0030086,0.7891062
0.0030148,0.7891348
0.0030186,0.7891644
0.0030242,0.7891866
0.0030306,0.7892122
0.0030326,0.789246
0.0030366,0.7892768
0.0030406,0.7893034
0.0030484,0.7893284
0.0030544,0.789355
0.0030594,0.7893752
0.0030632,0.7893992
0.0030658,0.7894182
0.0030712,0.7894394
0.003077,0.7894666
0.0030812,0.7894896
0.0030848,0.7895204
0.0030918,0.7895508
0.0030954,0.7895768
0.0030996,0.7896008
0.0031034,0.7896258
0.0031068,0.7896498
0.00311,0.7896736
0.003113,0.7897018
0.0031154,0.7897236
0.0031202,0.7897458
0.0031246,0.7897678
0.0031274,0.7897978
0.0031322,0.7898232
0.0031344,0.7898562
0.0031388,0.78988
0.0031424,0.7899082
0.0031462,0.7899298
0.0031504,0.7899536
0.0031556,0.789975
0.0031596,0.7900014
0.0031646,0.790029
0.003169,0.790054
0.0031734,0.7900774
0.0031786,0.7901004
0.003182,0.7901238
0.0031868,0.7901452
0.00319,0.7901728
0.0031936,0.7901992
0.0031988,0.7902288
0.0032024,0.7902526
0.0032068,0.7902794
0.0032102,0.7903054
0.003216,0.7903318
0.0032218,0.790353
0.0032262,0.7903776
0.0032314,0.7904044
0.003234,0.7904326
0.0032426,0.7904572
0.0032486,0.7904876
0.0032514,0.790517
0.0032544,0.7905392
0.003257,0.7905616
0.0032624,0.7905812
0.0032672,0.7906066
0.0032726,0.790632
0.0032766,0.7906572
0.0032804,0.7906856
0.003285,0.7907124
0.0032896,0.7907338
0.003293,0.7907562
0.0032958,0.7907838
0.0032992,0.790806
0.003302,0.7908268
0.0033058,0.7908512
0.00331,0.7908754
0.0033162,0.7908996
0.003321,0.790927
0.0033236,0.7909574
0.0033312,0.7909814
0.0033336,0.7910028
0.0033352,0.791031
0.0033416,0.791054
0.0033456,0.7910826
0.0033502,0.7911046
0.0033538,0.7911274
0.0033582,0.7911532
0.003362,0.7911766
0.003366,0.7911984
0.0033716,0.791224
0.0033754,0.7912396
0.0033802,0.791262
0.0033838,0.7912904
0.0033874,0.7913214
0.0033916,0.7913448
0.0033932,0.79137
0.0033982,0.791403
0.003402,0.7914324
0.0034066,0.7914554
0.0034104,0.7914774
0.003416,0.7915006
0.0034206,0.7915252
0.0034242,0.791553
0.0034294,0.7915792
0.003434,0.7916056
0.003437,0.7916356
0.0034424,0.7916636
0.0034462,0.7916888
0.0034524,0.7917122
0.003455,0.7917432
0.0034616,0.791767
0.0034672,0.7917908
0.0034702,0.7918166
0.0034748,0.7918434
0.0034782,0.791865
0.0034848,0.7918904
0.003488,0.7919128
0.0034926,0.7919448
0.003496,0.7919678
0.0034978,0.7919954
0.0035008,0.792022
0.0035048,0.7920384
0.0035068,0.792058
0.0035094,0.792086
0.0035144,0.7921116
0.003517,0.7921374
0.0035234,0.7921576
0.0035278,0.792181
0.0035322,0.7922074
0.0035384,0.7922342
0.003543,0.792258
0.0035468,0.7922836
0.0035496,0.7923102
0.0035562,0.7923334
0.0035606,0.792357
0.0035626,0.7923846
0.003566,0.7924094
0.0035728,0.7924352
0.0035768,0.7924596
0.003581,0.7924858
0.003584,0.7925126
0.0035868,0.7925386
0.0035912,0.7925682
0.0035958,0.7925914
0.003601,0.792619
0.0036044,0.792646
0.0036068,0.7926694
0.0036112,0.7926942
0.0036138,0.792719
0.0036178,0.792743
0.0036216,0.7927672
0.0036272,0.792785
0.0036318,0.7928094
0.0036354,0.7928372
0.0036396,0.792862
0.0036442,0.7928858
0.0036464,0.792912
0.0036504,0.7929428
0.003654,0.7929662
0.0036606,0.7929848
0.0036642,0.793006
0.0036696,0.793033
0.0036746,0.7930708
0.0036802,0.7930998
0.0036834,0.7931236
0.0036886,0.793146
0.0036948,0.7931646
0.0037004,0.7931898
0.003705,0.7932082
0.0037124,0.793235
0.0037172,0.7932622
0.0037202,0.7932926
0.0037256,0.793318
0.0037268,0.793339
0.0037318,0.7933672
0.0037338,0.7933914
0.0037364,0.7934166
0.0037412,0.7934412
0.0037448,0.793464
0.003746,0.7934916
0.0037526,0.7935136
0.003758,0.7935424
0.0037638,0.7935652
0.003771,0.7935876
0.0037738,0.793619
0.0037786,0.7936506
0.0037812,0.7936752
0.0037858,0.7937016
0.0037892,0.793727
0.0037934,0.7937516
0.0037974,0.7937774
0.0038004,0.793804
0.0038038,0.7938326
0.003809,0.7938574
0.0038186,0.7938858
0.0038208,0.7939136
0.0038232,0.7939346
0.0038292,0.7939618
0.003832,0.7939908
0.0038378,0.794018
0.0038414,0.7940394
0.0038456,0.794061
0.0038498,0.7940878
0.0038534,0.7941102
0.0038584,0.794136
0.0038618,0.794153
0.0038648,0.7941784
0.003869,0.7942014
0.0038724,0.7942292
0.0038762,0.7942528
0.003882,0.7942784
0.0038868,0.7943016
0.0038898,0.7943246
0.0038928,0.794353
0.0038974,0.794378
0.003903,0.7944082
0.0039074,0.7944328
0.003912,0.7944572
0.0039188,0.7944848
0.0039216,0.7945106
0.0039246,0.79454
0.0039304,0.7945658
0.0039338,0.7945922
0.0039366,0.7946146
0.0039402,0.7946432
0.0039436,0.7946648
0.0039476,0.7946854
0.0039504,0.7947146
0.0039534,0.7947394
0.0039572,0.7947674
0.0039604,0.7947922
0.003964,0.7948202
0.0039656,0.7948442
0.003968,0.794867
0.0039712,0.7948874
0.0039744,0.7949116
0.0039776,0.7949356
0.0039792,0.7949584
0.0039826,0.7949806
0.0039842,0.7950062
0.0039888,0.7950298
0.0039906,0.7950482
0.0039932,0.7950694
0.0039982,0.7950966
0.0040022,0.7951196
0.0040066,0.795143
0.0040098,0.7951686
0.0040138,0.7951942
0.0040166,0.7952266
0.00402,0.7952488
0.004023,0.7952702
0.0040266,0.7952984
0.004031,0.795321
0.0040336,0.7953474
0.0040396,0.795376
0.004044,0.7953944
0.0040478,0.7954272
0.0040506,0.795458
0.0040546,0.7954836
0.0040608,0.7955114
0.004065,0.7955362
0.0040684,0.7955588
0.0040706,0.7955788
0.0040758,0.7956024
0.0040808,0.795629
0.0040846,0.795653
0.0040878,0.795674
0.0040918,0.7957032
0.004096,0.7957304
0.0040996,0.795757
0.004105,0.7957864
0.0041102,0.7958144
0.0041142,0.7958404
0.0041172,0.7958654
0.0041214,0.7958918
0.004125,0.79592
0.0041286,0.79595
0.0041314,0.7959758
0.0041352,0.796006
0.004139,0.796033
0.0041448,0.7960586
0.0041488,0.7960784
0.004152,0.7961064
0.0041572,0.796134
0.00416,0.7961588
0.0041638,0.7961924
0.0041694,0.796218
0.004174,0.7962392
0.0041762,0.7962674
0.0041804,0.7962946
0.0041838,0.7963212
0.0041866,0.7963466
0.0041892,0.796372
0.0041932,0.7963944
0.0041962,0.796418
0.0041994,0.796441
0.0042022,0.796466
0.004206,0.7964898
0.0042098,0.7965094
0.004215,0.796531
0.0042186,0.7965562
0.004223,0.7965846
0.0042284,0.7966084
0.0042328,0.7966322
0.0042364,0.7966542
0.0042406,0.7966782
0.004243,0.796706
0.0042466,0.7967326
0.0042518,0.7967542
0.0042558,0.7967812
0.0042602,0.7968056
0.0042652,0.7968284
0.0042686,0.7968526
0.004271,0.7968712
0.0042766,0.7968934
0.0042802,0.7969224
0.0042822,0.796954
0.0042874,0.796977
0.0042922,0.7970068
0.0042976,0.7970334
0.004301,0.7970572
0.0043082,0.7970864
0.0043104,0.7971158
0.0043142,0.7971398
0.0043186,0.797158
0.0043242,0.7971818
0.0043274,0.7972046
0.0043304,0.7972278
0.0043328,0.7972604
0.0043366,0.7972834
0.0043408,0.7973096
0.0043486,0.7973382
0.0043526,0.7973672
0.0043572,0.7973866
0.0043614,0.7974102
0.004367,0.7974326
0.004369,0.7974574
0.004372,0.7974854
0.004376,0.7975158
0.0043792,0.797542
0.004385,0.7975662
0.0043884,0.7975834
0.0043922,0.797615
0.0043954,0.7976412
0.004403,0.797661
0.0044066,0.7976854
0.0044106,0.7977092
0.0044136,0.797732
0.0044174,0.7977578
0.0044202,0.7977806
0.004424,0.79781
0.0044278,0.7978312
0.0044318,0.7978548
0.0044368,0.7978802
0.0044384,0.7979072
0.004441,0.7979288
0.0044432,0.7979518
0.0044482,0.7979718
0.0044506,0.7980052
0.0044546,0.7980324
0.0044574,0.7980556
0.0044624,0.79808
0.004466,0.7981056
0.0044722,0.7981244
0.004477,0.7981444
0.0044806,0.7981734
0.004484,0.7981968
0.0044884,0.7982284
0.0044914,0.7982544
0.0044966,0.7982786
0.004502,0.7983062
0.0045054,0.7983318
0.0045076,0.7983546
0.0045108,0.7983812
0.0045142,0.7984072
0.0045172,0.7984338
0.0045236,0.7984568
0.0045288,0.7984766
0.0045324,0.7985
0.0045362,0.7985256
0.0045392,0.7985568
0.0045432,0.7985802
0.0045472,0.7986044
0.0045504,0.7986272
0.004555,0.7986532
0.004557,0.7986822
0.0045624,0.7987072
0.0045672,0.7987314
0.0045698,0.7987544
0.004574,0.7987822
0.0045772,0.7988094
0.0045818,0.7988376
0.0045846,0.7988606
0.0045886,0.798885
0.0045924,0.7989146
0.0045984,0.7989356
0.004604,0.7989618
0.0046088,0.7989842
0.0046114,0.799011
0.0046158,0.799038
0.0046196,0.7990552
0.0046248,0.7990808
0.004632,0.7990986
0.0046358,0.7991218
0.004638,0.7991476
0.0046416,0.7991682
0.0046444,0.7991932
0.0046474,0.799215
0.004652,0.7992446
0.0046548,0.7992682
0.0046594,0.7992908
0.0046628,0.7993122
0.0046646,0.7993352
0.0046692,0.799364
0.0046728,0.7993882
0.0046756,0.7994138
0.004679,0.7994396
0.0046804,0.799467
0.0046838,0.7994916
0.0046884,0.7995206
0.0046944,0.7995444
0.0046972,0.7995628
0.004702,0.7995892
0.0047074,0.7996116
0.0047112,0.799635
0.0047138,0.7996622
0.0047198,0.799692
0.0047214,0.7997152
0.0047264,0.7997362
0.0047292,0.7997656
0.0047328,0.7997918
0.0047354,0.7998124
0.0047394,0.799836
0.004742,0.7998592
0.0047462,0.7998848
0.0047496,0.79991
0.0047526,0.7999364
0.0047576,0.7999614
0.0047608,0.7999822
0.0047652,0.800008
0.0047684,0.8000336
0.0047726,0.8000568
0.0047774,0.8000792
0.0047814,0.8001
0.0047844,0.8001178
0.0047892,0.8001456
0.0047926,0.8001722
0.0047964,0.8001958
0.0047984,0.8002242
0.0048032,0.8002444
0.0048078,0.80027
0.0048096,0.8002954
0.0048154,0.800321
0.0048204,0.8003476
0.0048248,0.8003686
0.0048308,0.8003926
0.004835,0.8004182
0.0048392,0.8004396
0.0048422,0.8004662
0.0048448,0.8004946
0.0048502,0.8005152
0.0048554,0.8005394
0.004857,0.8005598
0.0048604,0.8005822
0.0048662,0.8006058
0.0048694,0.8006288
0.0048728,0.8006506
0.004876,0.8006772
0.0048786,0.800702
0.0048832,0.8007276
0.0048862,0.8007502
0.0048892,0.8007718
0.0048938,0.8007976
0.0049008,0.80082
0.0049044,0.800851
0.004909,0.8008826
0.0049118,0.8009074
0.004917,0.800931
0.00492,0.8009582
0.0049242,0.8009844
0.004929,0.801009
0.0049306,0.8010324
0.004934,0.8010538
0.0049376,0.80108
0.0049416,0.8011088
0.0049452,0.8011324
0.004948,0.801159
0.0049546,0.801181
0.004958,0.8012072
0.0049604,0.8012328
0.004965,0.8012586
0.0049682,0.8012808
0.0049746,0.801305
0.004978,0.801328
0.0049814,0.8013528
0.004985,0.8013816
0.0049902,0.801404
0.004994,0.8014328
0.0049964,0.8014602
0.0050006,0.8014866
0.0050036,0.8015122
0.0050086,0.801541
0.0050126,0.8015684
0.0050158,0.8015956
0.0050184,0.8016222
0.0050218,0.8016474
0.0050252,0.8016714
0.0050338,0.8016952
0.0050368,0.8017218
0.0050414,0.8017432
0.0050444,0.8017634
0.0050486,0.8017842
0.0050514,0.8018098
0.0050554,0.8018304
0.0050594,0.801861
0.0050634,0.8018844
0.005067,0.8019056
0.005072,0.801931
0.0050746,0.8019542
0.0050788,0.8019804
0.0050826,0.8020044
0.005086,0.8020344
0.0050894,0.8020548
0.0050962,0.8020768
0.0051004,0.8021028
0.0051026,0.8021272
0.0051082,0.8021546
0.005112,0.8021826
0.005118,0.8022056
0.0051216,0.8022252
0.0051266,0.8022478
0.0051306,0.8022726
0.0051346,0.8022948
0.0051368,0.8023196
0.0051428,0.8023458
0.0051496,0.8023664
0.0051548,0.8023984
0.0051568,0.8024248
0.0051612,0.8024496
0.0051654,0.802476
0.0051688,0.802499
0.0051746,0.802528
0.0051784,0.8025492
0.00518,0.8025734
0.0051856,0.8025934
0.0051906,0.8026178
0.0051948,0.8026364
0.0052006,0.8026632
0.0052032,0.8026834
0.0052078,0.8027102
0.0052124,0.8027398
0.0052172,0.8027612
0.0052224,0.8027826
0.0052292,0.802815
0.0052344,0.802837
0.0052392,0.8028584
0.0052444,0.8028828
0.0052488,0.802908
0.0052522,0.8029274
0.0052574,0.8029564
0.0052612,0.8029846
0.005263,0.803005
0.0052656,0.8030312
0.0052688,0.803058
0.0052716,0.8030808
0.0052758,0.803108
0.0052786,0.8031336
0.0052822,0.8031576
0.0052844,0.8031846
0.0052866,0.8032036
0.005289,0.8032268
0.005292,0.803253
0.005294,0.8032794
0.0052964,0.8033122
0.0052996,0.8033358
0.0053046,0.803359
0.0053092,0.8033844
0.005312,0.8034078
0.0053156,0.8034322
0.0053198,0.8034602
0.0053262,0.8034808
0.0053336,0.8035028
0.005337,0.8035276
0.00534,0.8035556
0.0053456,0.8035778
0.0053486,0.8036026
0.005353,0.8036262
0.0053594,0.8036516
0.005363,0.8036792
0.0053674,0.8037076
0.0053714,0.8037292
0.005376,0.803749
0.0053796,0.803771
0.0053856,0.8037926
0.0053906,0.8038238
0.0053938,0.8038472
0.005402,0.80388
0.0054064,0.8039016
0.0054074,0.8039258
0.0054138,0.8039496
0.0054168,0.8039714
0.0054196,0.8039912
0.005423,0.8040166
0.005428,0.8040404
0.0054354,0.8040608
0.0054382,0.8040832
0.005445,0.8041098
0.0054514,0.8041354
0.0054554,0.8041608
0.0054588,0.8041922
0.0054638,0.804218
0.0054672,0.8042416
0.0054706,0.8042648
0.0054726,0.8042888
0.005476,0.8043148
0.0054782,0.8043362
0.00548,0.8043666
0.005484,0.8043912
0.0054882,0.8044116
0.005491,0.8044354
0.0054956,0.8044566
0.0055008,0.8044772
0.0055076,0.8045036
0.005512,0.8045252
0.0055166,0.804547
0.0055214,0.8045714
0.0055264,0.804595
0.0055318,0.804617
0.0055362,0.8046416
0.0055396,0.8046628
0.0055428,0.804688
0.0055444,0.8047126
0.0055474,0.8047324
0.0055514,0.804753
0.0055544,0.804775
0.0055586,0.8047956
0.0055638,0.8048196
0.0055678,0.8048366
0.005573,0.8048558
0.005577,0.804884
0.0055818,0.8049084
0.0055828,0.8049322
0.005585,0.8049574
0.0055878,0.8049874
0.00559,0.8050104
0.0055948,0.8050352
0.0055986,0.805062
0.0056014,0.8050902
0.0056052,0.80511
0.0056084,0.8051294
0.0056106,0.8051472
0.0056154,0.80517
0.0056188,0.805197
0.0056236,0.805228
0.0056276,0.8052552
0.0056316,0.8052806
0.0056366,0.8053062
0.0056392,0.8053298
0.005648,0.805351
0.005652,0.80537
0.0056556,0.8053956
0.0056588,0.8054188
0.0056608,0.805442
0.0056658,0.805465
0.005669,0.8054898
0.0056714,0.805517
0.005676,0.805546
0.0056824,0.8055692
0.0056858,0.8056038
0.0056904,0.8056228
0.0056932,0.8056454
0.0056974,0.8056674
0.0057026,0.805692
0.0057066,0.8057116
0.005709,0.8057374
0.005714,0.8057592
0.0057162,0.8057838
0.00572,0.8058054
0.0057242,0.8058304
0.0057266,0.8058534
0.00573,0.8058744
0.005735,0.8058944
0.0057416,0.8059128
0.005746,0.8059378
0.0057518,0.8059612
0.0057546,0.8059794
0.0057602,0.8060016
0.0057636,0.8060252
0.0057658,0.8060516
0.0057688,0.8060746
0.005771,0.8060988
0.0057748,0.8061196
0.0057786,0.8061388
0.0057814,0.8061706
0.0057856,0.8061922
0.0057882,0.806213
0.005792,0.8062328
0.0057952,0.806259
0.0058016,0.8062768
0.0058036,0.8063008
0.0058064,0.8063188
0.005809,0.80634
0.005812,0.806362
0.005816,0.8063898
0.0058194,0.8064146
0.0058224,0.8064394
0.005826,0.8064662
0.0058308,0.8064896
0.0058332,0.806519
0.0058368,0.8065448
0.0058418,0.8065704
0.0058486,0.8065964
0.0058524,0.8066176
0.0058554,0.8066438
0.0058584,0.806666
0.0058606,0.8066938
0.0058644,0.8067216
0.0058686,0.80675
0.0058714,0.806777
0.0058736,0.8068032
0.0058776,0.8068312
0.005881,0.8068558
0.0058864,0.8068816
0.0058874,0.806911
0.0058908,0.8069392
0.005896,0.806961
0.0058992,0.8069814
0.0059016,0.8070074
0.0059034,0.8070356
0.00591,0.807065
0.0059142,0.8070918
0.005919,0.8071172
0.0059242,0.8071478
0.005928,0.8071696
0.0059304,0.8071914
0.005934,0.8072084
0.0059368,0.8072414
0.0059404,0.8072594
0.0059442,0.8072902
0.0059482,0.807315
0.0059552,0.807339
0.0059582,0.8073614
0.0059612,0.8073844
0.0059662,0.8074066
0.0059706,0.807434
0.005977,0.8074602
0.005983,0.8074838
0.0059862,0.8075138
0.0059918,0.8075396
0.0059964,0.8075652
0.0060002,0.8075886
0.0060042,0.8076186
0.0060056,0.8076446
0.006009,0.8076734
0.0060132,0.807703
0.006018,0.8077248
0.006022,0.8077508
0.0060252,0.807776
0.00603,0.8078008
0.0060352,0.8078238
0.0060386,0.8078502
0.006041,0.8078752
0.0060452,0.807898
0.0060484,0.807921
0.0060524,0.807947
0.006055,0.807971
0.0060586,0.807997
0.0060622,0.8080258
0.006066,0.8080542
0.0060704,0.808084
0.0060726,0.8081086
0.0060768,0.8081308
0.006079,0.8081512
0.006084,0.8081772
0.0060882,0.8081994
0.0060904,0.8082278
0.0060932,0.8082526
0.0060962,0.8082802
0.0061,0.8083096
0.0061018,0.8083298
0.0061052,0.8083546
0.0061092,0.80838
0.0061142,0.8083996
0.0061178,0.8084168
0.00612,0.8084452
0.0061246,0.8084726
0.006128,0.808496
0.0061298,0.8085254
0.0061346,0.8085478
0.0061378,0.8085724
0.0061402,0.8085952
0.0061446,0.8086166
0.0061476,0.8086402
0.0061508,0.808663
0.0061536,0.8086918
0.0061576,0.8087146
0.0061604,0.8087394
0.0061646,0.8087626
0.0061716,0.8087848
0.006175,0.8088096
0.0061782,0.8088372
0.0061832,0.8088598
0.0061864,0.8088828
0.0061894,0.8089092
0.0061938,0.8089342
0.0061964,0.8089616
0.0061976,0.8089838
0.006203,0.8090062
0.0062072,0.8090348
0.0062116,0.8090582
0.0062166,0.8090838
0.0062214,0.809111
0.0062248,0.8091392
0.0062274,0.8091682
0.0062334,0.8091964
0.0062378,0.809223
0.0062414,0.8092514
0.0062468,0.8092794
0.006252,0.809306
0.0062548,0.8093268
0.0062558,0.809354
0.006259,0.8093772
0.0062622,0.809407
0.0062664,0.8094314
0.0062702,0.8094548
0.0062766,0.8094782
0.006278,0.809504
0.006284,0.8095262
0.006289,0.809549
0.0062946,0.8095766
0.0062988,0.8096028
0.0063012,0.809628
0.0063052,0.8096516
0.0063096,0.8096766
0.0063136,0.8097034
0.0063166,0.8097296
0.0063202,0.8097572
0.0063228,0.8097806
0.0063274,0.80981
0.0063324,0.809838
0.0063364,0.8098634
0.0063412,0.809888
0.0063454,0.8099148
0.0063506,0.809938
0.006356,0.8099612
0.0063608,0.8099884
0.0063662,0.8100136
0.0063686,0.8100364
0.006373,0.8100574
0.0063764,0.810091
0.0063802,0.8101142
0.0063846,0.8101428
0.0063896,0.810166
0.0063934,0.8101886
0.006398,0.8102144
0.0063988,0.8102376
0.0064026,0.8102614
0.006405,0.8102848
0.0064088,0.810306
0.006412,0.8103248
0.0064168,0.8103576
0.0064214,0.8103812
0.006427,0.8104038
0.0064312,0.8104248
0.0064352,0.8104548
0.0064388,0.8104758
0.0064426,0.8105012
0.0064446,0.8105232
0.0064482,0.8105462
0.0064546,0.8105772
0.0064592,0.8106006
0.0064634,0.8106218
0.0064676,0.8106468
0.0064714,0.8106678
0.006475,0.8106924
0.0064784,0.8107142
0.0064854,0.8107442
0.0064896,0.8107724
0.006495,0.8107982
0.0064988,0.8108174
0.0065014,0.8108434
0.0065072,0.8108648
0.0065138,0.8108934
0.0065168,0.8109156
0.0065236,0.8109386
0.0065264,0.8109608
0.0065296,0.8109858
0.0065324,0.8110098
0.0065374,0.8110362
0.0065414,0.8110586
0.0065472,0.8110836
0.0065498,0.8111112
0.006553,0.8111384
0.0065576,0.8111578
0.0065618,0.8111806
0.0065656,0.8112054
0.00657,0.8112286
0.0065738,0.8112514
0.0065772,0.8112766
0.006581,0.8113046
0.0065852,0.8113276
0.0065888,0.8113488
0.0065916,0.8113758
0.006597,0.8113966
0.0066014,0.8114196
0.0066056,0.8114406
0.0066132,0.8114626
0.006616,0.8114826
0.0066202,0.8115084
0.006626,0.811536
0.00663,0.8115588
0.0066356,0.811586
0.0066386,0.8116074
0.0066408,0.8116314
0.006645,0.8116528
0.006648,0.8116768
0.0066504,0.811698
0.0066524,0.811724
0.0066584,0.8117426
0.0066636,0.8117648
0.0066666,0.8117908
0.0066696,0.8118164
0.006673,0.8118418
0.0066762,0.8118606
0.0066816,0.8118826
0.006684,0.811909
0.0066878,0.811936
0.0066912,0.81196
0.0066954,0.8119888
0.0066992,0.8120142
0.0067026,0.8120326
0.0067046,0.8120582
0.0067084,0.8120818
0.0067136,0.812109
0.006716,0.8121356
0.0067204,0.81216
0.0067228,0.812186
0.0067266,0.8122134
0.0067296,0.8122402
0.0067324,0.8122586
0.0067374,0.8122926
0.00674,0.8123154
0.0067436,0.8123426
0.0067472,0.812363
0.0067492,0.8123858
0.006751,0.8124076
0.0067546,0.8124276
0.006758,0.812445
0.0067634,0.812467
0.006767,0.8124904
0.0067722,0.8125186
0.0067756,0.8125454
0.006779,0.8125654
0.0067814,0.8125906
0.0067846,0.8126144
0.0067898,0.8126342
0.006793,0.812654
0.0067972,0.8126814
0.0068024,0.8127056
0.0068074,0.812728
0.006809,0.8127514
0.0068128,0.8127794
0.006815,0.8127986
0.0068182,0.8128278
0.0068224,0.8128546
0.006826,0.812879
0.0068298,0.8129052
0.006834,0.8129344
0.0068348,0.8129594
0.006837,0.8129796
0.00684,0.8130024
0.0068436,0.81303
0.0068472,0.8130496
0.0068494,0.8130732
0.0068522,0.8130996
0.006855,0.8131222
0.0068586,0.8131466
0.0068636,0.8131704
0.006868,0.813195
0.0068726,0.8132186
0.006878,0.8132388
0.0068828,0.813266
0.0068856,0.813285
0.006889,0.8133054
0.006894,0.8133274
0.0068966,0.8133498
0.0069016,0.8133712
0.006908,0.8133936
0.0069116,0.8134134
0.006914,0.8134366
0.0069166,0.8134544
0.0069202,0.8134786
0.006924,0.8134988
0.0069282,0.8135266
0.006932,0.8135484
0.006935,0.8135682
0.0069406,0.8135868
0.0069446,0.813612
0.0069504,0.8136338
0.006953,0.8136536
0.0069564,0.8136792
0.0069616,0.8137006
0.0069652,0.8137214
0.0069682,0.8137462
0.0069702,0.8137662
0.0069744,0.8137846
0.0069786,0.8138112
0.0069826,0.8138328
0.0069882,0.8138588
0.006991,0.8138774
0.006995,0.8139002
0.0069986,0.8139292
0.007002,0.8139512
0.007006,0.8139712
0.0070094,0.8139964
0.0070132,0.8140216
0.007016,0.8140416
0.0070202,0.8140688
0.0070242,0.8140866
0.007031,0.8141126
0.0070344,0.8141358
0.007037,0.8141572
0.0070408,0.8141832
0.0070438,0.8142076
0.0070468,0.8142284
0.0070492,0.8142544
0.007053,0.8142752
0.0070558,0.8143016
0.0070598,0.8143266
0.0070624,0.8143496
0.0070672,0.8143682
0.0070706,0.8143912
0.0070726,0.8144126
0.0070742,0.8144336
0.007077,0.8144574
0.0070806,0.8144788
0.0070828,0.8145008
0.0070882,0.8145216
0.0070888,0.8145466
0.0070922,0.8145754
0.0070962,0.8146036
0.0070996,0.8146312
0.0071014,0.8146566
0.0071036,0.8146786
0.0071068,0.8147024
0.0071108,0.8147236
0.0071146,0.8147454
0.00712,0.8147716
0.0071228,0.814789
0.007127,0.8148136
0.0071322,0.8148364
0.0071374,0.81486
0.0071406,0.8148896
0.0071432,0.8149172
0.0071474,0.814941
0.0071524,0.8149636
0.0071562,0.8149924
0.0071584,0.8150142
0.0071628,0.8150402
0.0071664,0.8150562
0.00717,0.815077
0.0071774,0.8151028
0.0071826,0.8151264
0.0071876,0.815153
0.0071922,0.8151702
0.0071962,0.8151932
0.0072,0.8152192
0.0072032,0.8152452
0.0072084,0.8152704
0.0072104,0.815296
0.0072144,0.815322
0.0072178,0.8153478
0.0072226,0.8153696
0.007226,0.8153922
0.0072278,0.815413
0.0072332,0.8154356
0.007235,0.8154676
0.0072402,0.8154908
0.0072462,0.8155174
0.0072522,0.8155478
0.007256,0.8155692
0.0072598,0.8155882
0.0072656,0.8156144
0.00727,0.8156408
0.0072728,0.8156662
0.007276,0.815687
0.0072806,0.8157094
0.0072834,0.815736
0.0072868,0.8157666
0.0072916,0.8157916
0.007296,0.8158098
0.0072986,0.8158382
0.0073004,0.815859
0.0073024,0.8158818
0.007305,0.8159032
0.0073086,0.815926
0.007312,0.8159528
0.0073162,0.8159756
0.0073198,0.816
0.0073232,0.8160196
0.0073266,0.8160408
0.007331,0.8160652
0.0073326,0.8160924
0.0073354,0.8161172
0.0073386,0.8161428
0.007342,0.8161634
0.0073442,0.8161858
0.007352,0.8162128
0.0073574,0.8162332
0.0073628,0.8162526
0.0073666,0.8162742
0.0073696,0.8162956
0.0073716,0.816318
0.0073736,0.8163432
0.0073784,0.8163688
0.007384,0.8163962
0.007387,0.8164226
0.00739,0.816446
0.0073926,0.81647
0.007397,0.816494
0.0073994,0.816517
0.0074056,0.8165486
0.0074092,0.8165742
0.0074138,0.8165952
0.0074176,0.8166188
0.00742,0.8166464
0.007422,0.8166716
0.0074288,0.8166986
0.0074336,0.8167272
0.0074364,0.8167546
0.0074406,0.816778
0.0074456,0.8168028
0.0074486,0.8168304
0.0074518,0.8168552
0.007456,0.8168836
0.0074582,0.8169074
0.0074618,0.8169276
0.0074654,0.8169478
0.0074684,0.8169666
0.0074724,0.8169906
0.0074758,0.8170114
0.00748,0.8170294
0.0074836,0.817055
0.0074852,0.8170802
0.0074886,0.8171044
0.0074916,0.8171332
0.0074944,0.8171574
0.0074966,0.8171778
0.0074992,0.8172044
0.0075028,0.8172352
0.0075064,0.8172538
0.0075098,0.8172814
0.0075164,0.8173064
0.0075216,0.8173348
0.007526,0.8173596
0.0075286,0.8173874
0.0075312,0.8174152
0.0075354,0.8174386
0.007538,0.8174594
0.0075404,0.817487
0.007543,0.8175108
0.0075466,0.8175342
0.007551,0.817553
0.007552,0.8175718
0.0075534,0.8175918
0.0075568,0.8176166
0.0075588,0.817639
0.0075632,0.817664
0.0075676,0.817683
0.0075712,0.8177094
0.007573,0.817734
0.0075766,0.8177584
0.007584,0.8177814
0.007588,0.8177996
0.0075918,0.8178234
0.007594,0.817847
0.0075966,0.8178722
0.0076016,0.8178948
0.0076056,0.8179188
0.0076092,0.8179396
0.0076152,0.8179582
0.0076174,0.8179796
0.0076212,0.8180002
0.0076256,0.8180242
0.0076288,0.818043
0.0076334,0.8180698
0.0076364,0.818095
0.0076398,0.8181144
0.0076468,0.8181398
0.00765,0.8181616
0.007652,0.8181832
0.0076562,0.8182092
0.0076596,0.8182342
0.0076632,0.8182578
0.0076696,0.8182788
0.0076746,0.818306
0.0076776,0.8183266
0.0076812,0.8183486
0.0076854,0.818376
0.00769,0.818396
0.0076934,0.8184222
0.0076968,0.8184446
0.0077002,0.8184686
0.0077054,0.818489
0.0077088,0.8185074
0.0077138,0.8185276
0.0077176,0.8185496
0.00772,0.818572
0.0077238,0.8185952
0.0077278,0.8186138
0.0077322,0.8186356
0.0077328,0.8186642
0.0077388,0.8186898
0.0077422,0.8187096
0.0077452,0.8187346
0.0077518,0.8187618
0.0077572,0.8187838
0.0077598,0.8188092
0.0077634,0.818837
0.0077652,0.8188584
0.007769,0.8188812
0.0077718,0.8189046
0.0077772,0.8189324
0.0077812,0.8189614
0.0077844,0.8189892
0.0077884,0.8190104
0.0077916,0.8190332
0.0077984,0.8190598
0.0078052,0.8190858
0.0078084,0.8191122
0.0078122,0.8191358
0.0078174,0.819164
0.0078226,0.819186
0.0078272,0.8192086
0.0078324,0.8192304
0.0078348,0.8192544
0.0078378,0.8192748
0.0078434,0.819298
0.0078482,0.8193258
0.0078534,0.819352
0.0078564,0.8193782
0.0078618,0.819399
0.0078652,0.8194192
0.0078678,0.8194406
0.0078702,0.8194586
0.0078726,0.819482
0.0078756,0.819511
0.00788,0.8195298
0.007884,0.8195492
0.0078886,0.8195722
0.0078914,0.8195968
0.0078958,0.8196246
0.0078988,0.8196474
0.0079044,0.8196724
0.0079094,0.8196974
0.0079134,0.8197222
0.0079162,0.8197484
0.0079192,0.8197734
0.007923,0.8198
0.0079268,0.8198202
0.0079318,0.8198404
0.0079352,0.8198668
0.007941,0.8198902
0.0079432,0.8199172
0.0079478,0.8199384
0.0079508,0.8199554
0.007954,0.8199794
0.007958,0.8200018
0.0079612,0.8200238
0.0079638,0.8200466
0.0079684,0.820071
0.0079714,0.8200954
0.007976,0.8201192
0.0079826,0.8201424
0.0079862,0.8201656
0.0079882,0.8201874
0.0079916,0.8202106
0.0079952,0.8202384
0.0079962,0.8202582
0.007999,0.8202802
0.0080038,0.8203028
0.008007,0.8203274
0.0080092,0.8203508
0.0080114,0.8203776
0.0080132,0.8204022
0.008017,0.8204262
0.0080202,0.8204506
0.0080268,0.8204738
0.0080302,0.8204944
0.0080346,0.8205154
0.0080388,0.8205412
0.0080412,0.8205696
0.0080452,0.8205908
0.008048,0.8206108
0.008051,0.8206436
0.0080548,0.820669
0.0080604,0.820692
0.0080636,0.820711
0.0080658,0.8207338
0.0080692,0.820756
0.0080722,0.820782
0.0080768,0.8208038
0.0080804,0.8208224
0.0080866,0.8208468
0.0080904,0.8208754
0.0080922,0.8209014
0.0080934,0.8209254
0.0080996,0.82095
0.0081026,0.8209732
0.0081062,0.8209972
0.0081076,0.8210202
0.0081106,0.821042
0.008115,0.8210706
0.0081184,0.821096
0.0081224,0.8211132
0.008126,0.8211386
0.0081298,0.8211634
0.0081344,0.8211856
0.0081378,0.8212086
0.0081414,0.821228
0.0081468,0.8212534
0.0081522,0.8212754
0.0081572,0.8213038
0.008162,0.8213284
0.008167,0.8213522
0.0081686,0.821372
0.0081746,0.821391
0.008178,0.8214198
0.0081806,0.8214412
0.008184,0.821468
0.0081884,0.8214924
0.0081922,0.8215152
0.0081964,0.8215336
0.0081984,0.8215614
0.0082012,0.8215848
0.0082044,0.8216
0.0082102,0.8216204
0.0082134,0.821641
0.0082164,0.8216638
0.0082196,0.8216858
0.0082216,0.8217114
0.0082254,0.8217288
0.0082274,0.8217568
0.0082294,0.8217796
0.0082328,0.821799
0.0082342,0.8218192
0.0082388,0.821848
0.0082416,0.8218748
0.0082458,0.8218992
0.008248,0.8219232
0.008251,0.8219496
0.008255,0.82197
0.008258,0.8219932
0.00826,0.8220172
0.0082628,0.8220388
0.0082654,0.8220626
0.008268,0.8220886
0.0082706,0.8221154
0.0082724,0.822138
0.0082768,0.8221666
0.008279,0.8221976
0.0082806,0.8222226
0.0082848,0.8222458
0.0082878,0.822267
0.0082902,0.8222874
0.0082946,0.822322
0.0082958,0.8223486
0.008299,0.82237
0.0083014,0.8223934
0.008306,0.8224154
0.008312,0.8224398
0.0083144,0.8224672
0.008317,0.8224992
0.0083198,0.822522
0.0083234,0.8225496
0.0083276,0.822578
0.0083314,0.8225976
0.0083338,0.8226224
0.0083366,0.822645
0.0083404,0.8226654
0.0083432,0.8226896
0.0083466,0.8227124
0.0083482,0.8227382
0.0083514,0.8227594
0.008354,0.822787
0.0083582,0.8228118
0.008364,0.8228346
0.0083678,0.8228536
0.0083724,0.822875
0.0083772,0.8229006
0.0083822,0.8229312
0.0083856,0.8229574
0.0083878,0.8229784
0.0083908,0.8229982
0.0083952,0.8230234
0.0084012,0.8230474
0.0084058,0.8230698
0.0084094,0.8230928
0.0084126,0.8231138
0.0084164,0.8231326
0.008421,0.823156
0.0084252,0.823179
0.0084272,0.8232
0.0084316,0.8232272
0.008435,0.82325
0.0084388,0.8232754
0.0084448,0.8232988
0.0084472,0.8233206
0.0084534,0.8233432
0.0084558,0.8233668
0.0084594,0.8233864
0.0084638,0.8234104
0.0084654,0.8234314
0.0084694,0.823459
0.0084734,0.823481
0.0084766,0.8235084
0.008479,0.8235286
0.0084834,0.823552
0.0084866,0.8235808
0.0084906,0.8236048
0.0084946,0.8236258
0.0084998,0.823651
0.0085032,0.8236746
0.0085068,0.8237008
0.0085106,0.8237312
0.0085128,0.8237586
0.008515,0.8237834
0.008518,0.823807
0.0085218,0.8238294
0.0085246,0.8238516
0.0085292,0.8238718
0.0085328,0.8238892
0.0085366,0.8239126
0.0085378,0.8239378
0.0085392,0.8239582
0.0085428,0.8239862
0.0085456,0.8240092
0.0085502,0.824027
0.0085548,0.8240496
0.0085584,0.8240734
0.0085636,0.824097
0.008567,0.8241184
0.0085694,0.8241432
0.0085752,0.8241626
0.0085776,0.8241904
0.0085808,0.8242206
0.008583,0.8242466
0.0085858,0.8242734
0.0085908,0.8242996
0.0085928,0.8243244
0.0085982,0.8243508
0.008603,0.8243796
0.008606,0.8243998
0.0086074,0.8244198
0.0086106,0.8244424
0.008613,0.8244648
0.0086162,0.8244898
0.0086194,0.824514
0.0086248,0.8245352
0.0086308,0.8245608
0.0086334,0.8245838
0.0086366,0.8246068
0.0086404,0.8246324
0.0086452,0.8246598
0.0086488,0.8246868
0.0086532,0.8247096
0.008656,0.8247324
0.0086588,0.8247548
0.0086652,0.8247784
0.0086688,0.824804
0.0086726,0.8248248
0.0086766,0.8248456
0.0086798,0.8248664
0.0086816,0.8248892
0.0086836,0.8249132
0.0086872,0.8249356
0.0086896,0.8249524
0.0086928,0.8249692
0.0086966,0.824994
0.0087,0.8250168
0.0087044,0.8250376
0.0087108,0.8250572
0.0087168,0.8250808
0.0087206,0.8251092
0.0087234,0.8251322
0.0087286,0.8251546
0.0087316,0.825178
0.0087366,0.8252024
0.0087398,0.8252234
0.0087446,0.8252516
0.008748,0.825273
0.0087504,0.8252962
0.0087548,0.8253188
0.0087594,0.8253446
0.0087642,0.8253668
0.0087672,0.825393
0.0087686,0.8254184
0.0087716,0.8254436
0.0087746,0.8254632
0.0087772,0.825487
0.008781,0.8255066
0.0087862,0.8255266
0.008788,0.825551
0.0087908,0.825572
0.0087944,0.8255982
0.0087978,0.8256246
0.0088006,0.825649
0.0088034,0.8256772
0.0088082,0.8257086
0.00881,0.8257278
0.0088136,0.8257472
0.0088174,0.8257732
0.0088204,0.8257922
0.008824,0.8258144
0.0088278,0.8258394
0.008832,0.8258582
0.0088374,0.825879
0.0088406,0.825905
0.0088448,0.8259286
0.008849,0.825949
0.0088536,0.8259738
0.0088558,0.8260002
0.0088572,0.8260242
0.0088582,0.8260482
0.0088608,0.826067
0.0088658,0.82609
0.00887,0.8261154
0.008874,0.8261352
0.0088772,0.8261582
0.0088808,0.8261864
0.0088828,0.82621
0.008887,0.826234
0.0088912,0.826266
0.008896,0.8262916
0.0088992,0.8263172
0.0089026,0.8263372
0.0089058,0.8263632
0.0089084,0.8263856
0.0089132,0.826416
0.0089154,0.826437
0.0089188,0.8264578
0.0089212,0.8264742
0.008923,0.8264996
0.0089254,0.8265158
0.008929,0.826534
0.0089332,0.8265562
0.0089366,0.8265832
0.0089418,0.826608
0.008946,0.8266316
0.0089488,0.8266566
0.0089534,0.8266754
0.0089576,0.8267012
0.0089604,0.8267214
0.0089624,0.8267462
0.0089656,0.8267746
0.0089698,0.8267942
0.0089728,0.826825
0.0089774,0.8268498
0.0089792,0.8268782
0.0089834,0.826899
0.0089868,0.8269212
0.0089876,0.8269512
0.0089894,0.8269722
0.0089946,0.826997
0.0089994,0.82702
0.009002,0.8270432
0.0090058,0.8270672
0.0090106,0.8270894
0.0090158,0.827118
0.0090216,0.8271436
0.009024,0.827166
0.0090288,0.8271902
0.0090312,0.827215
0.0090362,0.8272388
0.0090432,0.8272614
0.0090466,0.8272854
0.0090514,0.827309
0.0090562,0.8273342
0.0090596,0.8273564
0.0090638,0.8273842
0.009069,0.8274098
0.0090738,0.8274314
0.0090766,0.8274534
0.0090816,0.8274792
0.009083,0.8275042
0.0090874,0.8275328
0.0090902,0.8275532
0.0090942,0.827576
0.009098,0.8276054
0.009101,0.827627
0.0091054,0.8276462
0.0091078,0.8276684
0.0091098,0.827689
0.009113,0.8277108
0.009114,0.8277368
0.0091186,0.8277628
0.009122,0.8277822
0.0091242,0.8278074
0.0091276,0.8278286
0.0091318,0.8278552
0.009134,0.8278776
0.0091368,0.827895
0.009141,0.8279172
0.0091424,0.827941
0.0091452,0.8279654
0.0091498,0.8279838
0.0091524,0.8280058
0.0091558,0.8280284
0.0091576,0.8280536
0.0091602,0.8280758
0.0091634,0.8280994
0.0091664,0.8281202
0.009169,0.8281424
0.009173,0.8281692
0.0091782,0.828188
0.0091826,0.8282084
0.0091838,0.8282258
0.0091876,0.8282484
0.009189,0.8282738
0.0091942,0.8283004
0.009197,0.828324
0.0092002,0.828345
0.0092032,0.8283682
0.0092072,0.8283902
0.0092122,0.828413
0.009217,0.8284394
0.0092212,0.828458
0.0092254,0.8284822
0.0092276,0.8285036
0.009232,0.8285214
0.009234,0.8285452
0.0092388,0.828572
0.0092404,0.8285954
0.0092428,0.8286208
0.0092476,0.8286412
0.0092514,0.8286614
0.0092538,0.8286844
0.009256,0.8287152
0.0092604,0.8287386
0.0092634,0.8287616
0.0092654,0.828791
0.009272,0.8288104
0.0092748,0.8288368
0.009278,0.8288596
0.0092816,0.8288826
0.0092848,0.8289004
0.0092884,0.828924
0.0092916,0.8289486
0.0092972,0.8289786
0.009301,0.829002
0.009303,0.8290234
0.0093066,0.8290432
0.009313,0.8290708
0.0093164,0.829099
0.0093202,0.8291222
0.0093252,0.8291412
0.00933,0.8291666
0.0093336,0.829185
0.0093364,0.829207
0.009339,0.8292302
0.0093426,0.8292486
0.0093466,0.829272
0.0093514,0.829296
0.009355,0.8293192
0.0093566,0.8293452
0.0093608,0.8293714
0.0093628,0.8293918
0.009367,0.829412
0.0093694,0.8294332
0.009373,0.829453
0.0093756,0.8294754
0.0093798,0.8295018
0.0093854,0.829526
0.0093902,0.8295414
0.0093948,0.8295664
0.0094018,0.8295862
0.0094032,0.8296106
0.0094064,0.8296308
0.0094092,0.8296528
0.0094116,0.829674
0.0094154,0.8296936
0.0094206,0.8297216
0.009423,0.8297472
0.0094282,0.8297726
0.009432,0.8297944
0.0094356,0.829814
0.009439,0.8298404
0.0094434,0.8298608
0.0094464,0.8298816
0.0094494,0.8299068
0.0094552,0.8299252
0.0094572,0.8299476
0.0094612,0.8299672
0.0094642,0.829986
0.0094674,0.8300056
0.0094708,0.8300378
0.0094764,0.8300636
0.0094788,0.830084
0.0094816,0.8301038
0.0094866,0.8301272
0.0094882,0.8301568
0.0094934,0.8301796
0.009497,0.8302076
0.0095002,0.8302286
0.0095024,0.8302514
0.0095064,0.8302764
0.0095096,0.8302956
0.0095126,0.8303152
0.0095158,0.8303306
0.0095188,0.8303544
0.0095218,0.8303774
0.0095266,0.830398
0.0095312,0.8304204
0.0095336,0.8304436
0.0095366,0.8304666
0.0095398,0.830491
0.0095438,0.8305176
0.0095488,0.8305386
0.0095528,0.8305592
0.0095554,0.8305832
0.0095582,0.830605
0.0095624,0.8306292
0.0095648,0.8306554
0.0095696,0.8306808
0.0095732,0.8307022
0.0095774,0.8307238
0.0095808,0.8307472
0.0095852,0.8307684
0.009588,0.8307904
0.009593,0.8308136
0.0095974,0.8308336
0.0095998,0.830857
0.0096034,0.8308834
0.0096074,0.8309068
0.0096104,0.8309274
0.0096138,0.8309528
0.0096162,0.8309772
0.0096196,0.831003
0.0096242,0.8310328
0.0096266,0.8310568
0.0096302,0.8310774
0.0096314,0.8310988
0.0096352,0.8311192
0.009638,0.8311446
0.0096416,0.8311694
0.0096436,0.8311906
0.0096472,0.8312094
0.00965,0.831235
0.009655,0.8312598
0.0096588,0.8312818
0.009663,0.8313074
0.0096662,0.8313318
0.0096688,0.8313544
0.0096728,0.8313788
0.0096734,0.8314008
0.0096752,0.8314238
0.0096782,0.8314496
0.00968,0.8314714
0.0096834,0.831499
0.0096868,0.8315224
0.0096912,0.831541
0.0096972,0.8315578
0.0097,0.8315822
0.0097042,0.8316012
0.00971,0.8316234
0.0097136,0.8316488
0.0097188,0.8316768
0.0097202,0.8317052
0.0097234,0.8317322
0.0097256,0.8317618
0.009729,0.8317832
0.0097336,0.8318072
0.0097374,0.8318346
0.0097406,0.8318554
0.009742,0.8318804
0.0097466,0.8319054
0.00975,0.8319274
0.0097532,0.8319484
0.0097568,0.8319692
0.009761,0.8319938
0.0097652,0.8320196
0.0097706,0.8320444
0.009773,0.8320676
0.0097748,0.8320904
0.0097774,0.832118
0.0097796,0.8321376
0.0097822,0.8321588
0.0097866,0.8321846
0.0097894,0.8322046
0.0097918,0.8322344
0.0097956,0.832254
0.0097986,0.8322706
0.0098034,0.8322928
0.0098066,0.8323138
0.0098096,0.8323376
0.0098136,0.8323626
0.0098162,0.8323856
0.0098192,0.832409
0.0098224,0.8324266
0.0098266,0.8324506
0.0098294,0.8324748
0.0098322,0.8325016
0.0098352,0.8325254
0.0098382,0.8325448
0.0098404,0.8325678
0.009844,0.8325892
0.0098498,0.8326114
0.0098566,0.8326318
0.0098618,0.8326584
0.0098638,0.8326772
0.0098674,0.832702
0.0098706,0.8327272
0.0098746,0.832753
0.0098796,0.8327752
0.0098828,0.8327976
0.0098888,0.8328188
0.0098924,0.8328424
0.0098962,0.8328648
0.0099004,0.8328842
0.0099036,0.8329052
0.0099052,0.8329276
0.0099102,0.8329512
0.009914,0.832975
0.0099198,0.833004
0.0099236,0.833028
0.0099272,0.8330508
0.009931,0.8330768
0.0099336,0.8331028
0.0099362,0.833126
0.0099398,0.8331444
0.009944,0.8331648
0.009946,0.8331796
0.0099494,0.8332024
0.0099536,0.8332224
0.0099572,0.833246
0.0099594,0.8332684
0.0099648,0.8332946
0.0099664,0.8333132
0.0099694,0.8333384
0.0099746,0.8333588
0.0099776,0.8333856
0.00998,0.833407
0.0099846,0.8334366
0.009988,0.8334596
0.0099912,0.8334818
0.0099948,0.8335012
0.0099984,0.833516
0.0100012,0.8335336
0.010004,0.8335562
0.010007,0.8335738
0.0100102,0.8335978
0.0100122,0.8336198
0.0100154,0.8336518
0.0100176,0.8336704
0.0100216,0.8336956
0.010026,0.8337162
0.0100294,0.833743
0.0100328,0.8337628
0.0100372,0.8337886
0.0100412,0.8338184
0.0100448,0.8338436
0.010047,0.833864
0.0100498,0.8338848
0.0100524,0.8339066
0.0100544,0.833932
0.010057,0.8339528
0.0100604,0.8339766
0.0100624,0.8340032
0.0100652,0.834025
0.0100676,0.8340466
0.0100706,0.83407
0.0100744,0.8340904
0.010077,0.8341098
0.0100802,0.8341386
0.0100842,0.8341622
0.010088,0.83418
0.0100902,0.8342008
0.0100946,0.8342224
0.0100976,0.8342408
0.0101028,0.8342614
0.0101092,0.8342864
0.0101116,0.8343076
0.0101144,0.834329
0.0101202,0.834351
0.0101218,0.8343756
0.0101264,0.8343982
0.0101306,0.834416
0.010134,0.8344382
0.0101382,0.8344664
0.0101432,0.8344898
0.0101468,0.834511
0.0101486,0.8345304
0.010152,0.8345522
0.0101548,0.8345782
0.010157,0.8345988
0.0101618,0.8346222
0.0101652,0.8346452
0.010169,0.834674
0.0101736,0.8346994
0.0101762,0.8347234
0.0101796,0.834744
0.0101828,0.8347658
0.0101852,0.834797
0.0101862,0.8348172
0.01019,0.8348398
0.010192,0.83486
0.0101958,0.8348852
0.0101996,0.8349094
0.0102018,0.8349294
0.0102038,0.8349514
0.010206,0.8349694
0.010211,0.8349896
0.0102162,0.8350138
0.0102202,0.835036
0.0102232,0.8350584
0.010226,0.8350768
0.0102296,0.8351
0.0102354,0.8351286
0.0102402,0.8351482
0.010243,0.8351782
0.0102468,0.8352008
0.0102514,0.835222
0.0102562,0.8352412
0.010259,0.8352636
0.0102644,0.8352866
0.0102654,0.8353094
0.0102662,0.8353322
0.0102684,0.8353586
0.0102718,0.8353812
0.0102768,0.8354082
0.0102808,0.835427
0.0102876,0.835444
0.0102926,0.8354702
0.0102962,0.8354956
0.0103,0.8355218
0.0103034,0.8355442
0.0103056,0.8355686
0.0103122,0.8355912
0.0103154,0.8356128
0.0103166,0.8356376
0.0103194,0.835661
0.0103238,0.8356898
0.0103278,0.8357124
0.0103308,0.8357336
0.0103332,0.8357602
0.010339,0.8357818
0.010344,0.835801
0.0103468,0.835827
0.01035,0.8358436
0.010353,0.8358638
0.0103552,0.8358856
0.0103596,0.835906
0.0103636,0.8359304
0.010368,0.835955
0.0103706,0.835976
0.0103732,0.8360004
0.0103776,0.8360232
0.0103814,0.8360452
0.0103846,0.836064
0.0103874,0.836087
0.010391,0.8361128
0.0103938,0.836134
0.0103984,0.836158
0.0104034,0.836176
0.0104084,0.8361996
0.0104112,0.8362198
0.0104156,0.8362422
0.0104206,0.8362604
0.010425,0.836281
0.0104318,0.8363072
0.0104362,0.836333
0.0104382,0.8363468
0.010442,0.8363712
0.0104454,0.8363932
0.0104494,0.8364112
0.0104518,0.8364362
0.0104552,0.8364592
0.0104602,0.8364774
0.010464,0.836497
0.0104684,0.8365206
0.0104726,0.8365406
0.0104768,0.8365602
0.0104786,0.8365848
0.010482,0.8366066
0.0104858,0.8366252
0.0104902,0.8366498
0.0104948,0.8366718
0.0105,0.8366956
0.0105022,0.8367154
0.0105036,0.8367366
0.0105066,0.8367614
0.0105116,0.836783
0.0105174,0.836805
0.0105194,0.8368294
0.0105226,0.8368496
0.0105244,0.8368694
0.0105262,0.8368918
0.010532,0.8369072
0.0105352,0.836932
0.0105386,0.8369516
0.0105418,0.8369776
0.0105444,0.837004
0.0105474,0.837028
0.0105508,0.8370496
0.0105524,0.8370716
0.0105546,0.8370936
0.0105568,0.8371136
0.0105588,0.837138
0.0105622,0.8371536
0.0105646,0.8371768
0.0105658,0.8371962
0.010569,0.83722
0.0105728,0.837239
0.0105756,0.8372636
0.0105792,0.8372824
0.010582,0.8373034
0.0105838,0.8373212
0.0105894,0.837346
0.0105936,0.8373688
0.0105982,0.8373834
0.0106022,0.8374072
0.0106046,0.8374282
0.0106088,0.837451
0.0106118,0.8374766
0.0106158,0.8375002
0.0106178,0.8375184
0.0106208,0.8375392
0.0106252,0.8375624
0.010628,0.8375804
0.010631,0.8376056
0.0106342,0.8376262
0.0106374,0.837651
0.0106418,0.8376754
0.0106462,0.8377006
0.0106486,0.8377222
0.010651,0.8377458
0.0106526,0.8377676
0.0106542,0.8377862
0.0106562,0.8378098
0.0106598,0.8378322
0.0106656,0.837854
0.010669,0.8378692
0.0106732,0.8378926
0.0106776,0.8379138
0.0106802,0.8379374
0.0106828,0.837965
0.0106852,0.8379866
0.0106888,0.8380104
0.010691,0.838033
0.0106928,0.8380572
0.0106966,0.8380844
0.010702,0.8381032
0.0107068,0.8381214
0.0107096,0.8381432
0.0107154,0.8381686
0.010717,0.8381948
0.0107202,0.8382188
0.0107226,0.8382426
0.0107254,0.8382638
0.0107272,0.8382828
0.0107312,0.8383102
0.010735,0.838331
0.0107388,0.8383548
0.0107426,0.8383748
0.0107458,0.8383954
0.0107496,0.8384234
0.0107524,0.838446
0.0107544,0.8384702
0.0107564,0.8384958
0.0107602,0.8385186
0.0107646,0.8385428
0.0107652,0.8385734
0.010768,0.8385904
0.0107714,0.8386154
0.0107736,0.838638
0.0107782,0.838659
0.0107814,0.8386834
0.010783,0.838704
0.0107886,0.8387202
0.0107922,0.8387462
0.0107946,0.8387772
0.010798,0.8387978
0.0108008,0.8388226
0.0108038,0.838846
0.0108062,0.8388596
0.0108104,0.8388824
0.0108118,0.8389024
0.0108146,0.8389304
0.0108208,0.83895
0.0108266,0.83897
0.010829,0.83899
0.0108352,0.8390098
0.01084,0.8390338
0.0108428,0.8390516
0.0108454,0.839079
0.0108484,0.8390984
0.0108518,0.8391236
0.0108534,0.8391472
0.0108576,0.8391664
0.0108606,0.8391864
0.0108644,0.8392062
0.010867,0.8392302
0.01087,0.8392538
0.0108724,0.8392736
0.0108764,0.8393032
0.0108796,0.8393264
0.0108822,0.8393504
0.0108844,0.8393752
0.0108886,0.8393958
0.0108918,0.839418
0.0108958,0.839445
0.0108996,0.83947
0.010905,0.8394946
0.010909,0.839519
0.0109118,0.8395378
0.010915,0.839556
0.0109176,0.8395818
0.010923,0.8396018
0.0109266,0.8396202
0.01093,0.8396448
0.010934,0.839667
0.0109384,0.8396892
0.0109438,0.8397064
0.0109458,0.8397294
0.0109488,0.8397532
0.010952,0.8397736
0.0109544,0.839797
0.0109576,0.839819
0.0109616,0.839844
0.0109658,0.8398678
0.0109696,0.8398892
0.0109736,0.8399124
0.010975,0.83993
0.0109778,0.83995
0.0109812,0.8399738
0.0109828,0.839991
0.0109846,0.8400206
0.0109868,0.8400408
0.0109908,0.8400656
0.010994,0.8400912
0.0109966,0.8401128
0.0109998,0.8401358
0.0110038,0.8401584
0.0110076,0.8401804
0.0110106,0.8402038
0.0110148,0.8402244
0.011018,0.8402462
0.0110208,0.8402648
0.0110246,0.8402856
0.0110296,0.8403076
0.0110318,0.8403276
0.011032,0.8403508
0.0110344,0.8403726
0.0110404,0.8403956
0.0110442,0.840424
0.0110464,0.8404446
0.011049,0.8404652
0.0110532,0.8404894
0.011057,0.8405162
0.0110608,0.840539
0.0110638,0.8405612
0.0110668,0.8405854
0.0110688,0.8406076
0.0110716,0.840629
0.0110758,0.840654
0.0110808,0.840673
0.0110852,0.8406878
0.0110884,0.8407132
0.0110952,0.8407342
0.0110998,0.8407552
0.0111046,0.8407802
0.0111084,0.8408004
0.0111116,0.8408212
0.0111146,0.840843
0.0111184,0.8408642
0.0111218,0.84089
0.0111228,0.8409134
0.0111264,0.8409366
0.0111276,0.8409604
0.01113,0.8409842
0.0111328,0.8410088
0.0111368,0.841033
0.01114,0.8410596
0.0111422,0.841079
0.0111454,0.841098
0.0111486,0.8411238
0.0111512,0.841143
0.0111556,0.8411738
0.0111596,0.841197
0.0111632,0.8412236
0.0111686,0.841246
0.0111734,0.8412632
0.0111768,0.8412874
0.0111796,0.8413064
0.0111838,0.8413294
0.0111884,0.8413524
0.0111916,0.841377
0.011194,0.8413962
0.0111986,0.8414172
0.0112024,0.841444
0.011208,0.8414638
0.0112106,0.8414864
0.0112166,0.8415064
0.01122,0.8415244
0.0112228,0.841552
0.011226,0.8415698
0.0112288,0.8415918
0.0112302,0.841616
0.0112354,0.8416378
0.0112398,0.8416596
0.0112438,0.8416852
0.0112472,0.8417052
0.0112504,0.8417264
0.0112526,0.8417464
0.0112538,0.8417754
0.0112584,0.8418024
0.0112636,0.8418244
0.0112676,0.8418472
0.01127,0.8418716
0.0112728,0.8418966
0.011278,0.8419222
0.011282,0.8419472
0.0112854,0.8419686
0.01129,0.8419934
0.0112928,0.8420146
0.0112972,0.8420378
0.0112996,0.8420574
0.0113046,0.8420804
0.0113096,0.842096
0.0113114,0.8421128
0.0113142,0.84214
0.011318,0.8421592
0.0113198,0.8421788
0.0113238,0.8422006
0.011326,0.8422258
0.0113284,0.8422488
0.0113366,0.8422738
0.0113394,0.8422994
0.0113432,0.8423192
0.0113456,0.8423418
0.0113482,0.8423646
0.0113522,0.8423838
0.0113542,0.8424114
0.0113564,0.8424308
0.0113622,0.8424552
0.0113668,0.842485
0.0113696,0.8425094
0.011375,0.842534
0.0113776,0.842558
0.0113814,0.8425766
0.0113878,0.8426028
0.01139,0.8426262
0.0113944,0.8426444
0.0113974,0.8426668
0.0113994,0.8426886
0.0114028,0.8427052
0.0114084,0.8427284
0.0114112,0.8427482
0.0114146,0.842772
0.011417,0.8427926
0.01142,0.8428148
0.0114236,0.8428354
0.011428,0.8428578
0.0114304,0.8428796
0.0114326,0.8429032
0.0114362,0.8429236
0.0114396,0.8429492
0.0114434,0.8429742
0.0114476,0.8429962
0.0114508,0.8430162
0.0114558,0.8430386
0.0114578,0.8430652
0.0114608,0.8430888
0.0114656,0.843111
0.0114688,0.8431386
0.011471,0.843163
0.0114746,0.8431878
0.0114786,0.8432098
0.0114834,0.8432306
0.0114856,0.8432496
0.0114878,0.8432708
0.0114912,0.8432902
0.0114938,0.843312
0.0115008,0.8433362
0.0115072,0.843356
0.0115102,0.8433754
0.0115136,0.8433962
0.0115166,0.8434166
0.0115194,0.8434422
0.0115228,0.8434632
0.0115272,0.8434808
0.0115308,0.8435016
0.0115348,0.8435264
0.0115384,0.8435456
0.0115432,0.8435662
0.011547,0.8435894
0.0115496,0.843613
0.0115526,0.8436274
0.0115542,0.8436512
0.0115596,0.843673
0.0115614,0.8436938
0.011564,0.8437152
0.0115674,0.843736
0.0115706,0.8437566
0.0115742,0.8437732
0.01158,0.8438004
0.0115816,0.8438202
0.0115838,0.8438412
0.011587,0.8438642
0.0115914,0.8438856
0.0115934,0.8439114
0.0115958,0.8439334
0.0115984,0.8439578
0.0116044,0.8439806
0.011607,0.8439986
0.0116114,0.8440166
0.011616,0.8440348
0.0116214,0.8440608
0.0116266,0.8440858
0.0116302,0.8441064
0.0116328,0.8441278
0.0116356,0.8441462
0.0116394,0.8441694
0.011643,0.8441904
0.0116454,0.8442136
0.0116484,0.8442348
0.0116512,0.8442622
0.0116532,0.8442816
0.0116548,0.8443064
0.0116582,0.8443318
0.0116612,0.8443532
0.0116648,0.844371
0.0116696,0.8443938
0.0116712,0.8444192
0.011674,0.8444484
0.011676,0.8444748
0.0116824,0.8444966
0.0116876,0.8445174
0.0116914,0.8445412
0.0116974,0.844566
0.0116984,0.8445862
0.0117014,0.8446076
0.0117044,0.8446282
0.0117086,0.8446474
0.0117126,0.8446676
0.0117174,0.8446912
0.0117204,0.844713
0.0117226,0.8447376
0.0117268,0.8447638
0.011729,0.8447906
0.0117312,0.8448202
0.0117344,0.8448364
0.0117394,0.8448586
0.011744,0.8448806
0.0117464,0.8449024
0.011749,0.8449238
0.0117524,0.84495
0.0117576,0.844972
0.0117602,0.8449926
0.011764,0.8450146
0.0117658,0.8450316
0.0117692,0.8450556
0.0117722,0.8450764
0.0117768,0.8451024
0.011781,0.8451276
0.0117856,0.8451502
0.0117878,0.8451734
0.011789,0.8451934
0.0117932,0.8452188
0.0117984,0.8452406
0.0118026,0.845261
0.0118046,0.8452834
0.0118078,0.8453064
0.01181,0.8453328
0.0118126,0.8453518
0.0118146,0.8453728
0.0118158,0.8453974
0.01182,0.8454216
0.0118222,0.8454472
0.0118246,0.8454672
0.0118266,0.8454884
0.011829,0.845506
0.0118316,0.8455288
0.0118364,0.845549
0.0118392,0.845571
0.0118416,0.8455976
0.0118452,0.845621
0.011848,0.8456406
0.0118528,0.8456576
0.0118572,0.845677
0.0118618,0.8456952
0.011865,0.8457208
0.0118696,0.8457418
0.011874,0.8457642
0.0118778,0.84579
0.0118812,0.8458164
0.011885,0.8458416
0.0118886,0.8458654
0.0118918,0.845889
0.0118948,0.8459104
0.0118968,0.845926
0.0118994,0.8459534
0.0119032,0.845975
0.0119066,0.8459938
0.0119104,0.846017
0.0119152,0.8460478
0.0119182,0.8460692
0.0119204,0.8460912
0.011924,0.8461092
0.0119274,0.84613
0.0119318,0.846153
0.0119342,0.8461766
0.0119356,0.846199
0.0119392,0.8462206
0.0119416,0.8462478
0.0119454,0.8462696
0.0119504,0.8462886
0.011954,0.846311
0.0119574,0.8463326
0.0119618,0.84636
0.0119648,0.8463854
0.0119676,0.8464126
0.011974,0.846435
0.0119778,0.8464606
0.0119834,0.84648
0.0119894,0.8465074
0.0119926,0.8465256
0.0119956,0.8465428
0.0119978,0.84657
0.0120008,0.8465942
0.0120028,0.8466106
0.0120068,0.846633
0.0120088,0.846656
0.01201,0.8466834
0.0120128,0.846705
0.0120162,0.8467284
0.012019,0.8467488
0.012023,0.8467714
0.012026,0.8467912
0.0120306,0.846813
0.0120344,0.8468316
0.012035,0.846853
0.0120404,0.8468734
0.0120446,0.846893
0.012049,0.8469144
0.0120508,0.8469378
0.0120526,0.8469578
0.0120562,0.84698
0.0120618,0.8470012
0.0120664,0.847021
0.0120686,0.8470398
0.0120704,0.8470646
0.0120734,0.8470896
0.0120768,0.8471108
0.0120806,0.8471288
0.0120828,0.84715
0.0120856,0.8471706
0.0120886,0.8471922
0.0120904,0.8472138
0.0120958,0.8472372
0.0120992,0.8472544
0.0121022,0.8472774
0.0121052,0.8472982
0.0121074,0.8473218
0.0121104,0.8473432
0.0121132,0.8473688
0.0121168,0.8473946
0.0121192,0.8474158
0.0121216,0.8474392
0.0121244,0.8474614
0.012129,0.847488
0.0121338,0.8475096
0.012137,0.84753
0.0121408,0.8475574
0.012144,0.8475774
0.0121482,0.8475994
0.0121502,0.8476186
0.0121544,0.847641
0.0121564,0.8476622
0.0121596,0.8476864
0.0121612,0.8477134
0.0121656,0.8477368
0.0121688,0.8477562
0.0121714,0.8477778
0.0121752,0.8477986
0.0121782,0.8478232
0.012182,0.8478436
0.0121842,0.8478642
0.0121872,0.8478824
0.0121902,0.8479064
0.012195,0.847929
0.012196,0.8479526
0.012202,0.8479732
0.0122056,0.847997
0.01221,0.8480182
0.012213,0.8480406
0.0122176,0.8480652
0.01222,0.8480874
0.0122206,0.8481072
0.0122248,0.848126
0.0122286,0.8481544
0.0122312,0.8481786
0.0122332,0.8481976
0.0122382,0.8482168
0.0122404,0.8482362
0.0122446,0.8482596
0.012249,0.8482794
0.0122516,0.8482998
0.0122574,0.8483188
0.0122614,0.8483418
0.0122636,0.8483596
0.012266,0.8483828
0.012267,0.8484038
0.0122706,0.8484284
0.012276,0.8484498
0.0122796,0.8484754
0.0122824,0.848498
0.0122864,0.8485186
0.012291,0.848538
0.0122962,0.8485608
0.0122984,0.8485806
0.0123016,0.8486048
0.012306,0.8486246
0.0123106,0.848649
0.012313,0.8486736
0.0123174,0.8486882
0.0123196,0.8487082
0.0123226,0.8487284
0.0123254,0.8487512
0.01233,0.8487726
0.0123316,0.8487922
0.0123328,0.8488196
0.0123374,0.8488396
0.0123406,0.8488622
0.0123426,0.8488854
0.0123448,0.8489002
0.0123474,0.848921
0.0123518,0.8489434
0.0123554,0.848965
0.012359,0.8489938
0.0123616,0.8490154
0.0123656,0.8490376
0.0123682,0.8490584
0.012373,0.8490844
0.012375,0.8491108
0.0123782,0.8491302
0.0123812,0.8491522
0.012384,0.8491744
0.0123884,0.8491966
0.0123896,0.849218
0.012392,0.8492322
0.0123948,0.8492528
0.0123976,0.8492744
0.0124014,0.8492964
0.0124048,0.8493222
0.0124076,0.849343
0.0124104,0.849371
0.0124156,0.8493954
0.0124178,0.8494114
0.0124216,0.849437
0.0124274,0.8494542
0.012432,0.8494782
0.0124348,0.8494972
0.0124388,0.8495196
0.0124418,0.8495458
0.0124446,0.8495658
0.0124494,0.8495874
0.0124522,0.8496102
0.0124548,0.8496266
0.0124608,0.8496514
0.0124638,0.8496774
0.0124684,0.849697
0.01247,0.8497214
0.012475,0.8497474
0.0124772,0.8497754
0.012482,0.849802
0.012484,0.8498268
0.0124868,0.8498456
0.0124908,0.849867
0.0124916,0.849895
0.0124948,0.8499124
0.0124978,0.8499288
0.0125006,0.849953
0.0125034,0.8499822
0.0125056,0.8500044
0.0125096,0.8500254
0.0125134,0.8500464
0.0125154,0.8500674
0.012518,0.8500874
0.0125222,0.850114
0.012525,0.8501416
0.0125294,0.850162
0.0125318,0.8501864
0.0125356,0.850208
0.0125418,0.8502364
0.0125462,0.850261
0.0125484,0.8502778
0.0125532,0.8503056
0.0125548,0.8503274
0.0125598,0.8503486
0.0125638,0.8503748
0.0125656,0.8503962
0.0125686,0.8504198
0.0125726,0.8504442
0.012576,0.8504624
0.0125794,0.8504856
0.0125828,0.850506
0.0125848,0.8505288
0.012589,0.8505512
0.0125916,0.8505756
0.012597,0.850598
0.0126,0.8506158
0.0126044,0.8506382
0.0126086,0.8506658
0.0126134,0.8506856
0.0126194,0.8507072
0.0126226,0.8507274
0.0126262,0.8507498
0.0126276,0.8507708
0.0126316,0.850796
0.0126366,0.8508166
0.0126384,0.850839
0.0126434,0.8508598
0.0126458,0.8508802
0.0126486,0.8509002
0.0126532,0.8509244
0.0126584,0.850943
0.01266,0.8509598
0.0126614,0.8509828
0.0126638,0.8510038
0.0126674,0.8510286
0.0126704,0.8510478
0.0126746,0.8510642
0.012678,0.8510886
0.0126808,0.851111
0.0126844,0.8511348
0.012687,0.8511578
0.012689,0.8511884
0.012691,0.8512086
0.012695,0.8512296
0.0127,0.851254
0.0127056,0.8512764
0.0127066,0.8513006
0.01271,0.8513226
0.0127128,0.8513468
0.0127166,0.8513626
0.0127182,0.8513834
0.0127228,0.8514042
0.0127266,0.8514248
0.0127316,0.8514462
0.012735,0.8514684
0.0127402,0.851487
0.0127432,0.8515068
0.012745,0.8515338
0.0127464,0.8515578
0.0127512,0.8515814
0.0127546,0.8516046
0.0127576,0.8516222
0.012762,0.851645
0.0127664,0.8516614
0.0127698,0.8516826
0.0127748,0.851702
0.0127786,0.8517192
0.0127822,0.8517382
0.0127858,0.8517592
0.0127884,0.8517874
0.0127936,0.8518088
0.0127952,0.8518294
0.0127988,0.851859
0.0128022,0.851881
0.012806,0.8518964
0.012809,0.8519144
0.0128124,0.8519358
0.0128148,0.8519596
0.0128198,0.8519844
0.0128234,0.8520038
0.012828,0.8520282
0.0128318,0.8520454
0.012834,0.852066
0.012836,0.8520936
0.0128386,0.8521146
0.0128406,0.852141
0.012844,0.852168
0.0128472,0.8521892
0.0128498,0.8522104
0.012853,0.8522292
0.0128576,0.852256
0.0128614,0.8522816
0.0128642,0.8523038
0.0128662,0.8523262
0.0128686,0.8523444
0.0128724,0.8523638
0.0128756,0.8523846
0.0128794,0.8524022
0.0128808,0.852421
0.0128844,0.8524414
0.0128872,0.8524658
0.0128918,0.8524872
0.0128966,0.8525132
0.0129006,0.8525376
0.0129036,0.8525666
0.0129064,0.852587
0.0129108,0.8526096
0.0129152,0.8526322
0.0129172,0.8526546
0.012921,0.8526756
0.0129232,0.8526964
0.0129256,0.8527192
0.01293,0.8527408
0.0129338,0.8527604
0.0129374,0.8527782
0.0129402,0.8528012
0.0129454,0.8528202
0.012948,0.8528464
0.0129508,0.8528688
0.0129542,0.8528912
0.0129588,0.852923
0.0129616,0.8529468
0.0129644,0.8529732
0.0129704,0.8529956
0.0129712,0.8530178
0.012974,0.853037
0.012975,0.8530578
0.0129792,0.853079
0.0129828,0.8531
0.0129854,0.8531232
0.0129868,0.8531468
0.0129898,0.8531664
0.0129936,0.8531866
0.0129966,0.853206
0.012999,0.8532274
0.0130012,0.8532478
0.013004,0.8532646
0.0130066,0.853285
0.0130098,0.8533058
0.0130144,0.85333
0.013017,0.8533508
0.0130204,0.8533742
0.013025,0.8533964
0.0130286,0.853417
0.0130304,0.8534378
0.0130318,0.8534574
0.0130366,0.8534752
0.0130378,0.8534928
0.0130392,0.8535158
0.0130442,0.8535388
0.0130472,0.853557
0.0130494,0.8535742
0.0130516,0.8535966
0.0130546,0.8536156
0.0130588,0.853636
0.0130614,0.8536596
0.013068,0.8536822
0.0130704,0.853707
0.013074,0.8537314
0.0130786,0.853749
0.0130804,0.8537804
0.0130838,0.8538022
0.0130866,0.853829
0.0130896,0.8538512
0.013093,0.8538744
0.0130974,0.853902
0.0131002,0.8539218
0.0131038,0.8539438
0.0131066,0.8539636
0.0131088,0.8539848
0.0131126,0.8540074
0.0131164,0.854033
0.0131192,0.854055
0.013123,0.8540786
0.013126,0.8540974
0.0131282,0.8541146
0.0131322,0.854135
0.0131354,0.8541564
0.013139,0.8541742
0.0131418,0.8542004
0.0131434,0.8542208
0.0131466,0.854239
0.013149,0.8542628
0.0131532,0.8542824
0.0131546,0.8543078
0.0131586,0.8543286
0.01316,0.8543472
0.0131622,0.8543676
0.0131646,0.8543864
0.0131668,0.8544116
0.0131698,0.8544322
0.013173,0.8544546
0.0131774,0.8544756
0.0131824,0.8544936
0.0131854,0.8545158
0.013188,0.8545374
0.0131918,0.8545546
0.0131948,0.8545746
0.013198,0.8545958
0.0132056,0.8546176
0.0132088,0.8546346
0.0132122,0.8546542
0.0132162,0.8546736
0.0132184,0.8546952
0.0132238,0.8547146
0.013227,0.854737
0.0132312,0.8547626
0.0132344,0.8547908
0.013236,0.8548104
0.0132386,0.8548264
0.0132416,0.854843
0.0132454,0.854867
0.0132496,0.8548896
0.0132514,0.854914
0.0132554,0.8549382
0.01326,0.8549622
0.0132634,0.8549842
0.013266,0.8550046
0.0132678,0.8550252
0.013271,0.8550488
0.013274,0.8550686
0.0132776,0.855091
0.0132812,0.8551108
0.0132844,0.855137
0.013289,0.8551572
0.0132928,0.855176
0.0132978,0.855198
0.0133034,0.8552204
0.0133076,0.855247
0.0133102,0.855265
0.0133152,0.8552856
0.0133184,0.8553072
0.0133208,0.8553254
0.0133246,0.8553466
0.0133274,0.8553668
0.0133296,0.8553892
0.0133318,0.8554108
0.0133344,0.8554348
0.0133374,0.8554548
0.0133416,0.855472
0.013345,0.8554912
0.013347,0.8555134
0.0133494,0.8555372
0.0133536,0.8555606
0.013358,0.855581
0.013361,0.855602
0.013364,0.855626
0.0133658,0.8556472
0.013368,0.8556662
0.0133718,0.855687
0.0133764,0.8557084
0.01338,0.8557264
0.0133838,0.8557514
0.0133892,0.855773
0.0133906,0.8557912
0.0133942,0.8558196
0.013401,0.8558414
0.0134042,0.8558634
0.013407,0.8558878
0.0134102,0.8559136
0.0134132,0.8559378
0.0134174,0.8559592
0.013423,0.85598
0.0134282,0.856002
0.0134302,0.8560292
0.0134332,0.8560502
0.0134382,0.856071
0.0134408,0.8560948
0.0134458,0.8561138
0.0134472,0.8561338
0.0134508,0.856155
0.0134548,0.8561776
0.0134582,0.8561976
0.013461,0.8562152
0.0134648,0.856242
0.0134676,0.856261
0.0134706,0.8562784
0.0134716,0.8562988
0.013475,0.8563202
0.0134792,0.8563454
0.013485,0.8563644
0.0134904,0.8563818
0.0134928,0.8563978
0.013498,0.8564184
0.0135002,0.8564366
0.0135046,0.856455
0.0135078,0.8564788
0.01351,0.8565028
0.0135134,0.8565292
0.013518,0.8565512
0.013521,0.8565752
0.013524,0.8565982
0.0135256,0.8566146
0.0135282,0.8566386
0.013532,0.8566622
0.0135332,0.8566786
0.013537,0.8566998
0.0135398,0.8567206
0.013541,0.856743
0.0135434,0.8567614
0.013545,0.8567816
0.01355,0.8568018
0.0135522,0.8568238
0.0135568,0.8568476
0.013561,0.8568684
0.0135644,0.8568932
0.0135674,0.8569174
0.0135704,0.8569388
0.013574,0.85696
0.013578,0.8569832
0.0135812,0.8570062
0.0135846,0.8570312
0.0135858,0.8570598
0.0135882,0.8570832
0.0135918,0.8571058
0.013595,0.8571294
0.0135966,0.8571452
0.0135996,0.8571706
0.0136034,0.8571928
0.0136054,0.8572198
0.0136098,0.8572384
0.0136124,0.8572636
0.0136156,0.8572876
0.0136198,0.8573106
0.0136234,0.8573268
0.0136276,0.8573472
0.013631,0.8573648
0.0136326,0.8573836
0.013636,0.8574082
0.013639,0.8574282
0.0136428,0.8574554
0.0136464,0.8574788
0.0136512,0.8574978
0.0136538,0.8575162
0.0136572,0.8575388
0.0136636,0.8575676
0.0136676,0.857592
0.013672,0.8576156
0.013677,0.8576338
0.0136806,0.857655
0.0136842,0.8576788
0.013688,0.8577034
0.0136922,0.8577194
0.0136954,0.8577382
0.0137004,0.8577562
0.0137048,0.857776
0.0137068,0.857798
0.0137088,0.8578164
0.0137132,0.8578382
0.0137178,0.857859
0.0137202,0.8578826
0.0137228,0.8579008
0.0137256,0.857923
0.0137282,0.8579446
0.013732,0.8579694
0.013735,0.8579942
0.0137374,0.8580178
0.0137406,0.8580418
0.0137424,0.8580646
0.0137456,0.858092
0.013749,0.8581136
0.0137528,0.8581424
0.0137554,0.8581644
0.0137574,0.8581828
0.0137608,0.8582026
0.0137642,0.858228
0.0137686,0.8582524
0.013773,0.8582752
0.013778,0.8582988
0.0137818,0.858324
0.0137866,0.8583426
0.0137886,0.8583638
0.0137916,0.8583826
0.0137962,0.8583994
0.0137986,0.8584214
0.0138,0.8584444
0.0138022,0.8584662
0.0138056,0.8584934
0.0138096,0.8585158
0.0138114,0.8585424
0.0138136,0.858562
0.013816,0.8585882
0.0138224,0.858609
0.0138264,0.858628
0.0138288,0.8586552
0.013832,0.858673
0.0138346,0.8587014
0.0138394,0.8587226
0.013843,0.8587416
0.0138456,0.8587628
0.01385,0.8587846
0.0138548,0.8588062
0.0138568,0.8588292
0.013861,0.8588506
0.0138638,0.8588688
0.0138654,0.8588876
0.0138676,0.858906
0.0138702,0.8589354
0.0138716,0.8589626
0.013875,0.8589854
0.0138774,0.8590106
0.0138804,0.8590298
0.0138856,0.859053
0.0138886,0.859071
0.0138914,0.8590884
0.0138942,0.8591128
0.0138978,0.8591348
0.0139002,0.8591594
0.0139034,0.8591802
0.0139094,0.8592004
0.0139126,0.8592216
0.0139164,0.859242
0.0139182,0.8592652
0.0139208,0.859285
0.0139224,0.8593132
0.013926,0.8593336
0.0139288,0.8593584
0.0139312,0.8593812
0.0139332,0.8594022
0.013937,0.85943
0.01394,0.8594532
0.0139428,0.859474
0.013945,0.8594946
0.0139488,0.8595206
0.013951,0.8595436
0.0139538,0.859565
0.0139558,0.8595826
0.0139624,0.8596008
0.013964,0.8596216
0.0139674,0.8596408
0.0139688,0.8596624
0.0139746,0.8596812
0.0139784,0.859697
0.0139814,0.859718
0.0139844,0.8597392
0.0139886,0.8597622
0.0139918,0.8597868
0.0139948,0.8598088
0.0139972,0.8598288
0.0140002,0.8598512
0.014003,0.8598732
0.0140054,0.8598956
0.0140082,0.859913
0.0140122,0.8599338
0.0140152,0.8599554
0.014019,0.8599746
0.0140216,0.8599942
0.014022,0.860014
0.0140256,0.8600352
0.0140314,0.860058
0.0140338,0.8600796
0.0140362,0.8601024
0.01404,0.8601268
0.014045,0.8601456
0.0140502,0.8601656
0.0140524,0.860187
0.0140552,0.8602074
0.014058,0.8602262
0.0140616,0.8602534
0.0140626,0.8602752
0.0140662,0.8602996
0.0140702,0.8603236
0.0140738,0.860345
0.0140758,0.860365
0.0140788,0.8603888
0.014081,0.86041
0.0140846,0.860433
0.0140884,0.8604534
0.014092,0.860474
0.0140956,0.860493
0.014099,0.8605182
0.0141024,0.8605398
0.014104,0.8605622
0.0141076,0.860588
0.0141124,0.8606106
0.0141152,0.8606302
0.014119,0.8606532
0.0141216,0.8606764
0.0141236,0.8607
0.0141262,0.8607236
0.0141306,0.860736
0.014134,0.8607626
0.0141364,0.860779
0.0141404,0.8608066
0.014143,0.8608272
0.0141464,0.8608484
0.014149,0.860871
0.0141532,0.8608902
0.0141556,0.8609124
0.01416,0.8609312
0.0141644,0.8609484
0.0141662,0.8609716
0.0141706,0.8609924
0.0141724,0.8610144
0.014177,0.8610294
0.01418,0.8610474
0.014184,0.8610706
0.0141866,0.8610968
0.0141892,0.8611184
0.0141914,0.8611354
0.0141938,0.8611538
0.0141998,0.8611738
0.0142026,0.8611936
0.0142056,0.8612098
0.014207,0.8612304
0.0142096,0.8612494
0.0142122,0.8612698
0.0142156,0.861291
0.0142172,0.861311
0.0142174,0.861337
0.0142182,0.8613572
0.0142202,0.8613802
0.0142216,0.8614008
0.0142264,0.8614224
0.0142294,0.8614448
0.014233,0.8614656
0.0142352,0.861486
0.0142422,0.861508
0.0142448,0.8615286
0.0142476,0.8615504
0.01425,0.8615692
0.0142546,0.861594
0.0142582,0.8616168
0.0142618,0.861642
0.0142644,0.861665
0.0142692,0.8616904
0.014273,0.8617078
0.0142754,0.861729
0.0142806,0.8617526
0.0142836,0.8617732
0.0142866,0.861794
0.0142906,0.8618156
0.0142932,0.8618346
0.0142964,0.8618614
0.0143002,0.8618872
0.0143032,0.8619096
0.0143064,0.8619282
0.0143088,0.8619492
0.0143112,0.861969
0.014315,0.861987
0.014318,0.8620074
0.014322,0.8620334
0.0143262,0.862057
0.014329,0.8620754
0.0143326,0.8620964
0.0143344,0.8621178
0.0143366,0.8621418
0.014341,0.8621626
0.0143428,0.8621804
0.0143464,0.8621992
0.0143492,0.862227
0.0143518,0.862246
0.014355,0.8622702
0.0143572,0.8622882
0.0143594,0.8623124
0.0143622,0.8623292
0.014364,0.8623476
0.0143676,0.8623678
0.0143718,0.862386
0.0143746,0.862407
0.0143774,0.8624288
0.0143796,0.8624504
0.0143818,0.86247
0.0143846,0.8624992
0.0143868,0.8625226
0.0143884,0.8625424
0.0143922,0.8625602
0.0143962,0.86258
0.0144002,0.862606
0.014402,0.8626268
0.0144048,0.8626488
0.0144078,0.8626662
0.0144108,0.8626924
0.0144152,0.862712
0.0144194,0.8627304
0.0144236,0.8627522
0.0144284,0.862773
0.0144324,0.8627936
0.0144364,0.8628168
0.0144396,0.8628406
0.0144418,0.8628618
0.014445,0.8628758
0.0144462,0.8628986
0.0144472,0.862925
0.0144502,0.862944
0.0144522,0.8629644
0.0144542,0.8629894
0.014456,0.8630132
0.01446,0.8630338
0.0144636,0.8630542
0.0144686,0.8630742
0.0144722,0.8630948
0.014474,0.8631172
0.0144766,0.8631388
0.014479,0.8631602
0.0144824,0.8631806
0.0144848,0.8632002
0.0144908,0.8632224
0.0144962,0.8632402
0.0144986,0.8632592
0.0145032,0.8632834
0.0145086,0.8633034
0.0145112,0.8633298
0.014514,0.8633508
0.0145168,0.8633698
0.014518,0.8633932
0.0145206,0.8634122
0.0145228,0.8634314
0.0145262,0.863453
0.0145306,0.8634768
0.0145344,0.8634944
0.0145374,0.8635132
0.0145396,0.8635314
0.0145432,0.8635512
0.0145444,0.8635694
0.0145502,0.8635918
0.0145524,0.863613
0.0145554,0.8636428
0.014559,0.8636634
0.0145636,0.8636856
0.014565,0.8637068
0.0145682,0.863723
0.0145726,0.863748
0.0145744,0.8637706
0.014576,0.8637936
0.0145792,0.8638132
0.0145838,0.8638336
0.0145868,0.8638548
0.0145894,0.8638802
0.0145936,0.863912
0.0145964,0.8639338
0.0146014,0.8639572
0.0146036,0.863979
0.0146066,0.863999
0.0146108,0.8640204
0.0146154,0.8640414
0.0146174,0.8640622
0.0146188,0.8640812
0.0146266,0.8641036
0.0146312,0.864121
0.014633,0.8641512
0.0146362,0.8641778
0.0146402,0.8641998
0.0146434,0.8642242
0.0146474,0.8642426
0.0146512,0.8642666
0.0146556,0.8642852
0.0146588,0.8643066
0.0146608,0.8643256
0.0146644,0.8643468
0.0146674,0.864365
0.0146714,0.8643838
0.0146746,0.8644014
0.0146776,0.864422
0.0146808,0.8644448
0.014684,0.8644636
0.0146866,0.8644904
0.0146906,0.864511
0.014695,0.8645396
0.0146976,0.8645536
0.0146994,0.864578
0.014703,0.8645988
0.014705,0.864624
0.0147088,0.864641
0.0147128,0.8646626
0.0147176,0.8646796
0.0147204,0.8647022
0.0147228,0.8647246
0.0147252,0.8647508
0.0147294,0.864771
0.014731,0.8647902
0.0147348,0.864812
0.0147398,0.864834
0.0147446,0.864854
0.0147466,0.8648728
0.0147492,0.8648952
0.0147532,0.8649198
0.0147552,0.8649404
0.014757,0.8649618
0.0147602,0.864987
0.0147634,0.8650032
0.0147678,0.865027
0.0147728,0.8650488
0.0147766,0.8650738
0.01478,0.8650956
0.0147852,0.865114
0.0147886,0.8651342
0.0147918,0.8651542
0.0147966,0.8651762
0.0147986,0.8651992
0.0148046,0.8652172
0.0148076,0.8652376
0.014812,0.865262
0.0148144,0.865287
0.0148178,0.8653152
0.0148206,0.8653324
0.0148234,0.8653548
0.0148264,0.8653732
0.0148314,0.8653894
0.0148348,0.865414
0.014836,0.8654388
0.0148412,0.8654578
0.0148456,0.8654794
0.0148486,0.8655002
0.0148532,0.8655162
0.0148564,0.8655412
0.014862,0.8655618
0.0148638,0.865582
0.0148668,0.8656048
0.0148684,0.8656312
0.014874,0.8656514
0.0148758,0.865673
0.0148778,0.865693
0.0148808,0.8657154
0.0148828,0.8657352
0.0148876,0.8657524
0.0148906,0.865778
0.0148936,0.8657962
0.0148966,0.8658206
0.0149,0.8658424
0.014904,0.8658614
0.0149062,0.8658854
0.0149092,0.8659098
0.014912,0.8659322
0.0149168,0.8659516
0.0149194,0.86597
0.0149208,0.8659904
0.0149256,0.8660144
0.0149286,0.8660318
0.0149322,0.8660558
0.0149358,0.8660752
0.0149378,0.8661022
0.0149404,0.8661198
0.0149428,0.8661382
0.0149474,0.8661626
0.014952,0.8661838
0.014955,0.8662002
0.0149582,0.8662192
0.0149622,0.8662434
0.0149656,0.8662648
0.0149692,0.866285
0.0149728,0.866305
0.014975,0.8663268
0.0149782,0.8663478
0.014981,0.8663686
0.0149844,0.866391
0.014987,0.866416
0.0149898,0.8664388
0.0149938,0.8664624
0.014997,0.866487
0.0150006,0.866506
0.0150042,0.8665254
0.0150054,0.8665526
0.015008,0.8665728
0.0150108,0.8665972
0.0150138,0.8666132
0.0150174,0.866634
0.0150198,0.8666526
0.015022,0.8666712
0.0150256,0.8666982
0.0150284,0.8667196
0.0150306,0.866742
0.0150338,0.8667628
0.0150368,0.8667826
0.0150398,0.8668032
0.015043,0.866826
0.0150466,0.8668442
0.0150496,0.8668628
0.0150526,0.8668804
0.0150578,0.8669014
0.0150632,0.8669178
0.015068,0.866941
0.0150712,0.8669612
0.0150742,0.8669814
0.0150792,0.8670054
0.0150814,0.8670294
0.0150858,0.8670488
0.0150916,0.8670732
0.015095,0.8670952
0.0150972,0.8671148
0.015098,0.8671366
0.015102,0.8671592
0.0151058,0.8671814
0.015109,0.8672034
0.0151114,0.8672244
0.015117,0.8672476
0.0151218,0.8672646
0.0151254,0.8672856
0.0151272,0.8673076
0.0151324,0.867331
0.0151334,0.8673526
0.0151358,0.8673748
0.0151378,0.8673982
0.0151402,0.8674178
0.0151444,0.8674418
0.0151454,0.8674582
0.015149,0.8674808
0.0151538,0.8675034
0.015158,0.867525
0.0151616,0.8675472
0.0151686,0.8675664
0.0151718,0.8675864
0.0151752,0.8676088
0.0151786,0.8676318
0.0151792,0.8676554
0.0151818,0.8676746
0.0151846,0.8676956
0.0151894,0.8677158
0.0151916,0.8677382
0.0151962,0.8677636
0.0151988,0.8677862
0.015201,0.867805
0.0152044,0.8678324
0.0152072,0.8678556
0.0152114,0.867877
0.0152142,0.8678954
0.0152176,0.8679186
0.01522,0.867944
0.0152212,0.8679662
0.0152252,0.867982
0.015228,0.8680016
0.0152326,0.8680226
0.0152374,0.8680428
0.0152424,0.8680662
0.0152432,0.8680894
0.0152448,0.868103
0.0152484,0.8681186
0.01525,0.8681414
0.015252,0.8681626
0.0152556,0.8681854
0.015258,0.8682074
0.0152612,0.8682338
0.0152662,0.868252
0.0152704,0.8682724
0.0152732,0.8682928
0.015278,0.8683174
0.0152796,0.8683428
0.0152818,0.868359
0.0152848,0.8683806
0.0152868,0.8683958
0.015288,0.8684188
0.0152914,0.8684448
0.0152946,0.8684628
0.0152976,0.8684866
0.015301,0.8685102
0.0153036,0.8685306
0.0153076,0.8685518
0.0153086,0.8685692
0.0153124,0.8685908
0.0153162,0.8686082
0.0153198,0.8686262
0.0153242,0.8686456
0.0153278,0.8686634
0.0153304,0.868685
0.0153334,0.868708
0.0153358,0.86873
0.0153398,0.868748
0.0153422,0.8687716
0.0153452,0.8687968
0.0153492,0.868815
0.015354,0.86884
0.0153568,0.8688642
0.0153588,0.8688824
0.0153602,0.8689018
0.0153632,0.8689194
0.0153652,0.868945
0.0153678,0.8689652
0.0153706,0.8689868
0.0153736,0.8690056
0.0153774,0.8690278
0.0153802,0.8690536
0.015384,0.8690712
0.0153866,0.8690908
0.0153916,0.8691126
0.0153938,0.8691332
0.0153966,0.8691528
0.0153996,0.8691772
0.0154034,0.869196
0.015407,0.869215
0.0154092,0.8692326
0.0154128,0.8692602
0.0154162,0.8692848
0.015418,0.8693088
0.0154206,0.8693314
0.015421,0.8693494
0.0154266,0.8693706
0.0154304,0.8693926
0.0154352,0.8694122
0.0154372,0.8694306
0.0154388,0.8694552
0.0154436,0.8694726
0.0154464,0.8694932
0.0154516,0.8695168
0.0154538,0.869536
0.0154554,0.8695512
0.0154608,0.869571
0.0154632,0.8695948
0.0154662,0.8696138
0.0154694,0.8696342
0.015473,0.8696554
0.0154776,0.8696836
0.015482,0.869705
0.0154838,0.8697244
0.0154874,0.8697428
0.0154932,0.8697642
0.0154978,0.8697876
0.0155008,0.8698052
0.0155048,0.8698288
0.0155068,0.8698498
0.0155112,0.869873
0.0155138,0.8698902
0.015516,0.8699126
0.0155192,0.8699318
0.0155222,0.8699516
0.0155254,0.8699738
0.01553,0.8699946
0.0155322,0.8700178
0.015535,0.8700398
0.015538,0.8700632
0.0155428,0.8700842
0.0155448,0.870107
0.0155486,0.8701288
0.0155502,0.8701482
0.0155538,0.8701704
0.015558,0.8701928
0.015561,0.8702116
0.0155642,0.8702308
0.0155678,0.8702508
0.0155712,0.8702682
0.0155724,0.8702932
0.0155754,0.8703192
0.0155796,0.8703428
0.0155826,0.8703662
0.0155886,0.8703868
0.0155928,0.8704032
0.0155964,0.8704224
0.0155992,0.870439
0.0156016,0.8704568
0.015607,0.8704834
0.0156124,0.8705028
0.0156152,0.870523
0.015618,0.8705392
0.01562,0.8705584
0.015622,0.8705832
0.0156262,0.8706052
0.0156292,0.870627
0.015633,0.8706496
0.0156356,0.8706708
0.015639,0.8706962
0.015641,0.8707126
0.0156428,0.8707356
0.0156474,0.8707514
0.0156502,0.8707702
0.0156532,0.87079
0.0156584,0.8708158
0.0156606,0.8708378
0.0156632,0.8708578
0.0156658,0.870879
0.0156678,0.8708982
0.0156726,0.8709238
0.0156752,0.8709464
0.0156778,0.8709646
0.0156812,0.8709844
0.0156822,0.8710048
0.0156882,0.8710282
0.0156906,0.871049
0.015694,0.8710684
0.0156968,0.8710896
0.0156998,0.8711096
0.0157022,0.8711282
0.0157052,0.8711474
0.0157072,0.871167
0.01571,0.8711924
0.015713,0.8712166
0.0157148,0.871241
0.0157176,0.8712652
0.0157208,0.8712838
0.0157232,0.8713112
0.0157242,0.8713342
0.0157276,0.8713514
0.015731,0.8713708
0.015732,0.87139
0.0157342,0.8714064
0.0157368,0.8714334
0.0157394,0.871455
0.0157438,0.8714772
0.0157466,0.8714964
0.015751,0.8715208
0.0157534,0.871539
0.0157548,0.8715642
0.0157588,0.8715862
0.0157642,0.871607
0.0157676,0.87163
0.0157702,0.8716522
0.0157738,0.8716736
0.015778,0.8716946
0.0157814,0.8717172
0.0157858,0.8717352
0.0157876,0.871756
0.0157918,0.8717748
0.0157958,0.8717932
0.0157986,0.871816
0.015802,0.871836
0.015805,0.871857
0.0158094,0.8718782
0.015812,0.8718968
0.0158152,0.8719224
0.0158182,0.8719378
0.0158212,0.8719598
0.0158232,0.8719822
0.0158262,0.8720006
0.015829,0.8720198
0.0158312,0.8720364
0.015835,0.8720562
0.0158392,0.8720778
0.015842,0.8720984
0.0158446,0.8721224
0.0158502,0.872144
0.0158522,0.8721618
0.0158544,0.8721808
0.015858,0.8722002
0.0158598,0.8722226
0.0158622,0.8722422
0.015865,0.8722638
0.0158682,0.8722828
0.0158718,0.8723014
0.0158746,0.8723218
0.015877,0.8723428
0.0158808,0.8723606
0.015884,0.8723792
0.0158858,0.8724014
0.0158908,0.8724228
0.015895,0.8724456
0.0158976,0.872462
0.0159016,0.8724842
0.0159038,0.8725042
0.0159066,0.8725226
0.0159102,0.872541
0.0159126,0.8725594
0.0159164,0.872583
0.0159202,0.8726066
0.0159254,0.8726296
0.0159288,0.8726504
0.0159314,0.8726708
0.0159356,0.872687
0.015937,0.8727026
0.015938,0.8727212
0.0159436,0.8727428
0.0159478,0.872763
0.0159508,0.8727826
0.0159532,0.8728024
0.0159554,0.872822
0.0159626,0.8728454
0.0159694,0.8728638
0.0159722,0.8728834
0.0159744,0.872905
0.0159776,0.8729284
0.0159806,0.8729496
0.0159854,0.8729708
0.0159884,0.8729932
0.0159912,0.8730162
0.0159952,0.8730414
0.0159996,0.873064
0.0160032,0.8730914
0.016006,0.8731124
0.0160084,0.8731322
0.0160114,0.8731538
0.016014,0.8731738
0.0160182,0.8731984
0.0160216,0.8732178
0.0160266,0.8732416
0.0160322,0.87326
0.0160344,0.8732832
0.016038,0.873303
0.0160422,0.8733266
0.0160444,0.8733478
0.0160462,0.8733702
0.0160504,0.8733942
0.0160538,0.8734202
0.0160582,0.8734386
0.0160608,0.8734634
0.0160658,0.8734866
0.0160704,0.873506
0.016074,0.8735258
0.0160772,0.8735498
0.0160816,0.8735712
0.0160846,0.8735888
0.0160866,0.8736122
0.0160898,0.8736302
0.0160934,0.873653
0.0160966,0.8736752
0.0160998,0.8737022
0.0161034,0.8737256
0.0161066,0.8737438
0.0161084,0.8737632
0.0161116,0.8737788
0.0161144,0.873808
0.0161156,0.8738268
0.0161178,0.873848
0.0161198,0.8738692
0.0161232,0.873892
0.0161244,0.8739122
0.0161266,0.873927
0.0161288,0.8739486
0.0161312,0.8739692
0.0161352,0.8739878
0.0161374,0.8740128
0.0161416,0.874036
0.0161442,0.874055
0.0161492,0.8740798
0.0161514,0.8741006
0.0161562,0.8741214
0.016162,0.8741432
0.0161636,0.8741602
0.016165,0.874182
0.016168,0.8742016
0.0161712,0.8742238
0.0161736,0.8742482
0.0161754,0.8742732
0.0161778,0.8742934
0.0161816,0.8743186
0.0161852,0.874337
0.0161886,0.874363
0.0161916,0.8743776
0.0161944,0.874399
0.0161968,0.8744172
0.0161994,0.8744364
0.0162,0.8744558
0.0162042,0.874472
0.016207,0.874492
0.0162086,0.874516
0.0162108,0.874542
0.0162144,0.8745632
0.0162196,0.8745808
0.0162228,0.8746024
0.016226,0.8746226
0.0162276,0.8746512
0.016231,0.8746708
0.016234,0.874689
0.016236,0.874707
0.0162378,0.8747288
0.0162404,0.8747484
0.016245,0.8747688
0.016247,0.8747952
0.01625,0.8748174
0.0162532,0.8748414
0.0162552,0.8748576
0.0162586,0.8748766
0.0162598,0.8749006
0.0162638,0.8749168
0.0162662,0.8749342
0.0162684,0.8749582
0.0162718,0.8749774
0.0162742,0.8749982
0.016275,0.8750172
0.0162794,0.8750338
0.0162828,0.8750526
0.0162852,0.875077
0.0162882,0.8750988
0.0162908,0.875118
0.016294,0.8751366
0.0162978,0.875159
0.016301,0.8751806
0.0163034,0.8752
0.0163042,0.8752182
0.0163062,0.8752344
0.0163088,0.875252
0.0163114,0.8752752
0.016315,0.8752978
0.0163204,0.8753224
0.0163232,0.8753452
0.0163252,0.8753628
0.0163302,0.8753848
0.016335,0.8754016
0.0163414,0.8754202
0.0163436,0.8754408
0.016348,0.8754662
0.0163508,0.87549
0.016354,0.8755098
0.0163576,0.8755298
0.0163606,0.8755532
0.0163654,0.87557
0.0163682,0.8755904
0.0163704,0.8756074
0.016372,0.8756322
0.0163738,0.8756552
0.0163764,0.8756808
0.0163784,0.8756976
0.016382,0.8757208
0.016383,0.8757418
0.016386,0.8757628
0.01639,0.8757802
0.016392,0.8757978
0.0163952,0.8758204
0.0164004,0.8758432
0.0164022,0.8758656
0.016405,0.8758836
0.016409,0.8759058
0.016413,0.875925
0.0164152,0.8759428
0.016418,0.8759588
0.0164216,0.8759788
0.016426,0.8759986
0.01643,0.8760192
0.0164346,0.8760388
0.0164366,0.8760558
0.0164396,0.876081
0.0164428,0.8760992
0.0164458,0.8761196
0.0164476,0.8761414
0.0164506,0.8761604
0.0164536,0.876183
0.0164574,0.8762028
0.0164622,0.8762206
0.0164656,0.876241
0.0164688,0.87626
0.0164712,0.8762822
0.0164732,0.8762992
0.0164774,0.8763206
0.0164822,0.8763398
0.0164864,0.8763598
0.0164878,0.8763832
0.01649,0.876403
0.0164938,0.876424
0.0164978,0.876444
0.0165004,0.8764646
0.0165024,0.8764862
0.0165048,0.8765076
0.0165074,0.8765262
0.0165096,0.8765452
0.0165126,0.8765684
0.0165174,0.8765884
0.0165192,0.8766074
0.0165224,0.8766266
0.0165254,0.8766466
0.0165286,0.8766628
0.016531,0.8766874
0.0165326,0.8767126
0.0165364,0.8767416
0.0165378,0.8767628
0.0165426,0.8767856
0.0165464,0.8768038
0.01655,0.8768236
0.016552,0.8768476
0.0165566,0.8768696
0.0165578,0.8768914
0.0165606,0.87691
0.016562,0.8769354
0.0165652,0.8769588
0.0165682,0.8769762
0.0165724,0.8769994
0.016575,0.8770226
0.0165784,0.877046
0.0165796,0.8770654
0.016584,0.8770876
0.016587,0.8771102
0.0165894,0.8771344
0.0165924,0.8771596
0.0165952,0.87718
0.016597,0.8771996
0.016599,0.8772172
0.0166024,0.8772394
0.0166048,0.877256
0.0166078,0.877277
0.0166114,0.877298
0.0166146,0.8773268
0.0166176,0.8773428
0.016621,0.8773626
0.016625,0.8773816
0.016628,0.8774036
0.01663,0.8774264
0.0166332,0.877444
0.0166354,0.8774608
0.0166368,0.8774798
0.0166386,0.8775022
0.0166402,0.8775188
0.0166428,0.8775396
0.016648,0.8775564
0.0166496,0.87757
0.0166544,0.8775846
0.0166572,0.8776056
0.0166598,0.8776252
0.0166636,0.8776488
0.016666,0.8776674
0.016668,0.877689
0.01667,0.8777116
0.0166732,0.877733
0.0166764,0.8777542
0.0166804,0.8777724
0.016686,0.8777956
0.0166898,0.8778172
0.0166914,0.8778348
0.016696,0.87786
0.016697,0.877883
0.0166984,0.8779038
0.0167018,0.877924
0.0167056,0.8779478
0.0167104,0.877969
0.016715,0.8779904
0.016719,0.8780072
0.0167224,0.8780268
0.0167252,0.8780476
0.0167286,0.8780684
0.0167332,0.8780882
0.0167372,0.8781074
0.0167392,0.8781272
0.0167426,0.8781494
0.0167454,0.8781686
0.016747,0.8781908
0.0167504,0.8782088
0.0167528,0.8782272
0.0167558,0.8782476
0.0167578,0.8782758
0.016761,0.8782972
0.0167628,0.8783188
0.0167672,0.8783458
0.0167694,0.8783634
0.0167726,0.8783816
0.0167764,0.8784036
0.016779,0.8784236
0.0167806,0.8784434
0.0167832,0.8784616
0.016789,0.8784802
0.0167922,0.8785
0.0167946,0.8785222
0.0167976,0.8785392
0.0168002,0.878559
0.0168034,0.8785808
0.0168068,0.8785982
0.0168096,0.8786158
0.0168134,0.8786344
0.016816,0.8786558
0.0168194,0.8786734
0.016823,0.8786968
0.0168258,0.8787134
0.01683,0.8787356
0.0168346,0.8787588
0.016836,0.878779
0.0168396,0.878797
0.0168426,0.878819
0.0168456,0.878839
0.0168484,0.878858
0.0168496,0.8788846
0.0168554,0.8789078
0.0168582,0.8789262
0.0168616,0.878947
0.016865,0.8789738
0.0168672,0.8789934
0.0168686,0.8790164
0.016872,0.8790384
0.0168756,0.8790612
0.016879,0.879082
0.01688,0.8791032
0.0168828,0.879124
0.0168878,0.879147
0.01689,0.879178
0.0168932,0.8791936
0.0168972,0.8792112
0.0169006,0.8792282
0.016904,0.879245
0.0169074,0.8792638
0.0169102,0.8792878
0.0169124,0.8793038
0.0169156,0.8793264
0.0169186,0.8793534
0.0169218,0.8793698
0.016924,0.8793898
0.0169286,0.879406
0.0169326,0.8794228
0.0169362,0.8794422
0.0169394,0.8794646
0.0169424,0.8794888
0.016946,0.8795134
0.0169484,0.8795386
0.0169518,0.8795534
0.0169534,0.8795742
0.0169594,0.879593
0.0169634,0.8796158
0.0169646,0.8796322
0.016968,0.8796526
0.01697,0.8796674
0.016974,0.8796856
0.016978,0.8797034
0.0169802,0.8797228
0.0169842,0.8797456
0.016989,0.8797664
0.0169922,0.879786
0.0169966,0.8798028
0.017001,0.8798238
0.0170022,0.8798416
0.017005,0.8798612
0.0170082,0.8798796
0.017014,0.879906
0.0170156,0.8799268
0.0170172,0.879952
0.0170202,0.8799706
0.0170246,0.8799916
0.0170262,0.880013
0.017029,0.880032
0.0170306,0.880054
0.0170334,0.880075
0.0170378,0.880094
0.0170416,0.8801158
0.0170426,0.8801358
0.017047,0.8801552
0.017049,0.880178
0.0170526,0.880198
0.0170554,0.8802168
0.0170586,0.8802322
0.0170624,0.8802524
0.017066,0.8802726
0.0170696,0.8802938
0.017073,0.8803156
0.0170748,0.8803344
0.0170772,0.8803504
0.01708,0.880373
0.0170824,0.8803944
0.017085,0.8804134
0.0170896,0.8804346
0.017093,0.8804526
0.017096,0.8804738
0.0170992,0.8804954
0.017106,0.8805178
0.0171094,0.8805352
0.0171114,0.8805568
0.0171156,0.8805776
0.0171182,0.8806018
0.0171206,0.8806204
0.0171244,0.880642
0.0171266,0.8806638
0.0171286,0.8806868
0.0171326,0.8807108
0.0171346,0.8807312
0.017139,0.8807534
0.0171442,0.8807768
0.0171476,0.8807994
0.0171494,0.8808214
0.0171536,0.880844
0.0171574,0.880864
0.0171596,0.8808856
0.0171618,0.8809066
0.0171638,0.8809268
0.0171676,0.8809464
0.0171722,0.8809698
0.0171742,0.8809858
0.0171762,0.8810002
0.0171774,0.8810214
0.0171806,0.881047
0.0171824,0.8810658
0.0171878,0.8810874
0.0171896,0.881113
0.0171912,0.881134
0.017194,0.881149
0.0171992,0.8811654
0.0172036,0.881187
0.017207,0.8812096
0.0172094,0.8812256
0.0172114,0.8812458
0.0172146,0.8812676
0.017218,0.8812894
0.0172206,0.881311
0.0172232,0.8813296
0.017227,0.8813518
0.0172306,0.8813716
0.0172322,0.881391
0.0172352,0.881411
0.0172382,0.8814326
0.01724,0.8814484
0.017244,0.8814704
0.0172476,0.8814904
0.0172518,0.8815116
0.0172544,0.881534
0.0172576,0.8815526
0.0172608,0.8815762
0.0172638,0.881596
0.0172686,0.8816188
0.0172716,0.8816388
0.0172758,0.881655
0.0172792,0.8816778
0.0172808,0.881694
0.017283,0.8817134
0.0172866,0.88173
0.0172912,0.8817474
0.017294,0.8817646
0.017298,0.8817814
0.0173014,0.8818026
0.0173038,0.8818284
0.0173046,0.8818456
0.0173078,0.881864
0.0173132,0.881887
0.0173142,0.8819108
0.0173158,0.8819286
0.0173188,0.8819526
0.0173208,0.8819708
0.0173224,0.881994
0.0173248,0.8820158
0.0173288,0.8820394
0.0173308,0.882059
0.0173346,0.8820742
0.0173356,0.8820952
0.01734,0.8821164
0.0173432,0.8821382
0.0173464,0.8821574
0.017349,0.8821702
0.0173534,0.882188
0.0173566,0.8822052
0.0173584,0.8822282
0.017361,0.8822456
0.0173634,0.8822674
0.0173668,0.8822898
0.0173686,0.882312
0.017372,0.8823332
0.0173736,0.8823554
0.0173798,0.882377
0.0173818,0.882396
0.0173868,0.8824162
0.0173912,0.8824416
0.0173946,0.8824644
0.0173976,0.8824826
0.0173998,0.8825006
0.0174028,0.8825194
0.017405,0.8825346
0.0174086,0.8825536
0.0174102,0.8825746
0.0174136,0.882594
0.0174158,0.8826136
0.0174196,0.8826318
0.0174224,0.8826504
0.0174244,0.88267
0.0174278,0.882689
0.0174298,0.882707
0.0174326,0.8827292
0.0174348,0.8827514
0.0174366,0.882771
0.0174392,0.882791
0.0174412,0.882814
0.0174444,0.8828342
0.0174462,0.8828536
0.017449,0.8828716
0.0174536,0.8828928
0.0174558,0.8829144
0.017458,0.8829342
0.0174632,0.8829542
0.0174648,0.8829734
0.0174666,0.8829916
0.0174706,0.8830126
0.0174724,0.883035
0.0174748,0.883056
0.0174774,0.8830718
0.017482,0.883094
0.017485,0.8831122
0.0174876,0.8831306
0.017491,0.8831542
0.0174948,0.8831742
0.017497,0.8831964
0.017498,0.8832154
0.0175004,0.8832396
0.017502,0.8832668
0.0175056,0.8832898
0.0175102,0.8833084
0.017513,0.8833274
0.017514,0.883348
0.0175168,0.8833646
0.017519,0.883387
0.0175226,0.8834064
0.017524,0.883431
0.0175268,0.8834524
0.0175294,0.8834726
0.017531,0.883491
0.0175336,0.8835088
0.017535,0.8835298
0.017537,0.8835486
0.01754,0.8835666
0.017543,0.8835826
0.017546,0.8836022
0.017549,0.8836238
0.0175522,0.8836442
0.017557,0.8836646
0.017558,0.883684
0.0175622,0.8837044
0.0175646,0.8837204
0.017571,0.8837362
0.0175724,0.883761
0.0175758,0.8837814
0.0175794,0.8837984
0.0175816,0.8838142
0.017585,0.8838378
0.0175876,0.8838558
0.0175892,0.8838708
0.0175926,0.8838908
0.017596,0.8839146
0.0175998,0.8839376
0.0176022,0.883955
0.0176042,0.8839754
0.0176068,0.883996
0.0176094,0.8840124
0.0176116,0.8840352
0.0176156,0.8840588
0.0176192,0.8840792
0.0176228,0.8840988
0.017626,0.884124
0.017628,0.8841464
0.0176298,0.8841646
0.0176332,0.8841846
0.017637,0.8842024
0.01764,0.8842238
0.0176432,0.884248
0.0176462,0.8842652
0.0176494,0.884285
0.0176524,0.884308
0.0176554,0.8843344
0.0176602,0.88435
0.0176662,0.8843712
0.0176692,0.8843942
0.0176718,0.8844142
0.0176744,0.884433
0.0176774,0.8844534
0.01768,0.8844748
0.0176826,0.8844952
0.0176866,0.884515
0.0176898,0.8845364
0.0176914,0.8845524
0.0176958,0.8845676
0.0176976,0.8845888
0.0176996,0.8846038
0.0177014,0.8846256
0.0177054,0.8846436
0.017707,0.8846644
0.0177082,0.884687
0.0177114,0.884711
0.0177142,0.8847402
0.017717,0.8847558
0.01772,0.8847746
0.0177214,0.8847976
0.017724,0.8848226
0.0177254,0.8848488
0.0177276,0.884868
0.01773,0.8848886
0.017732,0.8849048
0.017737,0.884921
0.0177394,0.8849366
0.0177448,0.8849594
0.0177474,0.8849816
0.0177504,0.885002
0.0177544,0.8850246
0.0177568,0.885051
0.0177596,0.885071
0.0177602,0.8850906
0.0177612,0.8851158
0.0177638,0.8851372
0.0177678,0.88516
0.0177714,0.8851758
0.0177734,0.8851992
0.017778,0.8852194
0.0177802,0.885245
0.0177834,0.8852674
0.0177854,0.8852894
0.0177874,0.885309
0.0177884,0.8853306
0.0177908,0.8853472
0.0177914,0.8853674
0.0177944,0.8853806
0.0177978,0.8854046
0.017802,0.885426
0.017806,0.8854418
0.0178074,0.8854634
0.0178106,0.8854814
0.0178132,0.8854994
0.017818,0.8855194
0.0178202,0.8855344
0.0178224,0.8855564
0.0178246,0.8855798
0.0178272,0.885598
0.0178304,0.8856164
0.0178344,0.885641
0.0178364,0.8856576
0.0178388,0.885679
0.0178408,0.8856984
0.0178418,0.8857194
0.017844,0.8857446
0.0178464,0.8857682
0.0178476,0.8857898
0.017851,0.8858056
0.0178522,0.8858278
0.0178546,0.8858456
0.0178576,0.8858674
0.0178618,0.8858866
0.0178642,0.885906
0.017867,0.8859252
0.01787,0.8859474
0.017874,0.8859688
0.0178766,0.88599
0.0178822,0.8860082
0.0178862,0.8860326
0.0178902,0.8860554
0.0178934,0.8860792
0.0178952,0.8860996
0.017897,0.8861192
0.017899,0.886144
0.0179024,0.8861596
0.017905,0.88618
0.0179088,0.8861988
0.0179128,0.886222
0.0179182,0.8862416
0.017924,0.8862646
0.0179284,0.8862824
0.0179314,0.886305
0.0179336,0.8863206
0.0179354,0.8863404
0.0179388,0.8863592
0.0179412,0.886376
0.0179438,0.8863934
0.0179478,0.886411
0.017951,0.8864298
0.0179536,0.8864486
0.0179568,0.8864732
0.0179602,0.88649
0.017964,0.8865064
0.0179684,0.8865262
0.0179702,0.8865432
0.0179746,0.886567
0.0179774,0.8865848
0.017979,0.886609
0.0179824,0.8866284
0.0179862,0.886646
0.0179886,0.8866662
0.0179928,0.8866846
0.0179958,0.8867014
0.0179978,0.886723
0.018002,0.8867468
0.0180046,0.8867668
0.0180064,0.886789
0.0180114,0.8868114
0.0180128,0.8868332
0.0180152,0.8868528
0.0180176,0.8868738
0.0180214,0.8868972
0.0180236,0.8869184
0.0180282,0.8869356
0.0180306,0.8869608
0.0180328,0.8869816
0.0180374,0.8869966
0.0180398,0.8870172
0.0180444,0.8870402
0.0180464,0.887058
0.0180494,0.8870752
0.018052,0.8871006
0.0180546,0.887118
0.018059,0.8871422
0.0180608,0.887168
0.0180636,0.8871856
0.0180664,0.887203
0.0180694,0.8872246
0.0180742,0.8872438
0.0180796,0.8872646
0.0180824,0.8872848
0.0180868,0.8873094
0.0180884,0.8873292
0.0180918,0.8873472
0.0180946,0.8873652
0.0180986,0.8873888
0.0181012,0.8874138
0.018104,0.8874366
0.018107,0.8874544
0.018112,0.8874782
0.0181136,0.8874992
0.018117,0.8875302
0.0181242,0.8875512
0.0181248,0.8875774
0.0181276,0.8875996
0.01813,0.8876216
0.018131,0.887642
0.0181334,0.8876604
0.0181376,0.8876802
0.0181408,0.8877036
0.0181436,0.8877238
0.0181452,0.8877472
0.0181488,0.8877624
0.0181514,0.8877846
0.0181534,0.8878062
0.0181566,0.8878254
0.018159,0.8878468
0.018161,0.8878668
0.018164,0.88789
0.0181676,0.8879128
0.0181712,0.887933
0.018175,0.8879578
0.018179,0.887976
0.0181802,0.8879966
0.0181824,0.8880162
0.018185,0.8880376
0.0181872,0.8880558
0.0181898,0.8880724
0.0181922,0.8880946
0.0181966,0.8881152
0.018201,0.888135
0.018204,0.8881552
0.0182072,0.8881742
0.0182104,0.8881938
0.0182128,0.888212
0.018217,0.8882316
0.0182208,0.8882562
0.018223,0.8882788
0.0182254,0.8883002
0.0182282,0.8883166
0.018232,0.8883394
0.0182352,0.8883606
0.0182372,0.888376
0.0182406,0.8883944
0.0182428,0.8884124
0.0182456,0.8884284
0.0182476,0.8884514
0.0182508,0.8884756
0.0182532,0.888495
0.018258,0.8885146
0.0182618,0.888535
0.0182652,0.8885494
0.018267,0.8885668
0.0182708,0.8885884
0.0182726,0.8886072
0.0182766,0.888629
0.0182784,0.8886532
0.018281,0.888674
0.0182836,0.8886948
0.0182858,0.8887128
0.0182884,0.8887304
0.0182936,0.8887486
0.0182958,0.8887698
0.0182966,0.8887884
0.0183006,0.8888024
0.0183056,0.8888196
0.0183084,0.8888384
0.01831,0.8888638
0.018313,0.8888868
0.0183154,0.8889048
0.0183172,0.888926
0.0183206,0.8889458
0.0183226,0.8889624
0.0183242,0.8889836
0.0183264,0.8890018
0.0183302,0.8890224
0.0183336,0.8890424
0.018336,0.8890612
0.0183402,0.8890784
0.0183426,0.8891048
0.0183492,0.8891228
0.0183506,0.8891408
0.0183542,0.8891612
0.0183588,0.8891808
0.0183628,0.8892022
0.0183646,0.889222
0.0183682,0.8892406
0.0183722,0.8892572
0.0183762,0.889276
0.0183774,0.8892914
0.0183802,0.8893104
0.0183842,0.8893332
0.0183868,0.8893544
0.0183872,0.8893746
0.0183892,0.8893978
0.01839,0.889414
0.0183934,0.8894308
0.0183966,0.8894494
0.0183996,0.8894628
0.0184018,0.8894806
0.0184058,0.8894964
0.0184088,0.8895142
0.0184124,0.889535
0.0184166,0.8895554
0.0184182,0.889576
0.0184224,0.8896002
0.0184248,0.8896198
0.0184286,0.88964
0.0184322,0.8896618
0.0184338,0.8896844
0.0184366,0.8897064
0.0184402,0.8897304
0.018442,0.8897542
0.0184438,0.8897712
0.018446,0.889789
0.0184486,0.8898076
0.018452,0.8898276
0.0184534,0.889847
0.0184552,0.8898664
0.0184602,0.8898926
0.0184632,0.8899124
0.0184666,0.8899332
0.0184692,0.8899556
0.0184704,0.8899696
0.0184736,0.8899884
0.0184772,0.8900072
0.0184794,0.8900274
0.0184824,0.8900446
0.0184844,0.8900626
0.0184866,0.8900844
0.0184906,0.890103
0.0184938,0.8901254
0.0184966,0.8901438
0.0184988,0.8901662
0.0184996,0.8901848
0.0185026,0.8902038
0.0185048,0.890228
0.0185072,0.8902468
0.01851,0.8902668
0.0185134,0.8902858
0.0185166,0.8903058
0.0185216,0.8903284
0.0185246,0.8903496
0.0185264,0.8903662
0.0185302,0.8903806
0.0185322,0.8904002
0.0185338,0.8904214
0.018536,0.8904404
0.0185388,0.8904622
0.0185432,0.8904796
0.0185442,0.8905022
0.0185474,0.8905224
0.0185504,0.8905464
0.0185538,0.8905654
0.0185584,0.8905872
0.0185614,0.890606
0.0185648,0.8906284
0.018567,0.8906478
0.0185712,0.8906646
0.0185752,0.8906862
0.018578,0.8907026
0.0185806,0.890722
0.0185824,0.8907416
0.0185836,0.8907578
0.0185856,0.890776
0.0185876,0.8907932
0.0185898,0.8908094
0.018593,0.8908248
0.0185968,0.8908428
0.0185996,0.8908676
0.0186028,0.8908842
0.0186054,0.8909096
0.0186092,0.890925
0.018611,0.8909422
0.0186152,0.8909614
0.0186182,0.8909828
0.0186216,0.8910026
0.0186256,0.8910206
0.0186296,0.891042
0.0186324,0.8910624
0.0186366,0.8910794
0.0186398,0.8910994
0.0186422,0.8911232
0.018646,0.8911464
0.0186482,0.8911698
0.01865,0.891193
0.018654,0.8912138
0.0186592,0.8912304
0.018662,0.8912486
0.0186662,0.8912724
0.0186684,0.8912894
0.0186708,0.891313
0.0186718,0.8913324
0.0186742,0.891351
0.0186776,0.8913678
0.0186814,0.8913838
0.0186834,0.891402
0.0186844,0.8914236
0.0186884,0.8914408
0.018691,0.8914642
0.018694,0.891481
0.0186972,0.891509
0.0186994,0.8915332
0.018701,0.8915546
0.0187036,0.8915732
0.0187076,0.8915888
0.0187096,0.8916074
0.0187108,0.8916276
0.0187132,0.8916518
0.0187164,0.8916698
0.018719,0.8916864
0.0187236,0.8917068
0.018726,0.8917228
0.018729,0.8917422
0.0187322,0.8917608
0.0187332,0.891787
0.018736,0.8918074
0.0187384,0.8918316
0.0187414,0.8918544
0.0187448,0.8918706
0.0187486,0.8918894
0.0187532,0.8919068
0.018754,0.8919288
0.0187568,0.8919462
0.0187602,0.891961
0.0187632,0.8919812
0.018766,0.8920036
0.01877,0.89202
0.0187736,0.892039
0.0187756,0.8920616
0.0187794,0.8920798
0.0187824,0.8921018
0.0187854,0.892117
0.0187876,0.8921342
0.0187906,0.8921554
0.0187928,0.8921784
0.0187968,0.8921942
0.0188008,0.892223
0.0188042,0.8922414
0.0188078,0.8922594
0.0188104,0.8922764
0.0188172,0.8922954
0.0188194,0.8923134
0.018821,0.8923328
0.0188238,0.8923532
0.0188258,0.892373
0.0188284,0.8923934
0.01883,0.8924184
0.018832,0.892436
0.0188334,0.8924616
0.0188366,0.8924808
0.0188388,0.8925046
0.0188406,0.8925254
0.0188444,0.8925476
0.018847,0.8925678
0.01885,0.8925802
0.0188526,0.892601
0.0188558,0.8926222
0.018859,0.8926384
0.0188622,0.8926578
0.0188666,0.8926802
0.018871,0.8926984
0.0188734,0.892722
0.0188776,0.8927416
0.0188824,0.8927608
0.0188842,0.892782
0.0188906,0.8927994
0.018894,0.892823
0.0188954,0.892845
0.018899,0.892859
0.0189032,0.892881
0.0189056,0.8929052
0.0189084,0.8929266
0.0189104,0.8929496
0.0189128,0.8929648
0.018914,0.892985
0.0189176,0.8930078
0.0189194,0.8930292
0.0189218,0.8930448
0.0189226,0.893063
0.0189254,0.8930844
0.018929,0.8931066
0.0189316,0.8931246
0.0189352,0.8931484
0.0189378,0.8931672
0.01894,0.893183
0.0189418,0.8932034
0.0189432,0.8932234
0.0189438,0.893241
0.0189474,0.8932592
0.0189512,0.8932798
0.0189552,0.893303
0.0189576,0.8933208
0.0189606,0.8933392
0.0189626,0.8933578
0.018966,0.8933784
0.0189678,0.8933966
0.0189708,0.8934128
0.018973,0.8934306
0.0189764,0.8934508
0.0189794,0.8934678
0.0189814,0.8934878
0.0189848,0.8935088
0.018988,0.8935254
0.0189902,0.8935446
0.0189928,0.8935646
0.0189962,0.8935844
0.0190004,0.893607
0.019003,0.8936266
0.0190058,0.8936464
0.0190096,0.8936668
0.0190138,0.8936902
0.0190172,0.8937086
0.019019,0.8937312
0.0190224,0.89375
0.0190252,0.8937682
0.0190304,0.893784
0.0190342,0.8938076
0.0190362,0.893827
0.01904,0.8938448
0.019042,0.893863
0.0190438,0.8938818
0.0190466,0.8939036
0.0190504,0.8939194
0.0190522,0.8939372
0.0190536,0.8939594
0.0190556,0.8939754
0.0190602,0.8939954
0.019063,0.8940134
0.0190648,0.8940328
0.019068,0.8940522
0.0190702,0.8940702
0.0190714,0.8940882
0.019073,0.894112
0.0190768,0.8941354
0.0190788,0.8941522
0.0190816,0.894174
0.0190864,0.8941906
0.0190882,0.8942128
0.0190908,0.8942308
0.0190952,0.8942448
0.019097,0.8942632
0.0190982,0.8942828
0.0191014,0.8942978
0.0191068,0.8943164
0.01911,0.894342
0.0191118,0.8943614
0.0191144,0.8943856
0.0191178,0.8944016
0.0191192,0.8944194
0.0191214,0.8944422
0.0191252,0.8944688
0.0191278,0.8944944
0.019131,0.8945164
0.0191348,0.8945338
0.0191392,0.8945516
0.0191418,0.8945752
0.0191446,0.8945996
0.0191472,0.8946196
0.0191502,0.8946402
0.0191536,0.8946612
0.0191548,0.8946824
0.019157,0.8947062
0.0191594,0.8947284
0.019162,0.8947482
0.019164,0.8947702
0.0191684,0.8947862
0.0191712,0.8948052
0.019174,0.8948232
0.0191754,0.8948428
0.0191774,0.8948636
0.0191822,0.8948814
0.0191846,0.8948986
0.0191868,0.894922
0.0191888,0.8949412
0.0191918,0.8949592
0.0191936,0.8949804
0.0191966,0.8949982
0.0191992,0.8950162
0.0192026,0.8950312
0.0192078,0.8950582
0.019209,0.8950806
0.0192138,0.895102
0.0192182,0.8951252
0.019221,0.8951426
0.0192244,0.8951618
0.0192266,0.8951882
0.019229,0.8952062
0.0192344,0.8952226
0.0192382,0.8952446
0.0192398,0.8952636
0.0192436,0.8952812
0.0192462,0.8953024
0.019249,0.8953182
0.019254,0.8953374
0.0192566,0.89536
0.0192612,0.8953794
0.0192628,0.8954028
0.019267,0.8954234
0.0192696,0.895442
0.0192738,0.8954648
0.0192764,0.8954824
0.019279,0.8954978
0.0192846,0.8955188
0.0192874,0.8955412
0.0192914,0.8955576
0.019296,0.8955766
0.0193,0.895596
0.0193018,0.895617
0.0193044,0.8956322
0.0193084,0.8956524
0.0193114,0.895671
0.0193142,0.8956888
0.0193176,0.8957088
0.0193204,0.8957316
0.0193224,0.8957474
0.0193236,0.8957648
0.019327,0.8957802
0.019329,0.8957966
0.0193326,0.8958162
0.019335,0.8958402
0.0193394,0.895863
0.0193428,0.8958802
0.0193462,0.895902
0.0193486,0.8959192
0.0193524,0.8959358
0.019354,0.8959582
0.019358,0.8959772
0.0193614,0.8959926
0.0193634,0.896021
0.019366,0.8960378
0.0193678,0.8960572
0.0193704,0.8960752
0.0193748,0.8960952
0.0193764,0.8961186
0.0193812,0.8961394
0.0193842,0.8961584
0.019388,0.8961784
0.0193912,0.8962014
0.0193942,0.8962214
0.0193978,0.8962454
0.0193998,0.8962632
0.0194042,0.8962838
0.0194076,0.8962982
0.0194102,0.8963218
0.0194126,0.8963402
0.019417,0.8963538
0.0194192,0.8963718
0.019423,0.8963922
0.0194272,0.8964094
0.0194288,0.8964226
0.0194318,0.896446
0.0194338,0.896462
0.0194364,0.8964806
0.0194382,0.8965038
0.019442,0.8965238
0.0194436,0.8965488
0.0194478,0.8965668
0.0194504,0.896585
0.0194542,0.8966042
0.0194568,0.8966238
0.0194606,0.8966428
0.0194634,0.896662
0.019464,0.8966842
0.0194668,0.8967044
0.0194706,0.8967204
0.0194734,0.8967352
0.0194762,0.896755
0.0194814,0.8967754
0.0194854,0.8967932
0.0194886,0.8968142
0.0194936,0.8968342
0.0194996,0.8968536
0.0195026,0.8968714
0.0195062,0.8968934
0.019509,0.896916
0.0195112,0.8969336
0.0195168,0.896957
0.0195196,0.8969752
0.0195212,0.8969924
0.0195234,0.897013
0.0195284,0.8970328
0.0195314,0.8970504
0.0195338,0.897064
0.0195364,0.8970854
0.0195388,0.8971034
0.0195432,0.8971288
0.0195446,0.8971506
0.0195468,0.8971674
0.019548,0.8971808
0.0195498,0.8971948
0.0195528,0.8972152
0.0195554,0.8972356
0.019557,0.8972522
0.0195602,0.89727
0.0195626,0.8972864
0.0195668,0.8973042
0.019568,0.8973276
0.0195716,0.8973486
0.0195744,0.8973676
0.0195754,0.897387
0.019578,0.897408
0.019581,0.8974288
0.0195834,0.8974494
0.019586,0.897466
0.0195894,0.8974892
0.0195914,0.8975102
0.0195934,0.8975258
0.0195968,0.897545
0.0195978,0.8975634
0.0196016,0.897591
0.0196044,0.8976054
0.0196062,0.8976252
0.0196088,0.8976424
0.0196106,0.897666
0.0196128,0.8976824
0.019615,0.8977038
0.0196176,0.8977202
0.0196216,0.8977414
0.0196228,0.8977594
0.0196244,0.897785
0.0196276,0.897807
0.0196312,0.8978268
0.0196342,0.8978452
0.0196374,0.897866
0.0196406,0.8978916
0.019642,0.8979082
0.0196458,0.897929
0.019647,0.897945
0.0196488,0.8979664
0.0196522,0.8979894
0.0196546,0.8980042
0.0196568,0.8980232
0.01966,0.8980412
0.019666,0.8980634
0.0196692,0.8980796
0.0196734,0.8980968
0.0196756,0.8981186
0.0196782,0.8981348
0.01968,0.898161
0.0196822,0.898179
0.0196842,0.8981942
0.0196864,0.898213
0.0196886,0.8982322
0.0196912,0.8982512
0.0196948,0.898275
0.0196962,0.8982984
0.0197002,0.898319
0.0197028,0.89834
0.0197062,0.898357
0.0197094,0.8983792
0.019713,0.8983968
0.019716,0.8984178
0.0197186,0.8984328
0.019723,0.8984514
0.019726,0.8984686
0.0197288,0.8984866
0.0197306,0.8985078
0.0197326,0.8985336
0.019735,0.8985532
0.0197372,0.898576
0.0197414,0.8986008
0.019746,0.89862
0.019748,0.898637
0.0197496,0.8986568
0.0197522,0.8986762
0.0197532,0.8986946
0.0197558,0.8987132
0.0197586,0.8987388
0.0197606,0.8987584
0.0197644,0.8987784
0.0197682,0.8987978
0.0197722,0.8988196
0.0197768,0.8988382
0.0197794,0.8988582
0.019782,0.8988796
0.0197838,0.8988964
0.019787,0.8989186
0.0197902,0.8989366
0.019793,0.898948
0.0197952,0.8989664
0.0198004,0.8989862
0.0198014,0.8990052
0.0198028,0.8990204
0.0198044,0.8990376
0.0198072,0.8990572
0.0198102,0.8990766
0.0198112,0.8990972
0.0198136,0.8991186
0.019817,0.899138
0.0198188,0.899159
0.0198208,0.899179
0.0198234,0.8991948
0.019828,0.8992158
0.0198298,0.8992396
0.0198316,0.8992568
0.0198336,0.8992814
0.019836,0.8993036
0.0198402,0.899321
0.0198416,0.8993428
0.0198462,0.89936
0.0198498,0.8993818
0.0198536,0.8993982
0.0198572,0.8994176
0.0198612,0.8994358
0.0198644,0.8994524
0.0198664,0.8994736
0.0198674,0.8994944
0.0198692,0.8995172
0.0198742,0.8995368
0.0198782,0.8995574
0.0198804,0.8995756
0.0198832,0.8995962
0.0198864,0.8996158
0.0198888,0.8996326
0.0198908,0.8996518
0.019893,0.899668
0.0198956,0.8996854
0.0198988,0.899704
0.0199046,0.8997244
0.019907,0.8997438
0.0199092,0.8997622
0.0199148,0.8997802
0.0199168,0.8997996
0.019918,0.8998194
0.0199212,0.8998416
0.0199244,0.8998584
0.019928,0.8998766
0.0199314,0.8998936
0.019935,0.8999128
0.0199366,0.8999344
0.019939,0.899955
0.0199422,0.899975
0.0199452,0.8999894
0.019948,0.9000124
0.0199494,0.90003
0.0199532,0.9000546
0.0199562,0.9000768
0.019959,0.9000952
0.0199618,0.9001152
0.019965,0.9001314
0.0199712,0.900153
0.0199756,0.9001746
0.019977,0.9001996
0.01998,0.9002158
0.0199824,0.9002392
0.0199844,0.9002594
0.019986,0.900281
0.0199884,0.900295
0.0199906,0.9003134
0.0199914,0.9003356
0.0199932,0.9003528
0.0199974,0.9003682
0.0200004,0.9003866
0.020002,0.9004038
0.0200058,0.900421
0.020009,0.9004402
0.0200112,0.9004554
0.0200146,0.9004768
0.020017,0.9004946
0.020019,0.900513
0.0200218,0.9005312
0.0200244,0.900549
0.0200278,0.9005694
0.0200324,0.9005892
0.0200354,0.9006104
0.0200374,0.900634
0.0200398,0.9006558
0.0200422,0.9006762
0.020044,0.9006952
0.0200446,0.9007124
0.0200482,0.9007326
0.0200506,0.9007506
0.0200518,0.9007688
0.0200534,0.9007842
0.0200556,0.9008038
0.0200596,0.9008208
0.0200642,0.9008444
0.020067,0.9008692
0.0200692,0.900892
0.0200712,0.9009132
0.020074,0.9009316
0.0200752,0.9009562
0.0200792,0.900977
0.020083,0.9009992
0.020085,0.9010168
0.020087,0.9010406
0.0200906,0.9010602
0.0200942,0.9010778
0.0200986,0.901098
0.0201004,0.9011158
0.0201034,0.9011326
0.0201066,0.901151
0.0201078,0.901168
0.0201116,0.9011862
0.0201136,0.9012002
0.020116,0.9012194
0.0201216,0.9012354
0.020124,0.9012548
0.0201254,0.9012726
0.0201294,0.9012914
0.0201334,0.9013098
0.0201374,0.9013284
0.0201412,0.9013516
0.0201432,0.9013682
0.0201468,0.9013912
0.0201478,0.9014096
0.020149,0.9014326
0.0201514,0.9014534
0.020155,0.9014758
0.020158,0.9014974
0.0201602,0.901513
0.0201634,0.901538
0.0201672,0.9015594
0.0201698,0.9015802
0.0201718,0.9016026
0.0201742,0.9016226
0.020176,0.9016386
0.020179,0.9016586
0.0201818,0.901673
0.0201844,0.9016922
0.0201862,0.9017092
0.0201888,0.9017314
0.020192,0.9017524
0.0201948,0.9017734
0.0201982,0.9017958
0.020202,0.9018118
0.0202062,0.9018358
0.0202102,0.9018622
0.0202124,0.901884
0.020215,0.9019026
0.020217,0.9019202
0.0202214,0.901942
0.0202226,0.9019582
0.0202248,0.9019796
0.0202272,0.9020018
0.0202294,0.9020218
0.0202306,0.9020418
0.020232,0.9020546
0.0202372,0.9020756
0.0202414,0.9020976
0.0202448,0.9021186
0.0202472,0.902137
0.0202502,0.9021558
0.0202526,0.902174
0.0202572,0.9021912
0.020259,0.9022118
0.020261,0.9022324
0.0202654,0.9022518
0.0202698,0.9022716
0.0202724,0.9022894
0.0202754,0.902311
0.0202774,0.9023292
0.0202788,0.9023446
0.0202812,0.9023662
0.020282,0.902382
0.0202846,0.9024018
0.0202864,0.9024262
0.0202886,0.9024494
0.0202904,0.9024672
0.0202942,0.9024864
0.0202984,0.9025032
0.0203008,0.9025212
0.0203044,0.9025388
0.0203078,0.9025572
0.0203112,0.9025744
0.0203152,0.9025902
0.020318,0.9026084
0.020322,0.9026282
0.020325,0.9026502
0.0203284,0.9026718
0.0203316,0.9026892
0.0203326,0.9027098
0.020335,0.9027228
0.020337,0.9027464
0.0203394,0.9027622
0.020343,0.9027788
0.020346,0.9027988
0.0203494,0.9028176
0.020354,0.9028334
0.020357,0.9028548
0.0203594,0.902872
0.0203612,0.9028932
0.020363,0.9029122
0.0203642,0.902931
0.0203666,0.9029482
0.02037,0.9029636
0.020373,0.9029864
0.0203766,0.9030024
0.0203788,0.9030204
0.0203806,0.9030392
0.020384,0.9030616
0.0203856,0.903081
0.0203876,0.9031008
0.0203904,0.9031216
0.0203932,0.9031476
0.0203954,0.9031724
0.0204,0.90319
0.020402,0.9032044
0.0204074,0.9032304
0.0204112,0.9032546
0.020413,0.9032728
0.0204154,0.9032928
0.0204182,0.9033104
0.0204212,0.9033276
0.0204228,0.9033514
0.0204246,0.9033612
0.0204286,0.903382
0.0204314,0.903402
0.0204358,0.9034158
0.0204382,0.9034314
0.020441,0.9034494
0.0204452,0.903468
0.0204494,0.9034874
0.0204512,0.9035052
0.0204542,0.9035284
0.0204566,0.90355
0.020458,0.90357
0.020461,0.9035868
0.0204618,0.9036062
0.0204642,0.9036254
0.0204674,0.9036432
0.0204692,0.9036594
0.0204714,0.9036752
0.0204742,0.9036886
0.0204788,0.9037114
0.0204814,0.903726
0.0204842,0.903743
0.0204896,0.9037576
0.0204922,0.9037774
0.0204928,0.9037934
0.0204944,0.903814
0.0204986,0.9038364
0.0205014,0.903853
0.020503,0.9038764
0.0205084,0.9038932
0.0205118,0.9039114
0.0205146,0.9039312
0.0205184,0.9039522
0.0205204,0.9039682
0.0205256,0.903988
0.0205278,0.904008
0.0205312,0.9040282
0.0205362,0.904049
0.0205392,0.9040678
0.0205424,0.9040886
0.020545,0.9041056
0.0205486,0.904123
0.0205514,0.9041436
0.0205548,0.904168
0.0205584,0.9041858
0.0205614,0.9042042
0.020564,0.9042234
0.0205658,0.9042396
0.0205668,0.9042534
0.0205682,0.9042722
0.0205712,0.9042924
0.0205736,0.904312
0.0205764,0.9043314
0.0205788,0.9043468
0.0205814,0.9043636
0.0205834,0.9043818
0.0205848,0.9044018
0.0205886,0.9044238
0.0205902,0.904443
0.0205948,0.9044684
0.0205968,0.9044892
0.0206016,0.9045092
0.0206044,0.9045326
0.0206056,0.9045514
0.020608,0.9045708
0.0206124,0.904599
0.0206138,0.9046242
0.0206156,0.9046378
0.0206182,0.9046536
0.0206224,0.904678
0.0206254,0.9046992
0.0206278,0.9047184
0.0206302,0.9047342
0.0206314,0.9047516
0.0206354,0.90477
0.0206382,0.9047892
0.0206408,0.9048106
0.0206446,0.9048296
0.0206462,0.9048522
0.0206474,0.9048736
0.0206512,0.904889
0.020653,0.9049056
0.0206542,0.904926
0.0206588,0.9049418
0.0206618,0.9049554
0.0206646,0.9049782
0.0206686,0.9049964
0.0206734,0.9050112
0.0206754,0.905038
0.0206796,0.9050546
0.0206816,0.9050754
0.0206848,0.9050896
0.0206894,0.90511
0.0206922,0.905126
0.020695,0.9051464
0.0206998,0.9051712
0.0207022,0.9051876
0.020704,0.9052072
0.0207054,0.9052232
0.0207094,0.9052458
0.020714,0.9052646
0.0207162,0.9052824
0.0207194,0.905301
0.0207234,0.9053218
0.0207264,0.905342
0.020729,0.9053576
0.020732,0.905377
0.0207348,0.9053894
0.0207378,0.9054104
0.0207396,0.9054264
0.0207416,0.9054436
0.0207434,0.905458
0.0207474,0.9054754
0.0207496,0.905492
0.0207528,0.9055054
0.0207548,0.9055182
0.020758,0.9055364
0.020761,0.9055584
0.0207638,0.9055768
0.0207664,0.9055982
0.0207692,0.9056178
0.0207718,0.905636
0.0207742,0.905655
0.0207782,0.9056724
0.0207796,0.9056946
0.0207822,0.9057088
0.020785,0.9057268
0.0207878,0.905748
0.02079,0.9057644
0.0207922,0.9057842
0.0207948,0.9058026
0.0207982,0.9058208
0.0208004,0.9058378
0.0208024,0.9058522
0.020805,0.9058696
0.0208092,0.9058896
0.0208116,0.9059074
0.0208148,0.905929
0.0208174,0.9059498
0.0208208,0.9059718
0.0208224,0.9059924
0.0208244,0.906012
0.020826,0.906037
0.0208282,0.906058
0.02083,0.9060804
0.0208326,0.906097
0.020835,0.9061154
0.0208374,0.9061306
0.0208408,0.906145
0.0208428,0.9061608
0.0208456,0.9061802
0.020852,0.9061958
0.0208532,0.9062098
0.0208566,0.906229
0.0208586,0.9062446
0.0208604,0.906257
0.0208644,0.9062768
0.02087,0.9062964
0.0208728,0.906319
0.0208748,0.9063384
0.0208786,0.9063588
0.020881,0.9063764
0.0208848,0.9063962
0.020888,0.906412
0.0208914,0.9064304
0.0208924,0.9064498
0.020895,0.9064664
0.0208962,0.9064868
0.0208994,0.90651
0.0209018,0.9065336
0.0209048,0.9065534
0.0209082,0.9065794
0.020912,0.9065984
0.0209138,0.9066166
0.0209188,0.9066404
0.0209208,0.9066574
0.0209224,0.9066818
0.020925,0.9067
0.0209276,0.9067236
0.0209308,0.9067386
0.020935,0.906762
0.020937,0.9067844
0.0209386,0.9068126
0.0209408,0.9068298
0.0209432,0.9068476
0.0209466,0.9068614
0.0209498,0.9068844
0.0209522,0.9069052
0.0209546,0.9069228
0.0209578,0.906943
0.0209608,0.9069624
0.020965,0.9069816
0.0209674,0.9069988
0.0209694,0.907021
0.0209726,0.9070384
0.0209756,0.9070572
0.0209756,0.9070754
0.0209808,0.907095
0.0209828,0.9071144
0.0209854,0.907134
0.0209896,0.9071548
0.0209932,0.9071792
0.0209972,0.9071924
0.0209986,0.9072098
0.021,0.907229
0.0210032,0.9072488
0.0210054,0.9072654
0.0210092,0.9072836
0.021011,0.9073022
0.0210138,0.9073184
0.0210148,0.9073384
0.0210166,0.9073604
0.021019,0.9073796
0.0210214,0.9074006
0.0210246,0.9074204
0.0210302,0.9074378
0.0210326,0.9074534
0.021036,0.9074712
0.0210388,0.9074876
0.0210434,0.9075044
0.0210468,0.907521
0.021049,0.907539
0.0210526,0.9075584
0.0210564,0.9075752
0.0210582,0.9075914
0.0210616,0.907608
0.0210664,0.9076256
0.021069,0.9076438
0.0210734,0.9076602
0.0210756,0.9076796
0.0210772,0.9076968
0.0210794,0.9077198
0.0210826,0.9077416
0.0210848,0.907756
0.0210862,0.907777
0.0210882,0.9077928
0.0210924,0.9078138
0.0210952,0.9078312
0.0210964,0.9078526
0.0211018,0.9078772
0.0211038,0.9078962
0.0211066,0.9079204
0.0211094,0.9079408
0.0211114,0.9079564
0.0211126,0.907975
0.0211176,0.9079984
0.02112,0.9080154
0.0211226,0.908038
0.0211262,0.9080512
0.021128,0.9080732
0.0211316,0.9080942
0.0211356,0.9081142
0.021139,0.9081338
0.0211412,0.9081526
0.021145,0.908168
0.0211476,0.908191
0.021151,0.9082122
0.0211542,0.9082306
0.0211558,0.908246
0.0211614,0.908264
0.0211652,0.9082792
0.0211666,0.9083008
0.0211694,0.9083174
0.0211716,0.9083326
0.0211738,0.9083476
0.021177,0.9083718
0.0211796,0.9083938
0.0211822,0.9084136
0.0211848,0.9084292
0.0211874,0.9084508
0.0211908,0.9084732
0.0211926,0.9084938
0.0211956,0.9085134
0.0211974,0.9085324
0.0212008,0.9085512
0.0212026,0.9085702
0.021207,0.908588
0.0212104,0.9086092
0.021211,0.9086304
0.0212134,0.9086432
0.021215,0.908659
0.021218,0.9086784
0.0212218,0.9086932
0.0212244,0.9087084
0.0212272,0.9087342
0.0212312,0.9087524
0.0212326,0.9087696
0.0212374,0.9087916
0.02124,0.908806
0.021244,0.9088246
0.0212472,0.9088424
0.0212518,0.908861
0.0212536,0.9088728
0.021255,0.9088916
0.0212584,0.9089118
0.021262,0.9089284
0.0212642,0.9089476
0.021267,0.9089676
0.021269,0.9089896
0.0212736,0.9090066
0.0212752,0.9090234
0.0212784,0.909041
0.0212808,0.9090588
0.0212842,0.9090792
0.0212864,0.9090982
0.021288,0.9091188
0.0212904,0.9091364
0.0212938,0.909159
0.0212972,0.9091786
0.0212978,0.9091922
0.0213008,0.909208
0.021303,0.9092284
0.0213076,0.9092496
0.02131,0.9092616
0.021312,0.9092826
0.0213146,0.9093054
0.0213158,0.9093306
0.02132,0.9093468
0.0213224,0.9093624
0.0213248,0.909378
0.0213256,0.909397
0.0213292,0.9094142
0.0213318,0.9094296
0.021335,0.9094496
0.0213378,0.9094614
0.0213418,0.9094828
0.0213458,0.9095036
0.0213496,0.909518
0.021353,0.9095334
0.0213578,0.909549
0.0213612,0.9095614
0.0213638,0.9095814
0.021365,0.9095984
0.0213664,0.909615
0.02137,0.9096288
0.021373,0.9096448
0.021376,0.9096642
0.0213798,0.9096834
0.0213824,0.9097016
0.0213848,0.90972
0.0213884,0.9097392
0.0213906,0.9097588
0.0213912,0.9097772
0.0213926,0.9097954
0.021394,0.909816
0.0213986,0.909836
0.0214008,0.9098506
0.0214026,0.9098694
0.0214076,0.9098892
0.021411,0.90991
0.021412,0.9099308
0.0214152,0.9099458
0.0214184,0.909964
0.0214206,0.90999
0.0214224,0.9100094
0.0214262,0.9100238
0.02143,0.9100488
0.021433,0.91007
0.0214366,0.910089
0.0214382,0.9101072
0.0214402,0.9101224
0.0214434,0.910139
0.0214452,0.910153
0.021448,0.9101724
0.0214506,0.9101908
0.021453,0.9102062
0.0214558,0.910226
0.0214594,0.9102432
0.0214622,0.9102594
0.0214646,0.9102782
0.0214652,0.9102974
0.0214668,0.9103138
0.0214714,0.9103304
0.0214732,0.9103534
0.0214756,0.9103706
0.0214784,0.9103892
0.0214818,0.9104056
0.0214864,0.910427
0.021489,0.9104456
0.0214904,0.9104652
0.0214922,0.9104878
0.0214956,0.9105064
0.0214994,0.9105234
0.0215016,0.9105422
0.0215058,0.9105622
0.021507,0.910583
0.0215102,0.9106008
0.0215124,0.9106184
0.021515,0.9106414
0.0215174,0.9106618
0.0215198,0.9106774
0.0215238,0.910696
0.0215258,0.9107156
0.0215278,0.9107364
0.0215302,0.9107552
0.021532,0.9107748
0.0215354,0.9107954
0.0215378,0.910815
0.0215434,0.910833
0.021545,0.9108546
0.0215468,0.9108758
0.0215488,0.9108986
0.021552,0.9109184
0.0215554,0.9109414
0.0215578,0.9109626
0.0215602,0.9109772
0.0215616,0.9109938
0.0215634,0.9110118
0.021567,0.9110296
0.0215678,0.9110496
0.0215696,0.9110674
0.0215722,0.9110856
0.021574,0.911105
0.0215776,0.9111222
0.0215826,0.9111408
0.0215856,0.9111628
0.0215872,0.911178
0.0215896,0.9112012
0.0215918,0.9112168
0.0215934,0.9112346
0.0215974,0.9112552
0.0215998,0.9112734
0.0216024,0.9112918
0.0216046,0.9113114
0.0216084,0.9113268
0.0216112,0.9113416
0.0216136,0.9113604
0.0216186,0.9113772
0.0216236,0.9113948
0.0216254,0.9114144
0.0216294,0.9114342
0.0216334,0.9114568
0.0216362,0.9114754
0.0216398,0.9114922
0.021642,0.9115118
0.0216452,0.9115326
0.021647,0.911551
0.0216506,0.9115716
0.0216542,0.911589
0.0216566,0.9116066
0.0216586,0.9116238
0.021661,0.9116438
0.0216636,0.9116628
0.0216676,0.9116818
0.0216694,0.911703
0.0216722,0.9117166
0.0216758,0.9117342
0.0216778,0.9117544
0.0216816,0.9117732
0.021684,0.9117878
0.0216882,0.9118046
0.021691,0.9118206
0.0216938,0.9118388
0.0216962,0.9118606
0.0216984,0.9118722
0.0217006,0.9118844
0.0217026,0.9119012
0.021706,0.9119226
0.0217092,0.9119392
0.0217122,0.911962
0.0217144,0.9119762
0.0217176,0.9119934
0.0217196,0.9120116
0.0217222,0.9120322
0.0217258,0.912049
0.0217278,0.9120694
0.0217308,0.912086
0.021734,0.9121044
0.0217378,0.9121258
0.0217402,0.9121464
0.0217422,0.9121682
0.0217434,0.9121884
0.0217458,0.9122086
0.0217496,0.912227
0.021751,0.912242
0.0217518,0.9122588
0.0217542,0.9122816
0.0217568,0.9123024
0.0217596,0.9123176
0.0217614,0.9123318
0.0217652,0.91235
0.0217688,0.9123696
0.0217698,0.9123906
0.0217714,0.9124072
0.0217738,0.9124242
0.0217766,0.9124456
0.0217792,0.9124656
0.0217808,0.9124842
0.0217826,0.9125056
0.021786,0.9125258
0.0217894,0.9125436
0.0217938,0.9125616
0.0217966,0.9125816
0.0217998,0.9126016
0.0218024,0.91262
0.0218054,0.9126322
0.0218076,0.9126522
0.0218108,0.9126694
0.0218128,0.9126898
0.0218158,0.9127096
0.0218202,0.9127266
0.0218232,0.9127456
0.0218258,0.9127602
0.0218284,0.912777
0.0218298,0.9127962
0.021833,0.9128144
0.0218362,0.9128298
0.0218374,0.9128468
0.021842,0.9128666
0.0218454,0.9128836
0.021849,0.9129022
0.021851,0.9129192
0.0218542,0.9129336
0.0218568,0.9129488
0.0218586,0.9129656
0.0218608,0.9129872
0.021864,0.9130064
0.0218682,0.9130272
0.0218702,0.9130456
0.0218722,0.9130626
0.0218752,0.9130848
0.0218786,0.9131038
0.0218808,0.9131284
0.0218842,0.9131454
0.0218874,0.9131586
0.0218902,0.9131794
0.0218928,0.913199
0.0218968,0.9132218
0.0218982,0.9132402
0.0219002,0.913261
0.0219036,0.9132778
0.0219072,0.9132982
0.0219094,0.9133118
0.021911,0.9133312
0.0219162,0.9133496
0.0219188,0.9133698
0.021922,0.9133908
0.0219238,0.9134052
0.0219248,0.913425
0.021928,0.913441
0.0219306,0.9134602
0.0219326,0.9134808
0.0219348,0.913495
0.0219384,0.9135122
0.0219412,0.9135288
0.0219426,0.9135504
0.0219444,0.9135708
0.0219478,0.913584
0.0219518,0.913605
0.0219536,0.9136172
0.0219568,0.9136366
0.0219594,0.9136572
0.0219614,0.913676
0.0219646,0.9136964
0.0219656,0.9137142
0.021967,0.9137304
0.0219694,0.9137526
0.0219722,0.91377
0.0219732,0.9137864
0.0219774,0.9138028
0.0219796,0.9138242
0.0219832,0.9138434
0.0219846,0.9138608
0.0219874,0.9138788
0.021991,0.913896
0.021994,0.913918
0.0219966,0.9139344
0.0220006,0.9139492
0.0220046,0.9139686
0.0220072,0.9139886
0.0220094,0.914006
0.0220124,0.9140198
0.022015,0.914039
0.022018,0.9140564
0.0220196,0.9140792
0.022024,0.9140944
0.0220274,0.9141116
0.0220304,0.9141294
0.0220336,0.9141454
0.0220352,0.9141656
0.0220386,0.9141846
0.0220424,0.9142088
0.0220446,0.91423
0.0220464,0.9142524
0.0220498,0.914276
0.0220522,0.9142966
0.0220554,0.9143156
0.0220568,0.9143358
0.022059,0.914354
0.0220616,0.9143738
0.0220638,0.914391
0.0220652,0.9144106
0.022069,0.9144268
0.0220712,0.914444
0.022073,0.9144624
0.022076,0.9144812
0.0220784,0.9144952
0.0220802,0.914515
0.0220824,0.914536
0.0220862,0.9145566
0.0220886,0.9145774
0.02209,0.9145938
0.022093,0.9146118
0.0220962,0.914629
0.0220998,0.9146462
0.0221024,0.914663
0.022104,0.9146786
0.0221076,0.914698
0.0221102,0.9147162
0.0221108,0.9147306
0.0221136,0.914746
0.022117,0.9147648
0.0221186,0.9147828
0.0221204,0.9148
0.022123,0.914817
0.0221272,0.9148346
0.0221298,0.914853
0.022133,0.9148678
0.0221372,0.914885
0.0221376,0.9149038
0.0221392,0.9149218
0.0221406,0.9149422
0.0221448,0.9149568
0.0221478,0.914976
0.0221504,0.9149966
0.0221534,0.915011
0.0221582,0.9150326
0.02216,0.9150494
0.0221618,0.9150686
0.022163,0.9150812
0.0221642,0.9150972
0.022166,0.9151092
0.0221702,0.9151272
0.0221732,0.915147
0.0221744,0.9151632
0.0221774,0.91518
0.0221786,0.9152016
0.0221824,0.9152204
0.0221838,0.9152394
0.0221872,0.9152588
0.0221904,0.9152766
0.0221932,0.9152936
0.0221948,0.9153138
0.0221968,0.9153328
0.0221992,0.915346
0.0222006,0.9153628
0.0222032,0.9153832
0.022206,0.9153982
0.0222102,0.9154228
0.0222132,0.9154432
0.0222168,0.915462
0.0222196,0.915473
0.0222216,0.915485
0.0222236,0.9155022
0.0222244,0.9155264
0.0222264,0.9155446
0.02223,0.9155638
0.022231,0.9155846
0.0222346,0.9156026
0.0222374,0.9156212
0.0222392,0.9156424
0.022242,0.9156606
0.0222452,0.9156804
0.0222474,0.9157002
0.0222504,0.9157174
0.0222516,0.9157358
0.0222556,0.9157596
0.0222594,0.9157812
0.0222622,0.9157966
0.0222654,0.915809
0.022268,0.9158258
0.0222712,0.9158418
0.022274,0.9158644
0.022276,0.91588
0.022279,0.915895
0.022281,0.9159172
0.0222828,0.9159348
0.0222864,0.915952
0.0222896,0.9159728
0.0222942,0.91599
0.022297,0.9160094
0.0222994,0.9160366
0.0223008,0.9160504
0.0223034,0.9160702
0.0223068,0.9160906
0.0223094,0.9161084
0.0223108,0.9161294
0.0223128,0.916149
0.0223158,0.916165
0.022318,0.9161794
0.0223214,0.9162014
0.0223248,0.916221
0.0223286,0.9162426
0.022332,0.916262
0.0223362,0.916279
0.0223404,0.9163008
0.0223426,0.9163192
0.0223446,0.9163378
0.0223464,0.9163592
0.0223492,0.9163764
0.0223536,0.9163962
0.0223568,0.9164158
0.0223638,0.9164408
0.0223646,0.9164574
0.0223678,0.9164704
0.0223712,0.9164822
0.0223744,0.9165002
0.0223768,0.9165176
0.0223796,0.9165364
0.0223832,0.9165504
0.0223854,0.9165678
0.0223878,0.9165878
0.022391,0.9166042
0.022395,0.9166274
0.0223992,0.9166464
0.0224022,0.9166674
0.0224062,0.9166874
0.0224094,0.9167072
0.022412,0.916724
0.0224152,0.9167424
0.0224182,0.916757
0.0224192,0.9167798
0.0224202,0.916792
0.0224242,0.9168112
0.0224258,0.9168276
0.0224276,0.9168488
0.0224296,0.9168644
0.0224318,0.916884
0.0224352,0.9169016
0.0224388,0.9169262
0.0224412,0.916948
0.0224428,0.9169662
0.022444,0.9169856
0.0224462,0.9170018
0.0224482,0.9170166
0.02245,0.9170312
0.0224526,0.9170482
0.022456,0.9170628
0.0224588,0.9170782
0.0224608,0.9170948
0.022465,0.9171134
0.0224692,0.9171296
0.0224714,0.9171448
0.0224724,0.917162
0.0224756,0.9171768
0.0224766,0.9171978
0.022479,0.9172114
0.022481,0.9172304
0.0224846,0.9172456
0.0224872,0.9172692
0.0224898,0.9172822
0.0224914,0.9173016
0.0224944,0.9173168
0.0224982,0.9173344
0.0225006,0.9173534
0.0225046,0.9173722
0.0225076,0.917388
0.0225106,0.9174066
0.0225128,0.9174254
0.0225154,0.9174418
0.0225174,0.9174624
0.0225214,0.9174774
0.0225238,0.9174982
0.0225266,0.9175208
0.0225296,0.9175456
0.0225314,0.9175612
0.0225342,0.9175796
0.0225374,0.9175966
0.0225392,0.9176108
0.0225434,0.9176274
0.0225456,0.9176424
0.0225498,0.9176568
0.0225516,0.9176732
0.0225558,0.9176902
0.0225564,0.9177126
0.0225598,0.9177302
0.0225644,0.9177498
0.0225656,0.9177666
0.0225682,0.9177846
0.0225716,0.9178048
0.0225752,0.9178208
0.0225786,0.9178404
0.0225822,0.91786
0.0225848,0.9178784
0.0225868,0.9178926
0.0225902,0.917911
0.0225924,0.917927
0.0225952,0.9179454
0.022598,0.9179638
0.022599,0.9179798
0.0226006,0.9179976
0.0226036,0.9180136
0.0226056,0.9180342
0.022608,0.9180524
0.0226094,0.9180684
0.0226114,0.918086
0.0226146,0.9180986
0.0226178,0.9181126
0.0226192,0.9181322
0.0226218,0.9181496
0.0226228,0.9181674
0.0226272,0.918182
0.022629,0.9181978
0.022629,0.9182132
0.0226324,0.9182318
0.0226348,0.918251
0.0226364,0.9182732
0.0226382,0.918294
0.0226404,0.9183126
0.022644,0.918332
0.0226474,0.9183542
0.0226504,0.9183766
0.0226538,0.9183922
0.0226558,0.9184144
0.0226594,0.918438
0.022663,0.9184564
0.0226678,0.9184754
0.0226726,0.918493
0.0226736,0.9185122
0.0226774,0.9185294
0.0226792,0.9185536
0.0226806,0.918569
0.022682,0.9185844
0.022685,0.9186062
0.022687,0.9186262
0.0226912,0.9186456
0.0226936,0.9186642
0.0226984,0.918681
0.0227008,0.9186964
0.0227046,0.9187144
0.022707,0.918727
0.0227106,0.9187426
0.0227142,0.9187642
0.0227164,0.9187886
0.0227192,0.9188084
0.0227224,0.9188244
0.0227248,0.9188392
0.0227288,0.9188498
0.022731,0.9188648
0.022735,0.9188824
0.0227362,0.9189012
0.022739,0.9189146
0.0227398,0.9189346
0.0227426,0.9189534
0.0227446,0.9189732
0.0227468,0.9189906
0.0227488,0.9190068
0.0227512,0.9190198
0.0227536,0.9190382
0.0227554,0.9190554
0.0227592,0.9190692
0.0227616,0.9190878
0.0227648,0.9191014
0.0227672,0.919116
0.0227696,0.9191348
0.0227714,0.919149
0.0227752,0.9191676
0.0227778,0.919181
0.0227816,0.919203
0.0227838,0.9192214
0.0227856,0.919242
0.0227896,0.9192604
0.022793,0.9192758
0.0227944,0.9192986
0.022798,0.9193156
0.0228016,0.9193378
0.0228058,0.9193514
0.0228092,0.9193678
0.0228134,0.9193828
0.0228162,0.9194046
0.0228184,0.9194226
0.022822,0.9194372
0.0228244,0.9194514
0.022828,0.9194684
0.0228298,0.9194898
0.0228326,0.9195088
0.0228354,0.919525
0.022838,0.9195444
0.0228408,0.9195602
0.0228432,0.9195786
0.0228472,0.9195946
0.0228486,0.919615
0.0228498,0.9196356
0.0228518,0.9196522
0.0228556,0.919673
0.0228584,0.9196938
0.0228622,0.9197182
0.0228656,0.9197354
0.022869,0.9197574
0.0228716,0.919774
0.0228734,0.9197888
0.022877,0.9198106
0.0228796,0.9198268
0.0228812,0.9198452
0.0228836,0.9198628
0.0228862,0.9198818
0.0228896,0.919902
0.0228922,0.9199114
0.022896,0.919934
0.0228974,0.9199518
0.0228984,0.9199688
0.0229008,0.9199858
0.0229032,0.9200086
0.0229052,0.9200282
0.0229068,0.9200462
0.0229084,0.9200636
0.022912,0.920083
0.022915,0.920101
0.0229168,0.920118
0.022919,0.920132
0.0229222,0.920151
0.0229244,0.9201714
0.0229256,0.9201932
0.0229278,0.9202092
0.0229308,0.9202264
0.0229356,0.9202506
0.0229368,0.9202692
0.0229408,0.920286
0.0229456,0.9203052
0.0229474,0.9203218
0.0229484,0.9203364
0.0229518,0.9203598
0.0229554,0.9203766
0.022958,0.9203998
0.0229618,0.920414
0.022963,0.9204346
0.022965,0.9204508
0.0229664,0.9204706
0.0229702,0.9204886
0.0229726,0.9205072
0.022975,0.9205294
0.0229782,0.920545
0.0229798,0.9205634
0.0229828,0.920581
0.0229852,0.9206022
0.0229868,0.9206212
0.0229898,0.9206424
0.022991,0.9206592
0.0229934,0.9206742
0.0229962,0.920691
0.0229984,0.92071
0.023001,0.9207276
0.0230042,0.9207474
0.0230082,0.920768
0.023011,0.9207844
0.0230142,0.9208066
0.0230186,0.9208222
0.0230204,0.9208424
0.0230234,0.920862
0.023026,0.9208796
0.0230292,0.9208964
0.0230318,0.9209114
0.0230342,0.9209318
0.0230372,0.9209464
0.0230396,0.920963
0.0230422,0.9209776
0.0230438,0.9209952
0.0230462,0.921013
0.0230488,0.9210296
0.023052,0.9210468
0.0230556,0.9210638
0.0230582,0.9210792
0.0230626,0.921095
0.0230652,0.9211108
0.0230694,0.9211274
0.0230742,0.921141
0.0230762,0.9211608
0.0230788,0.9211748
0.023082,0.9211924
0.0230842,0.9212042
0.0230878,0.9212212
0.0230906,0.9212416
0.0230926,0.9212576
0.0230948,0.9212776
0.0230972,0.9212962
0.0230996,0.9213142
0.0231016,0.921335
0.0231034,0.9213488
0.0231074,0.9213686
0.0231092,0.9213828
0.0231136,0.9214036
0.0231162,0.921421
0.0231176,0.9214338
0.0231192,0.9214488
0.023122,0.921461
0.0231234,0.9214814
0.0231262,0.9215044
0.0231288,0.921525
0.0231328,0.9215406
0.0231364,0.9215588
0.0231388,0.9215782
0.0231424,0.921599
0.023145,0.9216162
0.0231478,0.9216346
0.0231528,0.9216546
0.0231538,0.9216702
0.0231584,0.9216844
0.0231614,0.9216984
0.0231644,0.9217116
0.0231666,0.921727
0.023169,0.9217428
0.0231712,0.9217612
0.023173,0.9217808
0.0231752,0.921801
0.0231782,0.921821
0.0231802,0.9218396
0.0231824,0.9218552
0.0231856,0.9218714
0.023188,0.9218868
0.0231904,0.9219038
0.0231934,0.921921
0.0231954,0.921938
0.0231982,0.921955
0.0232016,0.9219722
0.0232042,0.9219878
0.023207,0.922006
0.0232084,0.9220256
0.0232114,0.9220428
0.0232142,0.922058
0.0232166,0.9220758
0.0232198,0.9220934
0.0232208,0.92211
0.0232244,0.9221246
0.023229,0.922143
0.0232302,0.9221564
0.0232318,0.9221724
0.0232342,0.9221918
0.0232368,0.9222056
0.0232394,0.92222
0.0232428,0.9222388
0.023247,0.9222594
0.0232494,0.9222768
0.0232516,0.922297
0.0232522,0.9223102
0.0232544,0.9223328
0.023256,0.922354
0.023258,0.9223738
0.0232616,0.92239
0.0232656,0.9224078
0.0232684,0.922426
0.0232696,0.922444
0.0232718,0.9224614
0.0232738,0.922482
0.0232764,0.9224986
0.023282,0.922515
0.0232848,0.9225294
0.0232866,0.9225448
0.0232894,0.9225622
0.023292,0.9225756
0.0232948,0.9225924
0.0232972,0.9226128
0.0232998,0.9226296
0.0233018,0.922647
0.0233056,0.9226582
0.0233084,0.9226698
0.0233104,0.9226862
0.0233122,0.9227068
0.0233148,0.9227248
0.0233168,0.922745
0.0233206,0.9227624
0.0233238,0.9227798
0.0233264,0.9227968
0.023329,0.922813
0.0233316,0.922831
0.0233348,0.922847
0.0233378,0.9228584
0.0233404,0.9228768
0.0233452,0.9228958
0.0233506,0.9229134
0.0233516,0.922929
0.023356,0.922949
0.023357,0.922963
0.0233592,0.9229764
0.0233616,0.922993
0.0233644,0.9230086
0.023367,0.9230344
0.023371,0.9230512
0.023375,0.923071
0.0233758,0.9230912
0.0233786,0.9231116
0.0233824,0.9231314
0.0233852,0.9231464
0.023386,0.9231616
0.0233882,0.9231812
0.0233906,0.9231994
0.0233938,0.9232202
0.0233958,0.9232354
0.0233988,0.923253
0.0234028,0.9232706
0.0234048,0.9232872
0.0234104,0.9233052
0.0234126,0.9233212
0.023417,0.9233364
0.0234196,0.9233596
0.0234212,0.9233776
0.023424,0.923394
0.023426,0.923411
0.0234294,0.9234288
0.0234334,0.9234436
0.023436,0.9234554
0.0234372,0.9234734
0.0234404,0.9234904
0.023443,0.9235054
0.0234476,0.9235216
0.02345,0.9235434
0.0234538,0.9235602
0.0234584,0.9235824
0.0234604,0.9236074
0.0234638,0.923626
0.0234672,0.9236432
0.0234692,0.923657
0.0234708,0.9236804
0.0234736,0.923699
0.0234782,0.9237168
0.0234802,0.9237354
0.0234816,0.923757
0.0234852,0.9237744
0.0234862,0.92379
0.02349,0.9238132
0.0234934,0.9238276
0.023496,0.9238428
0.0235008,0.9238596
0.023506,0.9238798
0.0235072,0.9238954
0.02351,0.9239124
0.0235124,0.9239304
0.0235142,0.923954
0.0235186,0.9239766
0.023521,0.923996
0.0235234,0.9240114
0.0235258,0.9240278
0.023529,0.9240388
0.0235302,0.9240548
0.0235342,0.924075
0.0235356,0.9241004
0.0235386,0.9241232
0.0235404,0.9241394
0.023541,0.9241532
0.0235446,0.924171
0.0235484,0.9241848
0.0235512,0.924208
0.0235546,0.9242258
0.0235578,0.9242438
0.023561,0.9242554
0.0235628,0.9242726
0.0235658,0.9242876
0.0235686,0.9243068
0.0235722,0.9243262
0.0235768,0.9243414
0.0235808,0.9243584
0.0235846,0.9243788
0.0235868,0.924399
0.0235888,0.9244152
0.0235918,0.924429
0.023593,0.924446
0.0235958,0.92446
0.0235978,0.9244764
0.023601,0.924496
0.0236044,0.9245154
0.023607,0.9245346
0.0236088,0.9245476
0.023611,0.9245642
0.0236132,0.9245816
0.0236158,0.9245992
0.0236214,0.9246156
0.0236246,0.9246336
0.023628,0.924648
0.0236288,0.9246666
0.023631,0.9246838
0.0236334,0.9247024
0.0236366,0.9247204
0.0236388,0.9247406
0.0236402,0.9247578
0.0236446,0.9247732
0.0236486,0.9247898
0.0236518,0.9248114
0.0236536,0.9248268
0.0236576,0.9248418
0.0236602,0.9248606
0.023664,0.9248818
0.0236654,0.9248952
0.0236678,0.9249062
0.0236696,0.924921
0.023671,0.924939
0.0236732,0.9249552
0.023678,0.9249704
0.0236808,0.924986
0.0236838,0.9250052
0.0236864,0.9250298
0.0236904,0.9250512
0.023693,0.9250678
0.0236964,0.925091
0.0236988,0.9251086
0.0237018,0.925132
0.0237052,0.9251528
0.0237086,0.9251726
0.0237118,0.9251914
0.0237148,0.9252082
0.0237166,0.9252278
0.0237182,0.9252426
0.0237192,0.925262
0.0237204,0.925277
0.0237236,0.9252898
0.0237284,0.9253072
0.0237302,0.9253258
0.0237316,0.9253476
0.0237348,0.9253652
0.0237366,0.925383
0.0237388,0.9254018
0.023743,0.9254168
0.023746,0.9254328
0.023748,0.9254518
0.0237488,0.9254704
0.0237516,0.9254884
0.0237554,0.9255056
0.0237582,0.925523
0.0237596,0.9255444
0.023762,0.9255634
0.023764,0.9255838
0.0237674,0.9256008
0.0237708,0.9256152
0.023774,0.9256334
0.0237744,0.9256522
0.023777,0.9256692
0.0237798,0.9256848
0.0237816,0.9257022
0.0237838,0.9257216
0.0237868,0.925739
0.0237898,0.9257578
0.0237908,0.9257796
0.0237934,0.9257966
0.023798,0.9258126
0.0238008,0.9258274
0.0238032,0.9258438
0.023806,0.9258656
0.0238084,0.925886
0.0238126,0.9259028
0.0238154,0.9259166
0.0238188,0.9259376
0.0238208,0.9259576
0.023823,0.925979
0.0238248,0.9259958
0.0238256,0.9260104
0.0238276,0.9260228
0.0238304,0.926039
0.0238332,0.9260558
0.023836,0.9260742
0.0238382,0.926093
0.0238404,0.9261068
0.0238426,0.926125
0.0238466,0.9261448
0.0238478,0.926161
0.0238522,0.926177
0.023856,0.92619
0.0238586,0.9262066
0.0238606,0.9262258
0.023863,0.926241
0.0238652,0.9262602
0.0238674,0.9262792
0.0238702,0.926294
0.023872,0.926311
0.0238738,0.926326
0.023875,0.9263416
0.0238786,0.9263544
0.0238802,0.9263742
0.0238828,0.9263862
0.0238856,0.9264018
0.0238878,0.9264172
0.0238902,0.9264328
0.0238938,0.9264492
0.0238954,0.9264662
0.023898,0.926483
0.0239014,0.926498
0.0239036,0.9265114
0.0239048,0.926529
0.023906,0.9265436
0.0239092,0.9265558
0.0239126,0.9265754
0.023916,0.9265934
0.023919,0.9266112
0.023921,0.926624
0.0239234,0.9266426
0.023926,0.926658
0.0239288,0.9266762
0.0239328,0.926691
0.0239354,0.9267032
0.0239396,0.9267166
0.0239432,0.926733
0.023945,0.926746
0.023946,0.926764
0.0239482,0.9267812
0.0239508,0.926798
0.0239544,0.9268148
0.0239566,0.9268342
0.0239582,0.9268554
0.0239614,0.9268686
0.0239644,0.926886
0.0239668,0.9269058
0.0239692,0.9269218
0.0239704,0.9269418
0.0239742,0.9269582
0.023975,0.9269766
0.023978,0.926994
0.023979,0.9270118
0.0239808,0.927029
0.0239826,0.9270442
0.0239844,0.9270658
0.023987,0.927083
0.0239874,0.9270998
0.0239888,0.9271172
0.0239908,0.9271338
0.0239932,0.9271516
0.0239964,0.9271664
0.0239976,0.9271844
0.0240006,0.9271984
0.024004,0.927216
0.0240058,0.927231
0.0240088,0.92725
0.0240106,0.9272616
0.0240126,0.9272804
0.0240152,0.9272986
0.0240184,0.9273224
0.0240206,0.9273412
0.0240222,0.9273556
0.0240236,0.9273756
0.0240284,0.9273892
0.0240296,0.9274076
0.0240308,0.9274234
0.0240344,0.927441
0.024037,0.9274646
0.0240406,0.9274836
0.0240434,0.9275018
0.0240452,0.9275194
0.0240498,0.9275362
0.0240516,0.9275542
0.0240562,0.9275742
0.024059,0.9275896
0.0240622,0.9276102
0.0240664,0.9276296
0.024069,0.9276436
0.0240722,0.9276622
0.0240756,0.9276792
0.0240778,0.9276938
0.0240788,0.9277158
0.02408,0.927737
0.0240822,0.9277558
0.0240852,0.9277742
0.0240876,0.927795
0.024091,0.9278094
0.0240924,0.9278254
0.0240948,0.9278406
0.0240968,0.9278566
0.0240988,0.9278748
0.0241016,0.9278904
0.0241036,0.9279084
0.0241056,0.9279268
0.0241074,0.9279438
0.0241108,0.9279616
0.0241134,0.9279772
0.0241168,0.927995
0.0241198,0.9280076
0.0241246,0.9280266
0.024127,0.928039
0.0241282,0.9280544
0.0241316,0.9280638
0.0241338,0.9280826
0.024135,0.9281016
0.0241388,0.9281172
0.02414,0.9281364
0.0241432,0.9281554
0.0241454,0.9281704
0.0241478,0.9281876
0.0241524,0.928207
0.024155,0.9282236
0.024157,0.9282428
0.0241598,0.928261
0.0241634,0.9282758
0.0241658,0.9282912
0.0241686,0.9283088
0.0241708,0.9283262
0.0241726,0.9283382
0.0241754,0.9283518
0.0241804,0.9283688
0.0241816,0.9283868
0.024184,0.9284076
0.0241868,0.928418
0.0241884,0.9284396
0.0241894,0.9284534
0.024192,0.928471
0.0241948,0.9284842
0.0241964,0.9285014
0.0242014,0.9285122
0.0242028,0.9285308
0.0242054,0.928548
0.024209,0.9285686
0.0242134,0.9285818
0.0242156,0.9286028
0.024218,0.9286186
0.02422,0.9286326
0.0242242,0.9286496
0.0242256,0.9286616
0.024229,0.9286776
0.0242314,0.9286948
0.0242334,0.9287098
0.0242372,0.928725
0.0242396,0.928743
0.0242412,0.9287626
0.0242442,0.9287784
0.024247,0.9287956
0.0242494,0.928811
0.0242508,0.9288256
0.0242524,0.928846
0.0242566,0.9288636
0.0242584,0.9288832
0.024259,0.9288974
0.0242612,0.9289152
0.0242648,0.9289304
0.0242682,0.9289484
0.0242708,0.9289666
0.0242732,0.9289794
0.0242754,0.9289962
0.0242778,0.9290106
0.0242784,0.9290248
0.0242798,0.9290404
0.0242816,0.929057
0.0242838,0.929072
0.024288,0.9290912
0.024291,0.9291066
0.0242934,0.9291274
0.0242944,0.9291458
0.0242974,0.9291652
0.0242988,0.9291866
0.024303,0.9292058
0.0243048,0.9292234
0.0243068,0.9292424
0.0243104,0.929258
0.0243156,0.929271
0.0243176,0.9292868
0.0243188,0.9293036
0.0243222,0.9293242
0.0243254,0.9293396
0.0243276,0.9293584
0.02433,0.929377
0.0243326,0.9293968
0.0243336,0.9294136
0.0243352,0.929427
0.0243382,0.9294462
0.0243402,0.9294596
0.0243424,0.9294776
0.0243458,0.9294884
0.024348,0.9295056
0.0243518,0.9295196
0.0243556,0.9295366
0.0243584,0.9295512
0.0243606,0.9295654
0.0243632,0.9295808
0.0243662,0.9295986
0.0243684,0.9296174
0.02437,0.9296368
0.0243728,0.9296528
0.0243766,0.9296682
0.0243774,0.9296814
0.0243808,0.9296966
0.024385,0.9297176
0.024388,0.9297344
0.0243904,0.9297542
0.0243938,0.9297804
0.0243974,0.9298018
0.0243998,0.9298188
0.0244028,0.9298376
0.0244054,0.9298568
0.024406,0.929873
0.0244092,0.929889
0.0244098,0.9299076
0.024412,0.9299258
0.0244168,0.9299472
0.0244192,0.9299638
0.0244222,0.9299806
0.024425,0.929998
0.0244272,0.9300098
0.0244294,0.9300264
0.0244314,0.9300376
0.0244326,0.9300594
0.0244374,0.930078
0.0244406,0.9300962
0.024442,0.9301128
0.0244442,0.9301312
0.0244472,0.93015
0.02445,0.930164
0.0244526,0.9301822
0.0244544,0.9302028
0.0244572,0.9302208
0.0244592,0.9302372
0.0244622,0.9302542
0.0244648,0.9302714
0.0244682,0.9302892
0.0244738,0.9303096
0.0244754,0.9303282
0.0244772,0.9303458
0.0244798,0.9303648
0.0244816,0.9303804
0.024484,0.9303994
0.0244858,0.9304134
0.0244884,0.9304294
0.0244908,0.9304472
0.024492,0.930468
0.024494,0.9304838
0.024496,0.9305024
0.0244984,0.93052
0.0245012,0.9305354
0.0245032,0.930553
0.0245062,0.9305678
0.0245098,0.9305846
0.0245136,0.9306004
0.0245158,0.930618
0.0245176,0.930636
0.0245196,0.9306536
0.0245218,0.930669
0.024524,0.9306854
0.0245252,0.9307
0.0245272,0.9307204
0.0245324,0.9307334
0.0245354,0.9307526
0.0245382,0.9307718
0.024543,0.9307846
0.0245438,0.930801
0.0245464,0.930814
0.0245486,0.9308292
0.0245508,0.9308508
0.0245524,0.9308662
0.0245538,0.9308804
0.0245574,0.9308986
0.0245604,0.9309138
0.0245636,0.9309276
0.0245656,0.9309448
0.0245668,0.9309632
0.0245676,0.9309808
0.024572,0.9310004
0.0245738,0.9310162
0.0245772,0.9310326
0.0245818,0.9310518
0.0245842,0.9310684
0.0245888,0.9310816
0.02459,0.9310946
0.0245916,0.9311132
0.0245936,0.9311296
0.0245954,0.9311476
0.0245974,0.9311618
0.0246016,0.93118
0.0246024,0.931199
0.0246046,0.9312116
0.0246074,0.931226
0.0246082,0.9312402
0.0246098,0.9312548
0.0246128,0.9312726
0.0246156,0.931293
0.0246192,0.931315
0.024621,0.931329
0.0246232,0.9313454
0.0246246,0.9313628
0.024629,0.9313776
0.0246322,0.931391
0.024635,0.9314082
0.0246382,0.9314252
0.0246408,0.9314484
0.024643,0.9314666
0.0246442,0.9314828
0.024646,0.9315036
0.024649,0.93152
0.024652,0.9315386
0.0246524,0.9315594
0.024655,0.9315766
0.024658,0.931594
0.024659,0.9316102
0.0246604,0.9316284
0.0246636,0.9316452
0.0246658,0.9316614
0.0246682,0.9316776
0.0246716,0.9316994
0.0246734,0.9317174
0.0246748,0.9317386
0.0246774,0.9317552
0.0246814,0.9317724
0.024684,0.9317908
0.0246866,0.931807
0.0246874,0.9318272
0.0246904,0.9318454
0.0246934,0.9318646
0.024697,0.9318816
0.024699,0.9319
0.024702,0.9319136
0.0247036,0.931928
0.0247056,0.9319442
0.0247084,0.9319574
0.024712,0.9319756
0.0247174,0.9319924
0.0247192,0.9320128
0.0247222,0.9320336
0.0247238,0.9320476
0.024725,0.9320648
0.0247278,0.9320856
0.0247282,0.9321036
0.024729,0.9321184
0.0247316,0.9321338
0.0247332,0.9321498
0.0247348,0.9321696
0.0247356,0.9321836
0.0247388,0.9321988
0.024742,0.9322122
0.0247438,0.9322276
0.0247446,0.932239
0.0247464,0.9322554
0.024749,0.9322756
0.0247538,0.9322938
0.0247568,0.9323086
0.024761,0.932322
0.0247628,0.9323438
0.0247642,0.9323604
0.0247674,0.9323804
0.0247708,0.9324004
0.0247732,0.9324166
0.0247756,0.9324398
0.024778,0.9324582
0.0247802,0.9324778
0.024782,0.932498
0.0247846,0.932524
0.024787,0.9325388
0.0247882,0.932551
0.0247898,0.9325706
0.024792,0.9325884
0.0247954,0.932605
0.0247994,0.932622
0.024801,0.9326398
0.0248046,0.9326554
0.0248072,0.9326738
0.0248096,0.9326864
0.0248114,0.932707
0.0248138,0.9327228
0.0248166,0.9327368
0.0248204,0.9327566
0.0248224,0.932776
0.0248254,0.9327928
0.0248268,0.932808
0.0248294,0.9328212
0.0248318,0.9328362
0.0248354,0.932856
0.0248364,0.9328738
0.0248414,0.932892
0.024844,0.9329078
0.024847,0.9329288
0.0248486,0.9329478
0.024851,0.9329626
0.0248528,0.9329788
0.0248572,0.9329962
0.0248602,0.9330106
0.0248624,0.933028
0.024867,0.9330494
0.0248678,0.9330654
0.0248708,0.9330814
0.0248738,0.933098
0.0248768,0.933113
0.0248788,0.9331356
0.0248806,0.9331514
0.0248838,0.9331684
0.0248868,0.9331868
0.0248928,0.9332046
0.0248952,0.9332276
0.0248986,0.9332458
0.0249006,0.9332614
0.0249036,0.933279
0.0249064,0.9332924
0.0249082,0.9333072
0.024912,0.9333242
0.0249152,0.9333418
0.0249182,0.9333584
0.024922,0.9333772
0.024926,0.933391
0.0249276,0.9334084
0.0249288,0.9334274
0.0249298,0.9334436
0.0249312,0.933458
0.0249342,0.933477
0.0249382,0.9335
0.0249402,0.9335168
0.0249428,0.9335302
0.024946,0.9335494
0.024949,0.9335666
0.0249512,0.9335822
0.024953,0.9335988
0.024957,0.9336176
0.0249602,0.9336342
0.0249622,0.9336514
0.0249638,0.9336694
0.0249668,0.9336826
0.0249686,0.9337038
0.02497,0.9337186
0.024972,0.9337364
0.0249744,0.9337546
0.0249798,0.9337728
0.0249824,0.9337912
0.0249856,0.9338078
0.0249886,0.9338252
0.0249914,0.9338494
0.024994,0.9338646
0.0249978,0.933882
0.0250036,0.933893
0.0250048,0.9339088
0.0250066,0.9339242
0.0250078,0.9339414
0.0250114,0.9339586
0.0250144,0.9339732
0.0250152,0.9339888
0.02502,0.9340046
0.025026,0.934023
0.0250292,0.9340338
0.0250336,0.9340504
0.0250372,0.9340654
0.0250408,0.9340798
0.0250438,0.934093
0.0250486,0.9341106
0.0250504,0.9341278
0.0250518,0.9341476
0.0250536,0.9341628
0.0250552,0.9341778
0.0250566,0.9341954
0.0250582,0.934207
0.0250622,0.9342226
0.0250632,0.934241
0.0250656,0.9342556
0.0250678,0.9342678
0.0250698,0.9342852
0.02507,0.9342986
0.0250718,0.9343138
0.0250744,0.9343346
0.025079,0.934352
0.0250816,0.9343706
0.0250828,0.9343938
0.0250848,0.93442
0.0250856,0.9344324
0.0250884,0.934444
0.0250908,0.9344604
0.0250946,0.9344776
0.0250974,0.9344932
0.0251022,0.93451
0.0251046,0.9345266
0.025107,0.9345446
0.0251094,0.9345624
0.0251122,0.9345778
0.0251146,0.934595
0.0251156,0.9346134
0.0251188,0.9346264
0.025122,0.9346436
0.0251254,0.9346584
0.0251276,0.9346766
0.02513,0.9346904
0.0251324,0.9347118
0.0251362,0.934728
0.0251378,0.9347454
0.02514,0.9347624
0.0251416,0.9347808
0.0251478,0.9347966
0.0251516,0.9348128
0.0251546,0.9348318
0.025157,0.9348528
0.0251592,0.9348666
0.02516,0.9348782
0.0251636,0.934899
0.0251658,0.934919
0.0251688,0.9349372
0.02517,0.934952
0.0251726,0.93497
0.025173,0.934988
0.0251752,0.9350058
0.0251784,0.9350232
0.0251804,0.9350442
0.025184,0.935061
0.0251866,0.935077
0.02519,0.935089
0.0251924,0.9351084
0.0251954,0.9351252
0.0251974,0.9351444
0.0251996,0.9351586
0.025202,0.9351776
0.0252038,0.935197
0.0252052,0.9352126
0.0252064,0.9352304
0.0252094,0.9352484
0.0252112,0.9352664
0.0252134,0.9352908
0.025216,0.9353058
0.0252184,0.935326
0.02522,0.9353402
0.025222,0.935355
0.0252242,0.9353728
0.0252256,0.9353888
0.025228,0.9354068
0.0252332,0.935425
0.0252356,0.9354456
0.0252362,0.9354626
0.0252388,0.9354798
0.0252406,0.9354964
0.0252422,0.935508
0.0252444,0.9355242
0.0252458,0.9355416
0.0252468,0.9355548
0.025248,0.9355712
0.0252496,0.9355874
0.0252526,0.9356096
0.0252546,0.9356244
0.0252558,0.9356466
0.0252592,0.9356668
0.0252618,0.935691
0.0252648,0.935702
0.0252672,0.9357196
0.0252704,0.9357376
0.0252726,0.935748
0.0252768,0.9357666
0.025278,0.9357838
0.0252816,0.935804
0.0252836,0.9358176
0.0252882,0.9358334
0.0252922,0.9358506
0.0252938,0.9358712
0.0252962,0.9358858
0.0252968,0.9359034
0.025298,0.9359166
0.0252986,0.9359274
0.025301,0.9359432
0.0253026,0.9359588
0.0253042,0.9359772
0.025308,0.9359982
0.0253124,0.9360172
0.0253132,0.9360332
0.025315,0.9360464
0.025317,0.9360658
0.0253192,0.9360802
0.0253232,0.9360964
0.025325,0.9361164
0.0253288,0.9361338
0.0253308,0.936152
0.0253334,0.9361698
0.0253366,0.9361842
0.0253392,0.9361972
0.0253412,0.9362142
0.0253426,0.9362294
0.0253446,0.936247
0.0253468,0.9362624
0.0253486,0.936277
0.025351,0.9362936
0.025354,0.93631
0.0253574,0.9363298
0.0253606,0.9363512
0.0253622,0.93637
0.0253648,0.936386
0.0253684,0.9364044
0.0253718,0.9364228
0.025375,0.9364404
0.0253792,0.9364562
0.025382,0.9364734
0.0253838,0.9364886
0.025388,0.9365076
0.0253906,0.9365282
0.0253928,0.9365442
0.025395,0.93656
0.0253968,0.9365762
0.025399,0.9365936
0.0254018,0.93661
0.0254034,0.936629
0.0254064,0.9366414
0.0254096,0.9366574
0.025411,0.9366784
0.0254122,0.9366948
0.0254156,0.9367142
0.0254192,0.9367316
0.0254202,0.9367436
0.0254214,0.9367576
0.0254242,0.9367742
0.0254256,0.9367904
0.025428,0.9368098
0.0254316,0.9368182
0.0254348,0.9368334
0.025436,0.9368474
0.025437,0.9368606
0.0254392,0.936877
0.0254418,0.9368966
0.0254438,0.9369126
0.0254462,0.9369292
0.0254492,0.936947
0.0254504,0.9369638
0.0254522,0.936975
0.0254552,0.9369924
0.0254566,0.9370104
0.0254598,0.9370216
0.0254628,0.9370414
0.0254658,0.9370556
0.0254672,0.9370704
0.02547,0.937089
0.0254728,0.937106
0.0254756,0.9371226
0.0254788,0.9371348
0.025482,0.937152
0.0254836,0.9371684
0.0254858,0.9371886
0.025489,0.937204
0.0254898,0.9372242
0.0254918,0.9372368
0.0254922,0.93726
0.0254944,0.9372756
0.0254984,0.937291
0.0255006,0.9373072
0.0255024,0.9373248
0.0255036,0.9373426
0.025506,0.93736
0.0255118,0.9373752
0.0255148,0.9373918
0.0255178,0.9374086
0.0255186,0.9374268
0.0255198,0.9374432
0.0255216,0.9374558
0.025524,0.9374724
0.0255266,0.9374922
0.0255294,0.9375058
0.0255322,0.9375202
0.0255346,0.9375354
0.0255376,0.9375524
0.0255412,0.9375672
0.0255434,0.9375822
0.0255458,0.9375964
0.0255476,0.9376134
0.0255494,0.9376276
0.0255506,0.9376454
0.0255548,0.9376704
0.025557,0.9376874
0.025559,0.9377008
0.0255632,0.9377192
0.0255664,0.937739
0.0255684,0.9377518
0.0255696,0.9377666
0.0255718,0.937784
0.025576,0.937797
0.025578,0.9378114
0.0255786,0.9378268
0.0255812,0.9378452
0.0255838,0.937862
0.025586,0.9378796
0.0255872,0.9378978
0.0255902,0.9379186
0.0255918,0.9379328
0.0255926,0.9379482
0.025596,0.9379618
0.0255978,0.9379788
0.0256002,0.9379976
0.0256026,0.9380162
0.0256038,0.9380318
0.0256052,0.938047
0.0256082,0.9380648
0.0256112,0.9380782
0.0256158,0.938096
0.0256182,0.938112
0.0256196,0.938128
0.025622,0.938143
0.0256252,0.9381588
0.0256266,0.9381778
0.0256294,0.9381932
0.025631,0.93821
0.0256326,0.9382236
0.0256336,0.9382418
0.025636,0.9382558
0.0256368,0.9382744
0.02564,0.938292
0.0256424,0.9383058
0.0256456,0.9383216
0.0256486,0.9383404
0.0256508,0.9383582
0.0256526,0.9383724
0.0256542,0.9383864
0.0256568,0.9384002
0.025661,0.9384186
0.0256638,0.9384346
0.0256686,0.9384464
0.0256706,0.938465
0.025672,0.9384824
0.0256752,0.938497
0.0256782,0.938514
0.0256816,0.9385334
0.0256848,0.9385512
0.0256882,0.9385688
0.0256928,0.9385836
0.0256952,0.9386034
0.0256974,0.9386222
0.0256992,0.9386342
0.0257016,0.938651
0.0257048,0.9386672
0.0257074,0.9386808
0.0257098,0.9387018
0.0257128,0.9387162
0.0257146,0.9387352
0.0257168,0.9387538
0.0257186,0.9387662
0.025721,0.938781
0.0257236,0.9387956
0.025728,0.9388106
0.025732,0.938825
0.025734,0.938843
0.025737,0.938861
0.0257388,0.9388808
0.025741,0.9388952
0.0257422,0.938911
0.025746,0.938926
0.0257478,0.9389458
0.0257508,0.9389604
0.0257544,0.9389776
0.025758,0.9389902
0.0257604,0.939004
0.0257628,0.9390202
0.0257644,0.939034
0.0257662,0.9390532
0.0257692,0.9390664
0.0257712,0.9390846
0.0257736,0.9390962
0.0257742,0.939113
0.0257756,0.9391286
0.0257794,0.939144
0.0257818,0.9391596
0.025783,0.9391788
0.0257854,0.9391912
0.0257898,0.939208
0.0257946,0.939223
0.025797,0.9392408
0.0258014,0.9392598
0.0258044,0.93928
0.025806,0.9392958
0.0258104,0.9393126
0.0258138,0.939327
0.0258168,0.939347
0.025819,0.939363
0.025821,0.9393796
0.0258248,0.9393994
0.025828,0.939418
0.0258318,0.9394312
0.025832,0.9394486
0.0258346,0.939464
0.0258356,0.9394814
0.0258378,0.9394956
0.0258402,0.9395116
0.0258428,0.9395324
0.025845,0.9395492
0.0258452,0.93957
0.0258472,0.9395894
0.0258504,0.9396036
0.0258518,0.9396158
0.0258522,0.9396322
0.0258544,0.9396458
0.0258562,0.9396608
0.0258582,0.9396744
0.025863,0.9396898
0.025865,0.939709
0.0258666,0.9397254
0.0258696,0.939741
0.0258722,0.9397594
0.0258734,0.939776
0.0258764,0.9397884
0.025878,0.939801
0.0258796,0.9398182
0.0258814,0.9398352
0.0258854,0.9398508
0.0258876,0.9398714
0.0258906,0.9398858
0.0258926,0.9398998
0.0258958,0.9399168
0.0258992,0.9399318
0.0259016,0.939947
0.0259044,0.9399594
0.0259068,0.9399744
0.0259098,0.9399894
0.0259124,0.9400108
0.025914,0.9400296
0.0259154,0.9400456
0.0259174,0.9400622
0.0259196,0.940081
0.0259218,0.9400944
0.0259252,0.9401102
0.0259274,0.9401278
0.0259302,0.9401462
0.0259336,0.940167
0.0259346,0.940184
0.0259378,0.9401994
0.0259414,0.9402174
0.0259434,0.9402314
0.0259454,0.9402476
0.0259476,0.9402602
0.0259506,0.9402794
0.0259516,0.940296
0.025954,0.9403152
0.0259562,0.9403296
0.0259572,0.9403442
0.025959,0.9403636
0.0259618,0.9403788
0.0259642,0.9403964
0.0259672,0.9404146
0.0259682,0.9404274
0.0259704,0.9404416
0.0259726,0.9404572
0.0259756,0.9404766
0.0259778,0.940493
0.0259792,0.9405108
0.0259814,0.9405246
0.0259846,0.940541
0.0259872,0.940554
0.0259904,0.9405692
0.0259938,0.9405858
0.0259946,0.9406082
0.025997,0.940625
0.0259988,0.9406382
0.0260004,0.9406544
0.0260018,0.9406704
0.026004,0.9406842
0.0260088,0.940701
0.026011,0.9407178
0.0260128,0.9407308
0.0260154,0.9407462
0.0260168,0.9407628
0.026021,0.9407766
0.0260232,0.9407932
0.026026,0.9408076
0.026028,0.9408258
0.0260316,0.940838
0.026035,0.9408578
0.0260364,0.9408726
0.0260376,0.9408884
0.026042,0.940908
0.0260444,0.9409214
0.0260478,0.9409346
0.0260512,0.940953
0.0260532,0.9409672
0.0260558,0.9409834
0.0260564,0.9410032
0.026059,0.9410172
0.026062,0.9410286
0.0260642,0.9410446
0.0260656,0.9410616
0.0260682,0.9410772
0.0260694,0.941094
0.0260722,0.9411084
0.0260752,0.9411252
0.0260788,0.9411404
0.0260804,0.941157
0.0260834,0.9411758
0.0260866,0.9411912
0.0260912,0.9412068
0.026093,0.941224
0.0260988,0.9412444
0.0260996,0.9412574
0.0261026,0.9412702
0.0261056,0.9412892
0.0261096,0.9412992
0.026114,0.941316
0.0261154,0.9413322
0.0261162,0.941349
0.0261182,0.941364
0.02612,0.9413784
0.0261224,0.9413968
0.0261246,0.9414156
0.0261268,0.941433
0.0261292,0.9414528
0.0261314,0.941468
0.0261348,0.9414814
0.026137,0.9414984
0.0261384,0.9415162
0.0261396,0.941536
0.0261426,0.9415506
0.0261456,0.9415666
0.0261474,0.9415806
0.0261494,0.9415932
0.0261518,0.9416068
0.0261538,0.9416252
0.0261584,0.9416434
0.026162,0.9416614
0.0261632,0.9416748
0.0261658,0.9416924
0.0261684,0.9417078
0.0261708,0.9417244
0.0261738,0.94174
0.0261744,0.9417584
0.0261758,0.9417738
0.026178,0.9417888
0.0261798,0.941802
0.0261812,0.9418218
0.026183,0.9418362
0.0261846,0.9418554
0.0261872,0.941869
0.0261902,0.9418898
0.0261918,0.9419044
0.0261932,0.9419254
0.0261964,0.9419458
0.0262008,0.9419604
0.0262034,0.9419734
0.0262054,0.9419872
0.026208,0.942002
0.02621,0.942021
0.0262114,0.9420346
0.026214,0.9420534
0.0262166,0.9420672
0.0262208,0.9420854
0.0262264,0.9421022
0.0262282,0.9421214
0.0262302,0.9421414
0.0262322,0.9421552
0.0262352,0.9421734
0.0262374,0.9421868
0.0262388,0.9422028
0.02624,0.9422178
0.026243,0.9422348
0.026245,0.9422486
0.0262488,0.942264
0.0262514,0.9422822
0.0262534,0.942297
0.0262554,0.9423164
0.026259,0.9423326
0.0262612,0.9423474
0.0262638,0.942366
0.0262656,0.9423826
0.0262666,0.9423978
0.0262684,0.9424134
0.026271,0.942428
0.0262732,0.9424418
0.0262756,0.9424566
0.0262774,0.9424726
0.0262796,0.942486
0.0262822,0.942502
0.0262838,0.942517
0.026286,0.9425332
0.0262864,0.9425474
0.0262886,0.9425624
0.0262912,0.9425766
0.026293,0.9425888
0.0262944,0.942604
0.0262982,0.9426206
0.0263012,0.9426364
0.0263034,0.9426522
0.0263042,0.9426618
0.0263066,0.9426778
0.026311,0.942694
0.026313,0.9427152
0.0263148,0.9427294
0.0263156,0.9427456
0.0263192,0.9427608
0.0263212,0.9427792
0.0263228,0.9427936
0.026325,0.942812
0.0263276,0.9428268
0.0263294,0.9428402
0.0263324,0.9428544
0.0263356,0.9428708
0.0263374,0.9428864
0.0263394,0.9429044
0.026342,0.9429168
0.0263438,0.9429306
0.0263446,0.942945
0.0263482,0.9429592
0.0263532,0.9429772
0.0263548,0.942992
0.0263574,0.9430086
0.0263606,0.9430222
0.026364,0.9430344
0.0263662,0.943052
0.0263672,0.9430708
0.0263702,0.9430812
0.0263722,0.9430954
0.0263744,0.943111
0.0263762,0.9431244
0.0263774,0.9431412
0.0263808,0.9431552
0.0263828,0.9431762
0.026385,0.9431922
0.0263878,0.9432062
0.0263914,0.9432208
0.0263924,0.9432332
0.0263948,0.9432452
0.0263986,0.9432602
0.0264014,0.9432758
0.0264056,0.9432928
0.026406,0.9433086
0.0264104,0.9433238
0.0264106,0.9433364
0.0264138,0.9433544
0.0264174,0.9433688
0.026419,0.9433852
0.026422,0.9434008
0.0264236,0.9434144
0.0264252,0.9434272
0.0264292,0.943443
0.0264328,0.943457
0.0264362,0.9434718
0.0264386,0.943491
0.026441,0.9435068
0.0264454,0.9435254
0.0264478,0.9435394
0.026452,0.9435574
0.026453,0.943572
0.0264576,0.943593
0.0264596,0.9436076
0.0264612,0.9436218
0.0264656,0.94364
0.026468,0.9436566
0.0264714,0.9436758
0.026473,0.9436968
0.0264752,0.943713
0.0264788,0.9437262
0.0264798,0.9437464
0.0264824,0.9437646
0.0264842,0.9437834
0.0264862,0.9437992
0.0264882,0.9438092
0.0264902,0.9438214
0.0264938,0.9438358
0.026496,0.9438528
0.0264994,0.9438648
0.0265036,0.9438778
0.0265062,0.9438894
0.026509,0.9439032
0.0265126,0.9439236
0.026515,0.9439382
0.0265174,0.9439564
0.0265224,0.9439718
0.0265244,0.9439908
0.0265268,0.9440098
0.026528,0.9440256
0.0265304,0.9440426
0.0265316,0.9440596
0.0265334,0.944073
0.026537,0.9440858
0.026541,0.944103
0.0265416,0.9441146
0.0265424,0.9441328
0.0265444,0.9441524
0.026546,0.9441702
0.0265486,0.9441918
0.0265502,0.9442062
0.0265528,0.9442174
0.0265552,0.9442278
0.0265574,0.9442444
0.02656,0.9442628
0.0265638,0.9442838
0.0265682,0.9443066
0.0265714,0.9443202
0.0265736,0.9443356
0.0265746,0.944353
0.026576,0.944369
0.0265774,0.9443792
0.026579,0.9443968
0.02658,0.9444098
0.026582,0.9444254
0.0265842,0.9444402
0.0265864,0.94446
0.0265886,0.9444766
0.0265898,0.94449
0.0265918,0.944505
0.0265946,0.9445218
0.0265952,0.9445338
0.0265974,0.9445486
0.0265996,0.9445668
0.0266018,0.9445842
0.026603,0.944601
0.0266056,0.94462
0.026607,0.9446324
0.026609,0.944645
0.026611,0.9446546
0.026613,0.9446726
0.0266156,0.944688
0.0266174,0.9447036
0.026618,0.9447184
0.0266208,0.9447318
0.026623,0.9447512
0.0266252,0.9447628
0.0266288,0.9447764
0.0266312,0.9447884
0.026633,0.9448092
0.026636,0.9448178
0.0266384,0.9448326
0.0266426,0.9448502
0.0266446,0.9448652
0.026646,0.9448798
0.0266472,0.9448938
0.0266528,0.9449078
0.0266552,0.9449194
0.0266562,0.9449342
0.0266594,0.9449488
0.0266598,0.9449666
0.026661,0.9449856
0.0266618,0.9449952
0.0266626,0.9450084
0.0266648,0.945024
0.0266664,0.9450448
0.0266678,0.9450598
0.0266706,0.9450754
0.0266732,0.9450894
0.0266758,0.9451032
0.0266782,0.9451202
0.026679,0.9451328
0.0266808,0.9451504
0.0266826,0.9451644
0.0266836,0.9451788
0.026688,0.9451944
0.0266898,0.945209
0.026693,0.9452212
0.0266954,0.9452362
0.026698,0.9452496
0.0267002,0.9452636
0.0267016,0.945281
0.0267058,0.945294
0.0267068,0.9453104
0.0267084,0.9453268
0.0267116,0.9453444
0.0267146,0.9453568
0.026718,0.9453684
0.0267188,0.9453814
0.0267204,0.9453916
0.0267226,0.9454042
0.0267242,0.945417
0.0267272,0.945429
0.0267302,0.9454394
0.026733,0.9454558
0.0267346,0.9454666
0.0267376,0.9454806
0.0267392,0.9454964
0.026743,0.9455116
0.0267462,0.9455292
0.0267486,0.945546
0.026753,0.9455588
0.0267558,0.9455732
0.0267584,0.9455924
0.026759,0.9456116
0.026762,0.9456274
0.0267646,0.945648
0.0267668,0.945663
0.026769,0.945679
0.026771,0.945698
0.0267724,0.9457162
0.0267748,0.945734
0.0267762,0.9457544
0.026777,0.9457692
0.026779,0.9457818
0.0267798,0.945795
0.0267828,0.9458138
0.0267846,0.9458304
0.026787,0.9458476
0.026789,0.9458596
0.0267904,0.9458748
0.026792,0.9458878
0.0267954,0.9458988
0.0267984,0.945915
0.0268002,0.9459282
0.0268022,0.9459464
0.0268044,0.9459632
0.0268064,0.9459768
0.0268108,0.9459924
0.026812,0.946013
0.0268146,0.9460264
0.0268194,0.946045
0.0268222,0.9460618
0.0268236,0.9460762
0.026827,0.9460878
0.0268288,0.9460982
0.0268304,0.9461132
0.0268344,0.9461292
0.0268366,0.946146
0.02684,0.9461586
0.026843,0.946179
0.0268442,0.9461928
0.0268482,0.9462074
0.0268498,0.9462222
0.026852,0.9462414
0.0268552,0.9462574
0.0268574,0.9462714
0.0268588,0.9462856
0.0268598,0.9462952
0.0268612,0.9463092
0.0268638,0.9463216
0.0268668,0.9463374
0.0268702,0.946352
0.0268734,0.946369
0.0268752,0.9463826
0.0268774,0.9463986
0.0268782,0.9464124
0.026883,0.9464344
0.0268856,0.946454
0.026888,0.9464688
0.0268928,0.9464868
0.0268956,0.9465028
0.0268992,0.9465176
0.0269034,0.9465328
0.0269054,0.9465484
0.0269094,0.9465654
0.0269122,0.946586
0.0269138,0.9466006
0.0269152,0.946615
0.0269188,0.9466258
0.0269218,0.9466414
0.0269234,0.9466638
0.0269248,0.9466804
0.0269274,0.946701
0.0269306,0.9467164
0.026935,0.9467294
0.0269368,0.9467418
0.0269402,0.9467544
0.0269412,0.9467716
0.0269458,0.946787
0.026948,0.946805
0.0269512,0.946819
0.0269538,0.9468382
0.0269564,0.9468546
0.0269572,0.9468684
0.0269584,0.9468846
0.026961,0.9469048
0.0269646,0.9469192
0.026966,0.946933
0.0269686,0.9469488
0.0269706,0.9469636
0.0269728,0.9469762
0.0269766,0.9469914
0.0269782,0.947007
0.0269796,0.947025
0.0269808,0.9470452
0.0269842,0.947058
0.026986,0.9470768
0.0269892,0.9470934
0.0269922,0.9471086
0.0269928,0.9471226
0.0269964,0.9471366
0.0269988,0.9471484
0.0270016,0.9471614
0.027004,0.947177
0.0270064,0.9471974
0.0270078,0.9472128
0.0270096,0.9472268
0.0270122,0.9472412
0.0270134,0.9472592
0.0270174,0.9472748
0.0270206,0.9472886
0.0270222,0.9473008
0.0270238,0.9473146
0.0270256,0.9473294
0.027027,0.9473452
0.0270288,0.9473576
0.0270302,0.947372
0.027033,0.9473854
0.0270352,0.9473976
0.0270386,0.9474144
0.0270408,0.9474336
0.0270432,0.9474514
0.0270476,0.9474652
0.02705,0.9474804
0.0270536,0.9474962
0.0270556,0.9475148
0.0270576,0.9475276
0.027061,0.9475416
0.0270628,0.947558
0.0270648,0.9475744
0.0270666,0.9475942
0.0270684,0.9476102
0.0270718,0.947628
0.0270742,0.9476436
0.027079,0.9476636
0.0270802,0.9476778
0.0270824,0.9476916
0.0270846,0.9477062
0.0270882,0.9477224
0.0270906,0.9477408
0.0270928,0.9477604
0.0270972,0.9477748
0.0271012,0.9477856
0.027103,0.9478024
0.0271056,0.9478194
0.0271076,0.9478328
0.0271096,0.9478492
0.027113,0.94786
0.0271162,0.9478728
0.0271192,0.9478958
0.0271214,0.94791
0.0271242,0.9479238
0.0271266,0.9479438
0.027129,0.9479572
0.0271326,0.9479732
0.0271348,0.947991
0.0271382,0.9480044
0.0271422,0.9480218
0.0271452,0.9480376
0.027148,0.9480484
0.0271514,0.9480654
0.0271532,0.948082
0.027154,0.9480952
0.0271576,0.9481128
0.0271584,0.9481306
0.0271612,0.9481462
0.0271644,0.9481608
0.027168,0.9481792
0.0271698,0.9481962
0.0271726,0.9482078
0.0271744,0.9482246
0.0271776,0.948239
0.0271802,0.9482522
0.027181,0.9482688
0.0271826,0.9482834
0.0271844,0.9482966
0.0271878,0.9483164
0.0271906,0.9483312
0.027192,0.9483458
0.0271964,0.9483606
0.0271986,0.9483724
0.0272012,0.9483878
0.0272036,0.9484034
0.027206,0.9484212
0.0272084,0.94844
0.0272106,0.9484564
0.027212,0.9484686
0.0272138,0.948487
0.0272178,0.9485056
0.0272198,0.9485212
0.027225,0.9485326
0.0272272,0.9485474
0.027229,0.948565
0.0272312,0.9485796
0.027233,0.9486036
0.0272356,0.9486134
0.0272384,0.9486292
0.0272392,0.9486442
0.0272418,0.9486606
0.0272446,0.948678
0.0272464,0.9486886
0.0272498,0.9487046
0.0272508,0.9487194
0.0272532,0.9487366
0.027255,0.948751
0.0272554,0.948769
0.0272574,0.9487844
0.0272582,0.948798
0.0272606,0.9488146
0.0272624,0.948835
0.0272648,0.94885
0.027267,0.9488708
0.0272688,0.9488868
0.0272706,0.9489004
0.0272732,0.9489116
0.0272764,0.9489276
0.0272786,0.9489396
0.0272822,0.9489566
0.0272852,0.948975
0.0272884,0.9489902
0.0272904,0.9490036
0.0272926,0.9490162
0.0272946,0.9490356
0.0272974,0.949049
0.0272992,0.9490676
0.027302,0.9490866
0.0273038,0.9490976
0.0273064,0.9491106
0.0273094,0.9491252
0.0273122,0.9491444
0.027314,0.9491586
0.0273166,0.949172
0.0273186,0.9491878
0.0273226,0.9492026
0.0273242,0.9492202
0.027327,0.9492334
0.02733,0.9492522
0.0273324,0.949264
0.0273344,0.9492788
0.027338,0.9492922
0.0273422,0.9493092
0.0273452,0.9493246
0.0273476,0.9493416
0.0273512,0.949352
0.0273522,0.949368
0.0273562,0.9493794
0.027359,0.9493972
0.0273602,0.9494144
0.027363,0.9494292
0.0273654,0.9494436
0.0273682,0.9494548
0.0273714,0.9494736
0.027373,0.9494862
0.0273766,0.949504
0.0273812,0.9495174
0.0273844,0.9495284
0.0273874,0.9495452
0.0273892,0.9495604
0.0273916,0.9495732
0.027394,0.9495926
0.0273964,0.9496094
0.0273984,0.9496226
0.0274012,0.9496394
0.0274022,0.9496584
0.0274044,0.9496714
0.0274064,0.9496858
0.0274078,0.9497028
0.0274098,0.9497172
0.0274162,0.9497294
0.0274172,0.9497444
0.0274192,0.949758
0.027421,0.9497742
0.0274236,0.9497948
0.0274274,0.9498116
0.0274308,0.949823
0.0274342,0.9498408
0.027437,0.9498576
0.027439,0.949875
0.0274414,0.9498884
0.027444,0.9499032
0.027446,0.9499192
0.0274494,0.9499366
0.0274508,0.9499544
0.0274558,0.9499644
0.0274588,0.9499836
0.0274604,0.9499968
0.0274626,0.9500124
0.0274652,0.9500304
0.0274674,0.9500444
0.0274692,0.950061
0.0274706,0.9500746
0.0274728,0.9500928
0.0274762,0.9501046
0.0274804,0.9501158
0.0274834,0.9501314
0.0274848,0.9501486
0.0274882,0.950162
0.0274914,0.9501744
0.0274954,0.9501898
0.0274994,0.9502028
0.0275004,0.950219
0.0275032,0.9502352
0.0275066,0.9502482
0.0275078,0.950263
0.0275096,0.9502786
0.0275122,0.9502904
0.027515,0.9503074
0.0275174,0.9503204
0.0275182,0.950334
0.027519,0.950347
0.0275216,0.9503652
0.0275242,0.9503792
0.0275272,0.9503908
0.0275298,0.9504028
0.0275332,0.9504182
0.027535,0.9504332
0.0275358,0.9504462
0.0275382,0.950459
0.0275398,0.9504712
0.027543,0.9504884
0.0275458,0.9505034
0.0275474,0.9505174
0.0275496,0.9505336
0.0275508,0.9505494
0.027552,0.9505644
0.0275552,0.9505838
0.0275564,0.950598
0.027559,0.9506078
0.0275604,0.9506232
0.0275622,0.9506388
0.0275648,0.9506504
0.0275674,0.9506604
0.02757,0.950673
0.027575,0.9506896
0.0275764,0.950704
0.0275796,0.9507214
0.0275826,0.950735
0.0275844,0.9507506
0.0275874,0.9507614
0.0275906,0.9507758
0.0275928,0.9507882
0.0275946,0.9507986
0.0275956,0.9508112
0.0275984,0.9508266
0.0276004,0.950841
0.027602,0.9508616
0.0276032,0.9508744
0.027605,0.950889
0.0276074,0.9509034
0.0276104,0.950919
0.027613,0.950933
0.0276146,0.9509524
0.0276168,0.9509666
0.0276188,0.950985
0.0276204,0.951001
0.0276224,0.9510166
0.0276238,0.95103
0.0276262,0.9510452
0.0276282,0.9510612
0.0276298,0.9510784
0.0276316,0.9510898
0.0276358,0.951108
0.0276374,0.9511202
0.0276402,0.9511328
0.027641,0.9511454
0.0276444,0.9511612
0.0276472,0.9511774
0.0276512,0.9511948
0.0276538,0.9512074
0.0276578,0.9512224
0.0276588,0.9512362
0.0276594,0.9512498
0.027662,0.9512638
0.0276644,0.9512748
0.0276666,0.9512834
0.0276684,0.951296
0.027672,0.9513128
0.0276738,0.9513286
0.0276754,0.9513394
0.027678,0.9513538
0.0276792,0.9513684
0.02768,0.9513866
0.027684,0.9514006
0.027686,0.9514186
0.027689,0.9514322
0.0276926,0.9514516
0.0276934,0.9514642
0.0276956,0.9514818
0.0276972,0.9514938
0.0277016,0.9515094
0.0277042,0.951522
0.027706,0.9515348
0.0277074,0.9515492
0.0277084,0.9515668
0.0277092,0.9515794
0.0277128,0.9515986
0.0277144,0.9516104
0.0277166,0.9516278
0.0277186,0.9516444
0.0277196,0.9516572
0.0277212,0.951672
0.0277244,0.9516882
0.027727,0.9517032
0.02773,0.9517192
0.027731,0.9517374
0.0277336,0.9517528
0.0277356,0.951765
0.0277386,0.9517808
0.0277398,0.9517936
0.0277414,0.9518072
0.027744,0.951824
0.0277462,0.951842
0.0277486,0.9518576
0.0277512,0.9518712
0.0277534,0.9518866
0.0277562,0.951901
0.0277584,0.9519152
0.0277612,0.9519294
0.0277628,0.9519442
0.0277634,0.9519566
0.0277646,0.9519664
0.0277668,0.9519832
0.0277696,0.9519976
0.0277716,0.95201
0.027773,0.9520244
0.0277752,0.952037
0.0277766,0.9520508
0.02778,0.9520704
0.0277822,0.9520848
0.0277846,0.952103
0.0277878,0.9521206
0.0277898,0.9521346
0.0277924,0.9521486
0.0277938,0.9521624
0.0277972,0.95218
0.0277994,0.9521998
0.0278026,0.9522154
0.0278038,0.95223
0.027808,0.9522448
0.0278102,0.9522606
0.0278116,0.9522782
0.0278138,0.9522964
0.0278154,0.9523138
0.0278186,0.9523284
0.0278198,0.9523434
0.0278218,0.9523592
0.027824,0.95238
0.027826,0.952395
0.0278286,0.952408
0.0278302,0.95242
0.0278326,0.9524376
0.027835,0.9524548
0.027838,0.9524668
0.0278412,0.952478
0.0278438,0.9524934
0.0278466,0.9525068
0.0278482,0.9525228
0.0278498,0.952532
0.027852,0.9525444
0.027853,0.9525582
0.0278542,0.9525778
0.027856,0.9525932
0.027858,0.9526078
0.0278586,0.952621
0.0278596,0.9526326
0.0278632,0.9526438
0.0278656,0.9526596
0.0278676,0.952675
0.0278694,0.9526892
0.0278728,0.952703
0.0278756,0.9527208
0.0278786,0.952736
0.0278804,0.9527518
0.0278822,0.9527688
0.0278844,0.9527806
0.0278874,0.952798
0.0278914,0.9528078
0.0278936,0.9528274
0.027896,0.9528406
0.0278976,0.9528588
0.0279002,0.9528738
0.0279012,0.9528896
0.0279022,0.9529058
0.0279042,0.9529196
0.0279066,0.9529354
0.0279084,0.9529478
0.0279114,0.9529642
0.027913,0.9529768
0.027915,0.9529898
0.027918,0.9530014
0.027919,0.9530136
0.027921,0.9530274
0.0279226,0.95304
0.027925,0.9530514
0.027927,0.9530658
0.027928,0.9530816
0.0279302,0.9530994
0.0279312,0.9531166
0.0279354,0.9531316
0.0279362,0.9531532
0.02794,0.9531686
0.0279414,0.953183
0.0279432,0.9531988
0.0279444,0.9532132
0.0279456,0.9532256
0.0279484,0.953239
0.0279506,0.9532512
0.0279538,0.9532654
0.0279558,0.9532832
0.0279574,0.9533006
0.0279592,0.953313
0.0279598,0.9533324
0.0279614,0.953347
0.027964,0.9533634
0.0279658,0.9533752
0.0279672,0.9533912
0.0279688,0.953408
0.0279688,0.9534232
0.02797,0.953438
0.0279722,0.9534508
0.0279754,0.9534666
0.0279784,0.9534786
0.0279806,0.9534922
0.0279836,0.9535102
0.0279862,0.9535246
0.0279886,0.9535358
0.0279898,0.9535486
0.0279916,0.953565
0.0279928,0.9535788
0.0279944,0.953595
0.0279952,0.9536118
0.0279974,0.953629
0.0279996,0.9536422
0.0280032,0.9536556
0.028006,0.9536704
0.028011,0.9536862
0.0280134,0.953704
0.0280156,0.9537174
0.0280174,0.953733
0.0280202,0.9537488
0.0280214,0.953763
0.028024,0.9537764
0.0280258,0.9537924
0.0280278,0.953806
0.028031,0.9538216
0.028034,0.953838
0.0280366,0.9538482
0.0280374,0.9538612
0.02804,0.953873
0.0280432,0.9538866
0.0280444,0.9538998
0.028046,0.953915
0.0280472,0.9539248
0.0280504,0.9539374
0.0280524,0.9539502
0.0280542,0.9539702
0.0280568,0.9539858
0.0280586,0.953999
0.0280618,0.9540116
0.028064,0.9540252
0.0280668,0.9540394
0.028068,0.954055
0.0280692,0.9540714
0.0280716,0.9540882
0.0280736,0.9541032
0.028077,0.9541202
0.0280784,0.9541348
0.0280798,0.9541478
0.0280832,0.9541628
0.028086,0.9541774
0.0280886,0.954191
0.0280904,0.9542044
0.0280926,0.9542162
0.0280942,0.9542318
0.0280962,0.9542466
0.0280992,0.9542614
0.0281018,0.9542792
0.0281044,0.9542928
0.0281064,0.954309
0.028108,0.9543258
0.0281118,0.9543412
0.0281158,0.9543552
0.0281166,0.9543674
0.0281178,0.9543856
0.0281226,0.954404
0.0281254,0.9544198
0.0281276,0.9544382
0.0281286,0.9544556
0.0281318,0.9544694
0.0281328,0.9544838
0.028135,0.9544908
0.0281388,0.9545032
0.0281422,0.9545148
0.0281442,0.9545308
0.0281452,0.9545468
0.028147,0.9545642
0.0281492,0.9545816
0.0281508,0.954594
0.0281536,0.9546102
0.028155,0.9546222
0.0281566,0.954637
0.0281598,0.9546506
0.0281624,0.9546662
0.0281672,0.9546796
0.0281692,0.954695
0.0281714,0.9547102
0.0281726,0.9547248
0.0281742,0.9547384
0.028176,0.954755
0.0281776,0.9547704
0.0281798,0.9547834
0.0281828,0.9547996
0.0281862,0.9548148
0.028188,0.9548292
0.0281902,0.9548462
0.0281932,0.9548638
0.0281944,0.9548778
0.0281982,0.9548908
0.0281992,0.954905
0.0282014,0.9549226
0.0282046,0.9549398
0.0282058,0.9549522
0.0282068,0.954969
0.0282098,0.9549796
0.0282122,0.9549916
0.0282148,0.9550024
0.0282168,0.9550126
0.0282186,0.955028
0.0282196,0.9550424
0.0282238,0.955061
0.0282248,0.9550804
0.0282284,0.9550936
0.0282308,0.9551084
0.028233,0.9551236
0.0282354,0.955136
0.0282368,0.9551566
0.0282376,0.955174
0.0282398,0.9551906
0.028242,0.9552046
0.0282436,0.9552184
0.0282456,0.9552326
0.0282476,0.9552448
0.02825,0.9552564
0.028252,0.9552668
0.0282536,0.955278
0.0282562,0.9552932
0.028262,0.9553062
0.0282642,0.9553178
0.0282668,0.9553296
0.0282692,0.9553432
0.028273,0.9553598
0.0282754,0.9553718
0.0282778,0.9553838
0.0282804,0.9553958
0.0282826,0.9554124
0.0282852,0.9554302
0.0282884,0.9554442
0.02829,0.9554624
0.0282928,0.9554772
0.0282962,0.9554908
0.0282966,0.9555064
0.0282988,0.9555204
0.028304,0.955534
0.0283054,0.9555466
0.0283082,0.9555606
0.0283132,0.9555756
0.028316,0.9555936
0.0283194,0.9556032
0.0283206,0.9556198
0.0283232,0.9556342
0.0283264,0.9556486
0.0283296,0.9556652
0.0283308,0.955682
0.0283324,0.9556932
0.0283366,0.9557084
0.028339,0.9557238
0.0283414,0.9557356
0.0283446,0.95575
0.0283486,0.9557634
0.028352,0.9557744
0.0283538,0.9557826
0.0283558,0.9557968
0.0283584,0.9558078
0.0283606,0.9558246
0.0283634,0.9558384
0.028367,0.9558536
0.0283688,0.9558662
0.0283694,0.9558774
0.0283714,0.9558918
0.0283748,0.9559086
0.0283768,0.9559238
0.0283782,0.9559394
0.0283806,0.9559578
0.0283836,0.9559728
0.028385,0.9559828
0.0283866,0.956
0.0283886,0.9560152
0.0283906,0.9560288
0.0283928,0.9560372
0.0283946,0.9560502
0.0283974,0.956066
0.0284004,0.956081
0.0284042,0.9560928
0.0284054,0.9561046
0.0284076,0.9561212
0.0284102,0.9561358
0.028412,0.9561454
0.0284124,0.956156
0.0284136,0.9561698
0.0284162,0.956186
0.0284178,0.9561984
0.0284188,0.9562124
0.0284208,0.956226
0.028425,0.9562488
0.0284264,0.956265
0.0284294,0.9562834
0.0284336,0.956295
0.0284362,0.9563064
0.0284382,0.9563214
0.0284402,0.9563384
0.0284426,0.9563538
0.028445,0.9563684
0.0284466,0.9563848
0.0284502,0.956399
0.0284546,0.956411
0.0284566,0.9564248
0.028459,0.956441
0.0284612,0.9564582
0.0284644,0.9564696
0.0284674,0.9564868
0.0284704,0.9565038
0.0284718,0.9565224
0.0284736,0.9565356
0.0284762,0.9565508
0.0284788,0.9565644
0.0284806,0.9565794
0.028483,0.9565934
0.0284852,0.9566092
0.0284886,0.9566322
0.0284916,0.9566486
0.0284934,0.9566624
0.0284952,0.9566724
0.0284976,0.9566902
0.0284994,0.956701
0.0285016,0.9567172
0.0285022,0.956731
0.028505,0.956745
0.0285066,0.9567612
0.0285088,0.956773
0.028512,0.956786
0.028513,0.9568004
0.0285136,0.9568146
0.028517,0.9568256
0.0285172,0.956843
0.0285198,0.9568616
0.0285212,0.9568704
0.0285236,0.9568844
0.0285262,0.9569002
0.0285272,0.9569158
0.0285286,0.9569294
0.0285304,0.9569438
0.0285318,0.9569538
0.0285344,0.9569628
0.0285362,0.9569782
0.0285392,0.9569922
0.0285402,0.957006
0.0285432,0.9570218
0.0285448,0.957034
0.0285464,0.9570468
0.02855,0.9570584
0.0285524,0.9570742
0.028556,0.957089
0.0285598,0.957102
0.0285614,0.9571122
0.0285642,0.9571274
0.0285662,0.9571404
0.0285688,0.957155
0.028571,0.9571704
0.0285728,0.9571816
0.028576,0.9571958
0.0285788,0.9572096
0.0285812,0.9572262
0.0285822,0.9572416
0.0285836,0.9572538
0.0285848,0.9572694
0.0285876,0.9572858
0.0285898,0.9573044
0.0285914,0.9573178
0.0285936,0.9573342
0.028596,0.9573482
0.0285972,0.9573668
0.0285988,0.9573818
0.028601,0.9573988
0.0286024,0.9574116
0.0286052,0.9574248
0.0286062,0.9574416
0.0286094,0.9574578
0.0286134,0.9574714
0.0286156,0.9574856
0.0286174,0.9575016
0.0286196,0.9575136
0.0286218,0.9575294
0.0286244,0.9575482
0.028626,0.9575614
0.0286268,0.9575802
0.0286288,0.9575968
0.028632,0.9576124
0.0286348,0.9576308
0.0286364,0.9576418
0.0286402,0.9576574
0.0286436,0.9576714
0.0286452,0.9576858
0.0286478,0.9576996
0.0286504,0.9577144
0.0286532,0.9577288
0.0286546,0.9577414
0.0286564,0.9577594
0.0286602,0.957774
0.0286624,0.95779
0.0286642,0.9578008
0.0286662,0.9578136
0.0286668,0.957827
0.0286698,0.9578416
0.0286712,0.9578564
0.0286724,0.9578746
0.028673,0.9578886
0.0286742,0.9579022
0.0286778,0.957917
0.0286802,0.957934
0.0286828,0.9579458
0.0286876,0.9579602
0.028689,0.957979
0.0286928,0.957994
0.028694,0.9580072
0.0286952,0.958021
0.0286984,0.9580368
0.0287018,0.9580542
0.0287038,0.958069
0.0287058,0.9580862
0.02871,0.9581022
0.0287114,0.9581236
0.0287146,0.9581348
0.0287168,0.9581458
0.028719,0.9581568
0.0287224,0.9581672
0.0287246,0.9581778
0.0287272,0.9581898
0.0287288,0.9582032
0.028731,0.958215
0.0287322,0.9582272
0.0287356,0.958243
0.0287364,0.9582574
0.0287392,0.9582676
0.0287412,0.9582838
0.0287434,0.9582976
0.0287442,0.9583116
0.028745,0.9583254
0.0287464,0.9583442
0.0287486,0.9583588
0.0287502,0.9583772
0.0287534,0.9583946
0.0287562,0.9584062
0.0287574,0.95842
0.0287604,0.9584356
0.0287626,0.9584482
0.0287636,0.9584616
0.0287654,0.9584754
0.028768,0.9584892
0.0287708,0.9585036
0.0287738,0.9585198
0.028778,0.9585328
0.0287782,0.9585458
0.0287798,0.9585638
0.028781,0.9585788
0.0287842,0.9585942
0.0287872,0.9586082
0.0287898,0.9586224
0.0287912,0.9586374
0.0287932,0.958651
0.0287954,0.9586664
0.0287966,0.958684
0.0287986,0.9587022
0.0287998,0.9587158
0.0288018,0.9587304
0.0288032,0.9587452
0.0288066,0.9587588
0.0288084,0.9587666
0.0288116,0.958782
0.0288148,0.9587948
0.0288172,0.958807
0.028821,0.9588176
0.0288228,0.9588304
0.0288242,0.958843
0.0288268,0.958857
0.028828,0.9588676
0.0288304,0.9588806
0.028832,0.9588926
0.0288338,0.9589064
0.0288358,0.9589164
0.0288382,0.9589318
0.0288418,0.9589464
0.0288434,0.9589584
0.0288452,0.9589694
0.028847,0.9589812
0.0288486,0.9589984
0.0288518,0.9590114
0.028854,0.959025
0.0288552,0.9590374
0.0288572,0.9590474
0.0288596,0.95906
0.0288632,0.9590728
0.0288658,0.9590872
0.0288664,0.9590986
0.0288666,0.9591134
0.0288698,0.9591268
0.0288716,0.9591372
0.0288736,0.9591478
0.0288766,0.9591604
0.0288782,0.9591748
0.0288794,0.9591878
0.0288826,0.9592002
0.0288856,0.9592174
0.0288868,0.9592282
0.0288882,0.9592388
0.0288898,0.9592504
0.0288912,0.959264
0.028893,0.9592804
0.0288968,0.9592972
0.0288984,0.9593112
0.0289004,0.9593236
0.0289026,0.9593368
0.0289038,0.9593472
0.028905,0.9593606
0.028907,0.9593756
0.0289082,0.9593904
0.0289112,0.9594032
0.0289122,0.9594208
0.0289138,0.9594356
0.0289166,0.9594514
0.028919,0.9594658
0.0289208,0.9594774
0.028924,0.9594892
0.0289266,0.9595044
0.028928,0.9595232
0.02893,0.9595356
0.028931,0.9595502
0.0289326,0.9595636
0.0289364,0.9595788
0.0289404,0.959589
0.0289414,0.9596052
0.0289432,0.959619
0.0289446,0.959633
0.0289472,0.9596484
0.0289496,0.9596594
0.0289512,0.9596706
0.028953,0.9596832
0.0289584,0.9596954
0.0289618,0.9597096
0.0289644,0.9597244
0.0289662,0.9597402
0.0289688,0.9597578
0.0289704,0.9597742
0.028973,0.9597892
0.0289768,0.9598026
0.0289774,0.9598144
0.0289794,0.9598296
0.0289816,0.9598456
0.028984,0.9598604
0.0289866,0.9598732
0.0289884,0.9598884
0.0289902,0.9599014
0.028993,0.959917
0.0289946,0.9599278
0.0289966,0.9599386
0.0289986,0.9599518
0.0290024,0.9599636
0.0290028,0.9599768
0.0290054,0.959989
0.0290064,0.9600016
0.0290102,0.9600172
0.0290118,0.9600296
0.0290158,0.9600406
0.0290188,0.9600546
0.0290228,0.9600734
0.0290266,0.9600886
0.0290282,0.9601032
0.0290304,0.9601148
0.029034,0.9601258
0.0290366,0.960136
0.0290376,0.9601508
0.0290404,0.9601626
0.0290428,0.9601808
0.0290466,0.9601928
0.0290494,0.9602094
0.0290526,0.9602248
0.0290542,0.9602374
0.0290568,0.960251
0.0290592,0.960265
0.0290602,0.9602826
0.0290622,0.9602958
0.029065,0.9603062
0.0290696,0.960325
0.0290712,0.960343
0.0290734,0.96036
0.029076,0.9603736
0.0290784,0.960392
0.0290796,0.960405
0.0290804,0.960417
0.0290842,0.9604272
0.0290884,0.960438
0.0290916,0.9604556
0.0290942,0.960468
0.029096,0.9604824
0.0290978,0.9604946
0.029102,0.9605072
0.0291032,0.960522
0.0291044,0.960533
0.0291056,0.9605452
0.0291074,0.9605588
0.0291088,0.9605714
0.0291098,0.9605862
0.0291118,0.9606004
0.0291138,0.9606118
0.0291164,0.9606282
0.0291174,0.9606426
0.0291196,0.9606598
0.0291224,0.960675
0.0291244,0.9606856
0.0291284,0.9606968
0.029131,0.9607082
0.029132,0.9607198
0.0291346,0.9607372
0.0291374,0.9607498
0.02914,0.9607588
0.0291434,0.960773
0.0291468,0.9607836
0.0291482,0.960799
0.0291518,0.9608128
0.0291548,0.9608266
0.0291568,0.960841
0.0291578,0.9608564
0.0291604,0.9608726
0.0291614,0.9608874
0.0291634,0.9609032
0.0291664,0.9609166
0.0291694,0.9609308
0.0291734,0.960945
0.0291762,0.9609592
0.0291782,0.960972
0.0291816,0.9609854
0.0291846,0.960996
0.0291866,0.9610096
0.0291876,0.9610218
0.0291886,0.9610388
0.0291912,0.9610532
0.0291938,0.9610688
0.0291948,0.9610818
0.0291954,0.9610952
0.0291982,0.9611118
0.0291998,0.9611228
0.0292032,0.9611358
0.0292044,0.9611516
0.0292074,0.9611676
0.0292094,0.9611846
0.0292104,0.961195
0.0292112,0.96121
0.0292126,0.961224
0.0292144,0.9612336
0.0292186,0.9612462
0.0292222,0.9612592
0.0292254,0.961274
0.0292256,0.9612892
0.0292276,0.9613034
0.0292314,0.9613128
0.029234,0.9613258
0.0292356,0.9613438
0.0292378,0.9613574
0.02924,0.9613738
0.029241,0.9613898
0.029242,0.9614052
0.0292434,0.9614172
0.029244,0.961432
0.029246,0.9614462
0.0292476,0.9614576
0.0292486,0.9614722
0.0292494,0.9614844
0.0292532,0.9614986
0.0292536,0.9615104
0.029256,0.9615252
0.0292582,0.9615406
0.0292604,0.9615586
0.0292622,0.961576
0.029263,0.961594
0.0292646,0.9616058
0.0292658,0.9616186
0.0292676,0.9616366
0.0292696,0.9616498
0.0292712,0.9616636
0.0292714,0.9616782
0.029273,0.9616898
0.029275,0.9617044
0.0292784,0.9617152
0.0292802,0.961726
0.029283,0.9617412
0.0292868,0.9617568
0.0292886,0.9617698
0.0292892,0.9617842
0.029291,0.961795
0.0292924,0.961808
0.0292954,0.9618198
0.029299,0.9618332
0.029301,0.9618454
0.029302,0.9618622
0.0293034,0.9618716
0.0293056,0.9618826
0.0293072,0.9618972
0.0293096,0.9619094
0.0293108,0.9619216
0.0293134,0.9619346
0.0293156,0.9619476
0.0293184,0.9619632
0.0293196,0.9619768
0.0293232,0.961993
0.0293256,0.9620102
0.029329,0.9620224
0.0293306,0.962037
0.0293326,0.96205
0.029335,0.962066
0.0293392,0.962077
0.0293412,0.962092
0.0293416,0.9621056
0.0293438,0.9621166
0.0293444,0.9621298
0.0293472,0.9621466
0.0293506,0.9621588
0.0293524,0.9621694
0.0293532,0.9621824
0.0293566,0.9621942
0.0293582,0.9622054
0.0293598,0.9622248
0.0293626,0.9622382
0.0293646,0.9622524
0.029366,0.962265
0.029367,0.9622782
0.029369,0.9622886
0.029371,0.9623006
0.029373,0.9623128
0.0293754,0.9623286
0.0293778,0.962341
0.0293788,0.962356
0.0293808,0.9623702
0.029383,0.962387
0.0293852,0.9623976
0.0293884,0.9624124
0.02939,0.9624308
0.029391,0.962445
0.0293942,0.9624588
0.029398,0.9624746
0.0294,0.962492
0.0294028,0.9625072
0.029406,0.9625222
0.029409,0.9625352
0.0294114,0.9625512
0.0294134,0.9625666
0.029416,0.9625792
0.0294188,0.962591
0.0294212,0.9626022
0.0294224,0.9626164
0.0294232,0.9626276
0.0294252,0.9626418
0.0294274,0.9626558
0.0294284,0.9626666
0.0294306,0.9626806
0.0294334,0.9626944
0.029435,0.962707
0.029439,0.9627188
0.0294414,0.9627304
0.0294428,0.9627458
0.0294446,0.962761
0.029446,0.9627722
0.029448,0.962787
0.029452,0.9627986
0.0294538,0.9628122
0.0294568,0.9628258
0.0294584,0.9628376
0.0294616,0.9628484
0.0294638,0.962861
0.0294648,0.962871
0.0294694,0.9628884
0.0294716,0.9628982
0.0294734,0.9629112
0.0294748,0.962926
0.0294772,0.9629392
0.0294788,0.9629524
0.0294816,0.9629716
0.0294838,0.9629854
0.0294846,0.9629974
0.0294868,0.9630094
0.0294894,0.9630248
0.0294914,0.9630382
0.0294934,0.963049
0.0294964,0.9630626
0.0294992,0.9630764
0.0295022,0.9630914
0.0295044,0.963103
0.029506,0.9631214
0.0295072,0.9631316
0.0295092,0.9631468
0.0295102,0.9631586
0.0295136,0.9631706
0.0295182,0.9631874
0.0295184,0.9631996
0.0295212,0.9632218
0.0295224,0.963235
0.0295246,0.9632478
0.0295258,0.963259
0.0295286,0.963276
0.0295312,0.96329
0.0295348,0.963306
0.0295374,0.9633186
0.0295396,0.963331
0.0295422,0.9633448
0.029544,0.963357
0.0295488,0.963367
0.0295512,0.9633852
0.0295538,0.9634006
0.0295566,0.9634126
0.029558,0.9634258
0.0295584,0.9634404
0.029561,0.963458
0.0295634,0.9634686
0.029565,0.9634836
0.0295672,0.9634996
0.0295686,0.9635152
0.029571,0.9635278
0.0295726,0.9635442
0.0295736,0.9635582
0.0295746,0.9635694
0.0295778,0.9635834
0.0295814,0.9635968
0.029583,0.9636122
0.0295844,0.9636272
0.029586,0.9636412
0.0295878,0.9636552
0.02959,0.963672
0.0295936,0.9636814
0.0295966,0.9637004
0.0295996,0.9637138
0.0296018,0.9637246
0.0296068,0.9637386
0.0296092,0.9637504
0.0296128,0.9637618
0.0296154,0.9637742
0.0296188,0.963783
0.0296216,0.963797
0.0296234,0.9638094
0.029625,0.9638226
0.0296268,0.9638376
0.0296298,0.9638484
0.0296328,0.9638638
0.0296354,0.9638768
0.0296378,0.9638918
0.0296386,0.9639058
0.029642,0.9639176
0.0296458,0.9639296
0.0296474,0.9639452
0.0296484,0.9639584
0.029651,0.9639696
0.029652,0.9639832
0.0296542,0.9639942
0.0296566,0.9640064
0.0296584,0.9640168
0.0296588,0.9640336
0.0296598,0.9640492
0.0296626,0.9640632
0.0296632,0.9640776
0.0296662,0.9640894
0.02967,0.9641086
0.0296708,0.9641182
0.0296728,0.96413
0.0296756,0.9641414
0.029679,0.9641544
0.029683,0.9641694
0.0296844,0.9641848
0.0296856,0.9641974
0.0296894,0.9642126
0.0296918,0.9642222
0.0296952,0.964236
0.0296966,0.964247
0.029698,0.9642552
0.0296998,0.9642714
0.0297036,0.964285
0.029707,0.964299
0.0297092,0.9643114
0.0297096,0.964326
0.0297138,0.964338
0.0297162,0.9643518
0.0297182,0.9643624
0.0297216,0.964374
0.0297272,0.9643874
0.0297302,0.9643992
0.0297312,0.9644162
0.0297322,0.964431
0.0297338,0.9644484
0.0297366,0.9644616
0.0297384,0.9644764
0.02974,0.9644906
0.0297426,0.964507
0.0297466,0.9645216
0.0297476,0.964534
0.0297498,0.964549
0.0297528,0.9645602
0.0297544,0.9645714
0.0297566,0.9645874
0.029758,0.9646002
0.0297594,0.9646146
0.0297634,0.9646254
0.0297652,0.9646354
0.0297674,0.9646498
0.02977,0.9646632
0.0297718,0.964678
0.0297732,0.9646882
0.029777,0.9647014
0.0297802,0.9647152
0.0297822,0.9647292
0.0297836,0.964742
0.029785,0.9647506
0.0297872,0.9647638
0.0297904,0.9647784
0.0297914,0.964793
0.0297948,0.964809
0.029797,0.9648198
0.029799,0.9648366
0.029802,0.9648484
0.029804,0.9648616
0.029806,0.9648778
0.0298088,0.964888
0.0298122,0.9649004
0.0298136,0.9649128
0.0298156,0.9649226
0.0298168,0.964936
0.0298192,0.9649456
0.0298222,0.9649562
0.0298262,0.96497
0.0298292,0.9649826
0.029831,0.9649976
0.0298344,0.9650106
0.0298354,0.9650246
0.0298362,0.965037
0.029838,0.9650502
0.0298408,0.9650622
0.029843,0.9650794
0.029845,0.9650914
0.0298472,0.9651022
0.0298492,0.9651146
0.029851,0.9651292
0.029852,0.9651452
0.029854,0.9651566
0.0298562,0.9651708
0.0298566,0.9651808
0.0298604,0.9651928
0.0298616,0.9652076
0.0298642,0.9652194
0.029865,0.9652408
0.0298678,0.965252
0.0298696,0.9652722
0.0298718,0.9652832
0.0298746,0.965298
0.0298766,0.9653132
0.0298808,0.965324
0.0298826,0.9653368
0.0298848,0.9653458
0.0298876,0.9653584
0.0298892,0.9653702
0.0298904,0.9653856
0.0298922,0.965401
0.0298934,0.9654126
0.0298962,0.9654244
0.0298968,0.9654374
0.0298988,0.9654524
0.0299016,0.9654666
0.0299038,0.965483
0.0299052,0.9654986
0.0299068,0.9655106
0.0299098,0.9655262
0.0299126,0.9655356
0.029915,0.9655502
0.029919,0.9655634
0.0299212,0.9655744
0.0299232,0.9655874
0.0299256,0.9656018
0.0299278,0.9656168
0.0299306,0.9656274
0.0299322,0.9656428
0.0299334,0.9656574
0.0299346,0.9656714
0.0299356,0.9656848
0.0299398,0.9656956
0.0299416,0.9657084
0.029944,0.9657222
0.0299474,0.96573
0.0299514,0.9657412
0.0299524,0.9657524
0.0299548,0.9657634
0.0299582,0.965777
0.0299606,0.9657956
0.0299614,0.965813
0.0299632,0.965827
0.029966,0.9658432
0.0299694,0.9658558
0.0299716,0.9658668
0.0299732,0.9658798
0.029975,0.9658934
0.0299772,0.9659088
0.0299782,0.965923
0.0299802,0.9659364
0.0299818,0.9659502
0.029984,0.9659626
0.0299866,0.9659752
0.0299888,0.9659906
0.0299916,0.966006
0.0299926,0.9660208
0.0299968,0.9660316
0.029999,0.9660416
0.030002,0.9660546
0.0300052,0.9660644
0.0300076,0.966074
0.0300092,0.9660868
0.0300108,0.9660984
0.0300126,0.966112
0.030015,0.9661228
0.0300172,0.9661374
0.0300184,0.966152
0.0300212,0.966162
0.0300232,0.9661758
0.0300256,0.966189
0.0300268,0.9661992
0.0300292,0.9662148
0.030031,0.966226
0.0300324,0.9662402
0.0300328,0.9662536
0.030035,0.9662688
0.0300366,0.9662798
0.0300392,0.9662934
0.0300416,0.9663094
0.0300436,0.9663212
0.0300448,0.9663328
0.030045,0.9663466
0.0300468,0.9663582
0.0300494,0.9663752
0.030053,0.9663876
0.0300546,0.9664018
0.0300584,0.9664136
0.0300606,0.9664332
0.0300626,0.966448
0.0300644,0.9664638
0.0300658,0.9664764
0.0300674,0.9664924
0.0300694,0.966502
0.0300708,0.9665136
0.0300736,0.9665276
0.030076,0.966539
0.0300778,0.9665532
0.030082,0.9665666
0.030084,0.9665784
0.0300852,0.9665898
0.0300874,0.9666002
0.0300892,0.9666094
0.030091,0.9666262
0.0300948,0.9666396
0.0300984,0.9666554
0.0301008,0.9666684
0.0301036,0.9666818
0.0301048,0.9666922
0.0301092,0.966708
0.0301108,0.966719
0.0301122,0.9667318
0.030115,0.966745
0.0301174,0.966756
0.030119,0.9667724
0.0301218,0.9667866
0.0301236,0.966801
0.0301248,0.966811
0.0301292,0.9668282
0.0301316,0.9668392
0.0301342,0.9668546
0.0301374,0.9668706
0.0301384,0.966884
0.0301426,0.9668932
0.030144,0.9669092
0.030145,0.9669224
0.0301454,0.9669366
0.0301484,0.96695
0.0301504,0.9669686
0.030151,0.9669818
0.0301534,0.9669934
0.0301548,0.9670006
0.0301578,0.9670136
0.0301588,0.9670268
0.0301604,0.9670424
0.0301628,0.967054
0.030165,0.967065
0.0301686,0.967075
0.03017,0.967085
0.0301724,0.9670938
0.0301734,0.9671056
0.030174,0.9671254
0.0301762,0.9671354
0.0301774,0.9671482
0.030179,0.9671608
0.0301818,0.9671758
0.0301834,0.967192
0.0301848,0.9672104
0.0301884,0.96722
0.0301922,0.9672302
0.0301948,0.9672424
0.0301962,0.9672534
0.0301992,0.9672638
0.0301998,0.9672746
0.030202,0.9672878
0.0302042,0.9672978
0.0302066,0.9673088
0.0302084,0.9673178
0.0302094,0.9673304
0.030211,0.9673378
0.0302124,0.9673496
0.0302138,0.9673606
0.0302168,0.967373
0.0302192,0.9673878
0.0302226,0.9674022
0.030225,0.9674176
0.030226,0.9674316
0.0302292,0.9674436
0.0302326,0.967459
0.0302362,0.9674738
0.0302384,0.9674856
0.0302406,0.9675034
0.0302424,0.9675198
0.0302442,0.9675334
0.0302458,0.9675438
0.030248,0.9675628
0.0302492,0.9675766
0.0302512,0.9675894
0.0302528,0.9676012
0.030255,0.9676138
0.0302566,0.9676254
0.03026,0.9676394
0.0302624,0.9676564
0.0302658,0.9676686
0.0302702,0.9676804
0.0302718,0.9676918
0.030273,0.967701
0.0302748,0.9677132
0.0302762,0.9677262
0.03028,0.9677384
0.030283,0.9677552
0.0302872,0.9677694
0.0302884,0.9677818
0.0302928,0.9677922
0.0302944,0.9678062
0.0302962,0.9678204
0.0302984,0.9678344
0.0303002,0.9678484
0.0303022,0.967862
0.0303034,0.9678736
0.0303046,0.9678834
0.0303052,0.9678938
0.0303074,0.9679036
0.0303092,0.9679138
0.0303104,0.9679262
0.0303128,0.967938
0.0303168,0.9679496
0.0303208,0.9679646
0.0303232,0.9679774
0.0303252,0.9679922
0.0303278,0.968007
0.0303314,0.9680184
0.030334,0.9680286
0.0303358,0.9680368
0.0303386,0.9680482
0.0303404,0.9680622
0.0303448,0.9680726
0.0303458,0.9680846
0.0303488,0.9680966
0.0303512,0.9681088
0.0303528,0.9681222
0.0303542,0.968131
0.030357,0.9681456
0.0303612,0.9681566
0.0303628,0.9681716
0.030364,0.9681852
0.0303666,0.968198
0.0303686,0.9682106
0.030371,0.9682208
0.0303732,0.9682344
0.0303748,0.968247
0.0303764,0.9682596
0.030378,0.9682734
0.0303798,0.9682868
0.030382,0.9682964
0.0303852,0.9683108
0.0303862,0.9683254
0.0303888,0.9683376
0.0303908,0.9683482
0.0303942,0.9683594
0.0303972,0.9683718
0.030398,0.968385
0.0304018,0.9683996
0.0304044,0.9684132
0.030406,0.9684262
0.0304074,0.9684368
0.0304094,0.9684486
0.0304114,0.9684638
0.0304134,0.9684756
0.0304152,0.9684862
0.030417,0.9684974
0.0304194,0.9685104
0.0304208,0.9685218
0.0304222,0.9685338
0.0304232,0.9685462
0.0304258,0.9685564
0.0304284,0.9685698
0.0304306,0.9685806
0.0304318,0.9685946
0.0304328,0.9686072
0.0304346,0.968621
0.0304372,0.968631
0.0304406,0.9686448
0.0304436,0.9686586
0.030445,0.9686698
0.0304458,0.9686828
0.0304482,0.9686942
0.0304516,0.9687094
0.0304532,0.9687172
0.0304538,0.9687306
0.0304562,0.9687418
0.030458,0.968755
0.0304596,0.968769
0.030461,0.9687842
0.030463,0.9687958
0.0304646,0.9688086
0.0304662,0.9688228
0.030467,0.9688348
0.0304688,0.9688482
0.030471,0.9688612
0.030473,0.9688696
0.0304758,0.968883
0.0304772,0.9688938
0.0304782,0.9689048
0.0304804,0.9689192
0.0304826,0.9689334
0.030486,0.9689446
0.0304884,0.9689568
0.0304906,0.9689646
0.0304926,0.9689812
0.030494,0.9689942
0.030497,0.9690056
0.0304992,0.96902
0.0305006,0.969031
0.030503,0.9690404
0.0305044,0.969054
0.0305076,0.9690658
0.0305096,0.969076
0.0305114,0.9690854
0.0305132,0.969093
0.0305154,0.9691064
0.030518,0.9691212
0.0305206,0.9691332
0.0305226,0.9691476
0.0305244,0.9691604
0.0305288,0.9691708
0.0305308,0.9691838
0.0305326,0.969195
0.0305356,0.969206
0.0305402,0.9692176
0.0305412,0.9692306
0.0305418,0.969245
0.0305438,0.969254
0.0305468,0.9692644
0.0305486,0.9692748
0.0305504,0.969288
0.0305514,0.9692994
0.0305536,0.9693142
0.0305552,0.9693272
0.0305576,0.9693394
0.0305596,0.9693536
0.0305616,0.9693674
0.0305632,0.9693788
0.030565,0.969391
0.0305668,0.969403
0.030568,0.9694134
0.030571,0.9694288
