phase_2,phase_4
0.0,0.7702034
3.2e-6,0.7702284
7.0e-6,0.770254
1.12e-5,0.7702788
1.46e-5,0.7703026
1.68e-5,0.770328
2.12e-5,0.7703582
2.4e-5,0.770385
2.88e-5,0.7704128
3.34e-5,0.770438
3.88e-5,0.7704668
4.02e-5,0.7704882
4.42e-5,0.7705146
5.12e-5,0.770544
5.64e-5,0.7705712
5.98e-5,0.770596
6.4e-5,0.7706214
6.72e-5,0.7706458
7.36e-5,0.7706762
7.88e-5,0.7706998
8.32e-5,0.7707274
8.66e-5,0.7707526
9.26e-5,0.7707778
9.52e-5,0.7708036
0.0001038,0.770831
0.0001076,0.7708538
0.0001096,0.7708766
0.0001122,0.770902
0.0001156,0.77093
0.0001206,0.770962
0.000124,0.770999
0.000128,0.7710296
0.0001326,0.7710566
0.0001354,0.7710852
0.0001406,0.7711102
0.0001444,0.771136
0.0001492,0.771163
0.0001544,0.771189
0.000158,0.7712154
0.0001628,0.7712368
0.000167,0.7712638
0.0001702,0.7712856
0.0001722,0.771316
0.0001768,0.7713408
0.0001834,0.7713624
0.0001872,0.7713954
0.0001904,0.771424
0.0001934,0.7714448
0.0001984,0.7714744
0.0002026,0.7715006
0.0002058,0.7715282
0.0002092,0.771553
0.0002148,0.7715774
0.0002188,0.7716086
0.0002226,0.7716302
0.000226,0.7716546
0.000229,0.7716828
0.0002334,0.7717122
0.0002368,0.7717352
0.0002388,0.7717602
0.000244,0.771787
0.0002512,0.7718194
0.0002566,0.7718424
0.0002604,0.771861
0.000264,0.7718906
0.0002674,0.7719242
0.0002728,0.771955
0.0002762,0.7719802
0.000281,0.7720094
0.0002848,0.7720388
0.0002902,0.7720646
0.0002954,0.7720904
0.0002992,0.7721134
0.0003028,0.7721404
0.0003058,0.7721666
0.0003098,0.7721914
0.000315,0.772218
0.0003178,0.772245
0.0003206,0.7722732
0.0003232,0.772295
0.0003298,0.7723184
0.0003326,0.772345
0.000337,0.7723738
0.0003414,0.7724044
0.0003444,0.7724352
0.000349,0.7724586
0.0003552,0.772485
0.0003582,0.7725166
0.0003644,0.772547
0.0003682,0.7725738
0.0003718,0.7725982
0.0003764,0.7726226
0.0003836,0.7726488
0.0003874,0.7726748
0.0003908,0.7727004
0.0003978,0.7727244
0.0004016,0.7727464
0.0004054,0.77277
0.0004082,0.7727964
0.0004118,0.7728246
0.0004174,0.772858
0.0004216,0.7728856
0.0004258,0.7729126
0.0004318,0.7729362
0.0004366,0.7729678
0.0004428,0.7729954
0.0004474,0.7730206
0.0004512,0.7730454
0.0004552,0.7730688
0.000462,0.7731002
0.0004678,0.773121
0.0004726,0.7731412
0.000474,0.7731742
0.000482,0.773203
0.0004876,0.7732284
0.0004932,0.7732536
0.0004982,0.7732782
0.0005018,0.7733056
0.0005046,0.7733318
0.0005124,0.7733564
0.000517,0.7733834
0.0005224,0.7734128
0.0005272,0.7734408
0.0005326,0.7734628
0.0005372,0.7734928
0.0005396,0.7735236
0.0005428,0.773548
0.0005456,0.7735738
0.0005504,0.7736012
0.0005558,0.7736288
0.000562,0.7736546
0.0005672,0.7736832
0.0005708,0.7737066
0.0005734,0.7737322
0.0005794,0.7737608
0.0005832,0.7737888
0.000587,0.7738154
0.0005918,0.773837
0.0005952,0.7738638
0.000599,0.7738902
0.000606,0.7739124
0.0006102,0.7739358
0.000615,0.7739646
0.0006204,0.7739888
0.0006228,0.7740132
0.0006256,0.7740388
0.0006284,0.7740632
0.0006324,0.7740894
0.0006366,0.774114
0.0006416,0.7741418
0.0006442,0.7741652
0.0006476,0.7741962
0.0006532,0.7742236
0.0006572,0.774251
0.000661,0.7742786
0.0006662,0.774309
0.0006706,0.77434
0.0006736,0.7743602
0.0006772,0.7743896
0.0006804,0.7744126
0.0006822,0.7744386
0.0006866,0.7744628
0.0006914,0.7744874
0.0006952,0.7745132
0.0007004,0.774534
0.0007046,0.7745634
0.000711,0.7745914
0.000716,0.7746208
0.0007202,0.7746462
0.0007262,0.774669
0.00073,0.7746902
0.0007336,0.77472
0.0007362,0.7747508
0.0007392,0.7747784
0.0007434,0.7748
0.0007496,0.7748248
0.0007532,0.7748568
0.000757,0.7748782
0.0007626,0.7749078
0.0007656,0.7749352
0.0007708,0.7749602
0.0007756,0.7749942
0.0007822,0.7750192
0.0007882,0.7750454
0.0007922,0.7750738
0.0007982,0.7750992
0.000804,0.7751236
0.0008086,0.7751514
0.000812,0.7751748
0.0008146,0.775201
0.0008178,0.775223
0.0008226,0.7752468
0.0008264,0.7752708
0.000829,0.775298
0.0008332,0.7753242
0.0008368,0.77535
0.000842,0.7753816
0.000845,0.7754076
0.0008498,0.7754322
0.0008524,0.7754588
0.0008582,0.775487
0.000862,0.7755104
0.0008644,0.7755274
0.0008718,0.7755546
0.000876,0.7755828
0.0008804,0.7756058
0.0008868,0.7756326
0.0008908,0.7756596
0.000897,0.7756868
0.0008994,0.7757198
0.0009036,0.775748
0.0009084,0.7757764
0.0009126,0.7758012
0.0009174,0.7758318
0.0009222,0.7758624
0.0009302,0.7758876
0.0009334,0.7759132
0.0009364,0.7759324
0.0009424,0.7759592
0.0009478,0.7759858
0.000955,0.7760094
0.000959,0.7760322
0.0009638,0.7760512
0.0009676,0.776079
0.00097,0.7761116
0.0009738,0.776136
0.000976,0.7761648
0.0009798,0.7761944
0.0009828,0.7762146
0.0009886,0.776245
0.0009922,0.7762692
0.0009958,0.7762926
0.0010004,0.7763154
0.0010072,0.7763422
0.0010122,0.7763642
0.0010166,0.776388
0.0010212,0.7764166
0.0010242,0.7764442
0.0010272,0.7764686
0.001031,0.7764972
0.0010356,0.7765236
0.0010398,0.7765448
0.0010474,0.7765704
0.001052,0.776601
0.0010556,0.7766318
0.001062,0.7766574
0.0010676,0.7766832
0.0010712,0.7767092
0.001075,0.7767304
0.0010796,0.7767536
0.0010846,0.776778
0.0010902,0.7768012
0.0010944,0.7768276
0.001099,0.7768466
0.0011028,0.7768794
0.0011058,0.7769082
0.001109,0.7769314
0.0011122,0.776957
0.0011162,0.7769822
0.0011206,0.7770062
0.001124,0.777031
0.001129,0.7770514
0.001133,0.7770754
0.001136,0.777104
0.0011416,0.7771282
0.0011434,0.7771512
0.001146,0.7771808
0.0011478,0.777206
0.001152,0.7772314
0.0011586,0.7772598
0.0011636,0.777286
0.0011678,0.777312
0.0011706,0.7773386
0.0011754,0.7773632
0.0011822,0.7773854
0.0011854,0.77741
0.001189,0.777439
0.0011938,0.7774644
0.0011988,0.7774862
0.001202,0.7775082
0.0012072,0.7775334
0.001211,0.7775568
0.0012166,0.7775852
0.0012212,0.7776158
0.0012276,0.777641
0.001232,0.7776702
0.0012348,0.7776934
0.0012388,0.7777128
0.0012452,0.7777368
0.0012502,0.7777654
0.0012528,0.777794
0.00126,0.7778198
0.0012658,0.7778438
0.0012704,0.7778686
0.0012742,0.7778906
0.0012784,0.777916
0.0012826,0.7779398
0.0012874,0.7779688
0.0012918,0.777992
0.0012988,0.7780176
0.0013032,0.7780416
0.0013072,0.7780684
0.0013096,0.7780952
0.0013138,0.7781182
0.0013176,0.7781438
0.0013248,0.7781734
0.0013294,0.7781934
0.0013336,0.7782208
0.0013374,0.778246
0.0013408,0.7782734
0.0013448,0.7783008
0.0013504,0.778325
0.0013528,0.7783552
0.0013578,0.7783838
0.0013612,0.7784104
0.001365,0.778437
0.0013704,0.7784634
0.001379,0.778488
0.0013844,0.7785122
0.0013912,0.7785436
0.0013948,0.778566
0.001397,0.7785908
0.001399,0.7786166
0.0014034,0.7786414
0.0014068,0.7786662
0.0014108,0.7786884
0.0014142,0.778714
0.0014196,0.7787414
0.001421,0.7787692
0.0014242,0.7788004
0.001429,0.7788288
0.0014312,0.7788518
0.0014368,0.778879
0.0014386,0.7789002
0.0014406,0.7789314
0.0014442,0.7789554
0.0014474,0.7789758
0.001452,0.7790058
0.0014566,0.7790338
0.0014606,0.7790618
0.0014654,0.7790834
0.0014712,0.7791106
0.0014768,0.779135
0.0014822,0.779163
0.0014886,0.7791836
0.001493,0.7792098
0.0014958,0.7792378
0.0015008,0.7792648
0.0015056,0.7792914
0.0015102,0.779326
0.0015158,0.7793508
0.0015194,0.779377
0.0015246,0.7794068
0.001527,0.7794302
0.0015322,0.7794506
0.0015366,0.7794818
0.0015412,0.7795064
0.001546,0.779529
0.0015476,0.7795532
0.0015516,0.7795786
0.0015564,0.7796016
0.0015602,0.7796236
0.0015648,0.7796464
0.0015678,0.7796724
0.001573,0.7796968
0.0015772,0.7797252
0.0015818,0.779752
0.0015852,0.7797828
0.0015888,0.779805
0.001593,0.7798402
0.001597,0.7798682
0.0016032,0.7798898
0.001609,0.77991
0.0016146,0.7799358
0.0016206,0.7799568
0.0016232,0.77998
0.0016278,0.7800014
0.0016328,0.780024
0.001639,0.7800484
0.0016448,0.7800742
0.0016484,0.7801024
0.0016516,0.780127
0.0016566,0.7801554
0.001662,0.7801804
0.0016672,0.780203
0.0016712,0.7802272
0.0016744,0.7802634
0.0016794,0.7802904
0.001684,0.7803158
0.001687,0.7803368
0.0016922,0.7803636
0.0016974,0.7803932
0.0017022,0.7804128
0.0017084,0.7804362
0.0017144,0.7804644
0.0017178,0.7804914
0.0017206,0.7805142
0.0017234,0.7805372
0.0017288,0.7805606
0.0017316,0.7805804
0.001734,0.7806108
0.0017374,0.7806378
0.0017408,0.780664
0.0017466,0.780687
0.0017524,0.7807126
0.0017574,0.7807354
0.001761,0.7807596
0.0017636,0.780778
0.0017666,0.780807
0.0017732,0.780834
0.0017788,0.7808632
0.001783,0.7808898
0.0017856,0.7809166
0.001789,0.7809426
0.0017934,0.7809676
0.0017984,0.7809932
0.0018022,0.7810204
0.0018062,0.7810534
0.001812,0.7810784
0.0018164,0.7811066
0.0018184,0.7811334
0.0018212,0.7811534
0.001825,0.7811822
0.0018278,0.7812038
0.0018312,0.7812308
0.001836,0.7812566
0.001843,0.7812822
0.0018488,0.7813064
0.0018518,0.781333
0.001858,0.7813576
0.001861,0.7813814
0.0018642,0.7814044
0.0018676,0.7814312
0.001873,0.7814582
0.0018774,0.7814766
0.0018802,0.781495
0.0018822,0.7815218
0.0018866,0.7815492
0.0018918,0.7815756
0.001898,0.781598
0.001905,0.7816274
0.0019082,0.7816534
0.0019114,0.781678
0.001914,0.7817038
0.0019194,0.7817286
0.0019236,0.7817544
0.0019276,0.7817804
0.0019306,0.781802
0.0019362,0.781828
0.00194,0.7818554
0.0019458,0.7818826
0.00195,0.781905
0.0019534,0.7819314
0.0019568,0.781961
0.0019592,0.781983
0.0019628,0.7820112
0.0019674,0.7820412
0.001972,0.782072
0.0019756,0.7821058
0.0019806,0.7821312
0.0019838,0.7821582
0.0019882,0.7821826
0.0019936,0.7822136
0.0019974,0.7822366
0.0019998,0.7822624
0.0020022,0.7822876
0.0020052,0.7823152
0.0020104,0.782346
0.0020148,0.7823678
0.00202,0.7823946
0.0020236,0.7824176
0.0020266,0.782444
0.0020294,0.78247
0.002032,0.7824936
0.0020366,0.7825182
0.0020432,0.7825462
0.002046,0.7825696
0.0020502,0.7825972
0.0020534,0.78262
0.002059,0.7826536
0.0020624,0.7826758
0.0020676,0.782703
0.0020722,0.7827256
0.0020758,0.7827542
0.0020776,0.7827792
0.0020832,0.7828066
0.0020866,0.7828304
0.002091,0.7828604
0.002096,0.7828824
0.0020998,0.7829082
0.002105,0.7829414
0.0021072,0.7829698
0.0021104,0.7829914
0.0021176,0.7830112
0.0021208,0.7830328
0.0021268,0.7830578
0.0021282,0.7830826
0.0021318,0.7831106
0.0021352,0.7831346
0.0021388,0.7831574
0.0021422,0.7831848
0.0021486,0.783211
0.0021524,0.7832442
0.0021568,0.7832698
0.0021624,0.7832918
0.002167,0.7833166
0.00217,0.7833414
0.002174,0.7833686
0.002177,0.783394
0.0021792,0.7834188
0.0021814,0.783449
0.0021838,0.783475
0.0021876,0.7835028
0.0021914,0.7835316
0.002195,0.7835598
0.0021994,0.7835872
0.0022026,0.7836138
0.0022062,0.7836378
0.0022112,0.7836676
0.0022142,0.7836926
0.0022166,0.7837184
0.0022212,0.7837384
0.0022258,0.7837644
0.0022304,0.7837938
0.0022338,0.7838228
0.0022376,0.7838462
0.0022396,0.7838754
0.0022426,0.7839024
0.002245,0.7839244
0.0022494,0.7839506
0.0022518,0.7839786
0.0022552,0.7840074
0.0022588,0.7840322
0.0022624,0.7840564
0.0022662,0.784084
0.0022708,0.7841096
0.0022732,0.7841344
0.0022766,0.7841588
0.0022806,0.7841898
0.002285,0.784209
0.0022886,0.7842342
0.002293,0.7842584
0.0022974,0.7842842
0.0023024,0.7843158
0.0023084,0.7843398
0.0023124,0.7843626
0.0023164,0.784392
0.0023226,0.7844112
0.0023264,0.7844418
0.0023314,0.7844738
0.0023362,0.7845004
0.0023414,0.7845228
0.002347,0.7845492
0.0023498,0.784579
0.0023542,0.7846058
0.0023582,0.7846318
0.0023624,0.7846576
0.0023676,0.7846868
0.0023728,0.7847178
0.0023808,0.784743
0.0023858,0.7847694
0.0023892,0.7847994
0.0023936,0.7848168
0.002397,0.7848468
0.0023994,0.784875
0.0024052,0.7848984
0.0024088,0.7849208
0.0024134,0.7849472
0.002419,0.7849712
0.002422,0.7849964
0.002425,0.7850202
0.0024276,0.7850458
0.0024312,0.785076
0.002434,0.7851014
0.002439,0.7851284
0.002443,0.7851582
0.0024468,0.7851882
0.0024504,0.7852168
0.0024566,0.785241
0.0024608,0.7852624
0.0024658,0.7852878
0.0024688,0.7853156
0.0024742,0.78534
0.0024782,0.7853716
0.0024842,0.7853936
0.0024866,0.785418
0.0024898,0.78544
0.0024954,0.7854614
0.0025014,0.7854934
0.0025052,0.7855146
0.002509,0.7855398
0.0025144,0.7855644
0.0025186,0.785587
0.0025218,0.7856128
0.0025254,0.7856398
0.00253,0.7856638
0.002533,0.7856876
0.0025384,0.7857148
0.0025426,0.7857424
0.0025478,0.7857684
0.00255,0.785798
0.002553,0.7858264
0.0025564,0.7858488
0.0025612,0.785876
0.0025666,0.785898
0.0025692,0.7859228
0.0025726,0.7859512
0.0025762,0.7859768
0.0025806,0.7860004
0.0025844,0.786038
0.0025896,0.7860598
0.0025942,0.7860824
0.0026014,0.7861096
0.0026064,0.7861368
0.0026094,0.7861592
0.0026136,0.7861818
0.0026204,0.786206
0.0026244,0.7862272
0.002628,0.7862558
0.0026328,0.7862744
0.0026354,0.7862982
0.0026394,0.7863276
0.002645,0.786358
0.0026494,0.786386
0.0026522,0.7864108
0.0026536,0.786436
0.002659,0.7864584
0.0026624,0.7864838
0.0026688,0.7865084
0.0026718,0.786533
0.0026768,0.7865636
0.0026828,0.7865878
0.0026868,0.786608
0.0026912,0.7866386
0.0026958,0.7866672
0.0026982,0.786692
0.0027032,0.7867228
0.0027058,0.7867452
0.002709,0.7867714
0.0027116,0.786792
0.0027162,0.7868128
0.0027204,0.7868454
0.0027232,0.786871
0.0027256,0.7868998
0.0027284,0.7869272
0.0027322,0.786951
0.002735,0.7869746
0.0027378,0.7870028
0.0027418,0.7870366
0.0027458,0.7870616
0.0027496,0.7870842
0.0027546,0.7871082
0.0027606,0.7871304
0.002763,0.7871492
0.0027666,0.7871744
0.0027696,0.7871984
0.0027744,0.7872226
0.0027814,0.7872492
0.0027846,0.7872728
0.0027872,0.7872988
0.00279,0.7873232
0.002795,0.7873458
0.0027998,0.7873788
0.0028048,0.787404
0.0028098,0.7874252
0.0028148,0.787449
0.0028184,0.787475
0.0028226,0.787506
0.0028282,0.7875384
0.0028356,0.787559
0.002842,0.7875836
0.0028464,0.787614
0.002852,0.7876394
0.0028558,0.7876674
0.0028576,0.7876936
0.0028618,0.7877178
0.0028676,0.7877378
0.0028706,0.7877564
0.002873,0.787779
0.0028746,0.7878046
0.0028788,0.7878292
0.0028836,0.7878566
0.0028898,0.787882
0.0028942,0.7879096
0.0028982,0.7879366
0.0029026,0.7879622
0.0029062,0.7879946
0.0029114,0.7880202
0.0029152,0.7880452
0.0029176,0.7880712
0.0029202,0.7880976
0.002925,0.7881228
0.0029272,0.7881476
0.0029308,0.7881716
0.0029366,0.7881952
0.0029384,0.788222
0.002943,0.7882478
0.0029494,0.7882722
0.0029544,0.7883004
0.0029604,0.788328
0.0029658,0.788349
0.00297,0.788383
0.0029736,0.7884102
0.0029784,0.7884358
0.0029826,0.7884624
0.0029868,0.7884928
0.0029914,0.7885188
0.0029974,0.7885472
0.0030008,0.788572
0.0030046,0.788599
0.0030102,0.7886202
0.0030148,0.7886432
0.003019,0.7886652
0.0030232,0.7886948
0.0030262,0.7887216
0.003031,0.7887464
0.0030388,0.7887748
0.0030422,0.7887968
0.0030458,0.788831
0.003051,0.7888552
0.0030546,0.788883
0.0030614,0.7889104
0.0030666,0.7889376
0.0030702,0.7889668
0.0030736,0.7889958
0.003079,0.7890256
0.003084,0.7890502
0.00309,0.7890774
0.0030928,0.7891026
0.0030966,0.789131
0.003099,0.7891564
0.0031042,0.7891766
0.0031086,0.789203
0.0031138,0.7892304
0.0031166,0.7892584
0.0031224,0.7892872
0.0031256,0.7893086
0.003129,0.7893354
0.0031332,0.7893596
0.0031358,0.7893832
0.00314,0.7894066
0.003143,0.789432
0.0031478,0.7894566
0.003152,0.7894816
0.003156,0.7895046
0.0031584,0.7895318
0.003163,0.7895494
0.0031692,0.7895802
0.003172,0.7896044
0.0031766,0.7896324
0.0031792,0.7896562
0.0031836,0.7896816
0.003188,0.789709
0.0031918,0.789733
0.003195,0.7897584
0.0031988,0.789784
0.0032032,0.7898058
0.0032084,0.7898328
0.0032116,0.789856
0.0032156,0.789876
0.0032192,0.7899034
0.0032246,0.7899326
0.003227,0.7899578
0.003232,0.7899816
0.003237,0.7900112
0.00324,0.7900324
0.0032452,0.7900628
0.003251,0.7900856
0.003254,0.7901142
0.003258,0.79014
0.0032598,0.7901664
0.0032664,0.7901898
0.0032702,0.7902208
0.003274,0.7902498
0.0032792,0.7902696
0.003283,0.7902928
0.0032884,0.7903132
0.003291,0.790341
0.0032938,0.7903626
0.0032986,0.7903876
0.003303,0.7904144
0.0033062,0.7904372
0.0033106,0.7904636
0.0033146,0.7904936
0.0033176,0.7905204
0.0033208,0.7905414
0.0033248,0.7905642
0.0033284,0.7905888
0.003332,0.7906154
0.0033378,0.7906402
0.003341,0.7906656
0.0033462,0.7906892
0.0033518,0.7907138
0.0033538,0.7907428
0.0033558,0.7907706
0.0033626,0.7908014
0.0033656,0.7908268
0.0033722,0.7908498
0.003376,0.7908704
0.0033818,0.790898
0.0033842,0.7909206
0.003387,0.7909456
0.0033922,0.790966
0.0033958,0.790983
0.0034008,0.791005
0.0034028,0.79103
0.0034082,0.7910584
0.0034106,0.79108
0.0034126,0.7911044
0.003417,0.791137
0.0034226,0.791165
0.003428,0.7911886
0.0034322,0.791212
0.0034402,0.7912366
0.003445,0.791264
0.0034472,0.7912882
0.0034508,0.7913156
0.0034558,0.7913402
0.0034608,0.7913716
0.003466,0.7913952
0.0034682,0.7914196
0.0034736,0.791443
0.003476,0.7914702
0.0034798,0.7914936
0.003484,0.7915154
0.003489,0.7915456
0.003494,0.7915736
0.0034994,0.7915982
0.003504,0.7916192
0.0035064,0.7916388
0.0035122,0.7916662
0.003515,0.7916874
0.0035184,0.7917192
0.0035218,0.7917478
0.0035262,0.791769
0.0035298,0.7917928
0.0035336,0.7918214
0.0035376,0.791848
0.0035414,0.7918742
0.003546,0.7918976
0.0035516,0.7919222
0.0035558,0.7919486
0.0035592,0.7919772
0.0035618,0.7920008
0.0035668,0.7920232
0.0035688,0.7920474
0.0035746,0.7920682
0.003578,0.7920978
0.003582,0.79212
0.0035854,0.7921454
0.0035906,0.7921716
0.003595,0.7921988
0.003599,0.7922226
0.0036042,0.7922458
0.0036072,0.7922692
0.0036112,0.792295
0.003615,0.7923188
0.0036184,0.7923508
0.003622,0.792377
0.0036256,0.7923972
0.0036314,0.7924238
0.003634,0.7924462
0.0036394,0.7924712
0.0036422,0.7924964
0.0036474,0.792515
0.0036528,0.792539
0.003656,0.7925652
0.0036594,0.7925892
0.0036632,0.7926186
0.003666,0.7926434
0.003671,0.7926722
0.0036758,0.7926956
0.0036808,0.792716
0.0036838,0.7927348
0.0036902,0.7927622
0.0036962,0.7927924
0.003701,0.7928178
0.0037062,0.7928402
0.0037102,0.7928612
0.0037146,0.7928852
0.0037198,0.7929094
0.0037246,0.7929302
0.0037318,0.7929578
0.0037358,0.792984
0.0037402,0.7930174
0.0037448,0.7930448
0.0037466,0.7930678
0.0037504,0.7930908
0.0037538,0.793113
0.0037566,0.7931396
0.003765,0.793167
0.0037684,0.7931886
0.0037722,0.793218
0.0037772,0.793239
0.003781,0.7932648
0.003786,0.7932926
0.003793,0.7933138
0.0037958,0.7933444
0.0038018,0.7933764
0.0038076,0.7934022
0.0038124,0.7934314
0.003814,0.7934576
0.0038168,0.7934844
0.0038206,0.7935098
0.0038246,0.7935356
0.0038276,0.7935598
0.0038338,0.7935866
0.0038426,0.79361
0.0038452,0.793637
0.0038486,0.793656
0.0038536,0.7936812
0.0038572,0.7937056
0.0038628,0.793726
0.0038652,0.7937514
0.0038682,0.793772
0.0038738,0.7937942
0.0038762,0.7938166
0.0038818,0.7938394
0.0038858,0.7938588
0.0038876,0.7938844
0.0038932,0.7939126
0.0038978,0.7939406
0.0039004,0.7939654
0.0039052,0.7939924
0.0039082,0.7940224
0.003914,0.7940448
0.0039168,0.7940754
0.0039206,0.7941016
0.0039252,0.7941302
0.0039288,0.7941496
0.0039324,0.7941772
0.0039396,0.7942004
0.0039436,0.7942252
0.0039482,0.7942572
0.0039564,0.794281
0.0039596,0.7943082
0.0039642,0.7943328
0.0039682,0.7943576
0.0039708,0.7943762
0.0039768,0.7943938
0.003984,0.7944226
0.0039874,0.7944468
0.003991,0.7944698
0.0039944,0.7944938
0.0039968,0.7945204
0.0039978,0.7945436
0.004,0.7945684
0.0040028,0.7945926
0.004007,0.7946182
0.0040108,0.7946476
0.0040134,0.7946728
0.004018,0.7946968
0.0040216,0.7947232
0.004025,0.794745
0.0040284,0.794765
0.0040318,0.7947926
0.004038,0.7948152
0.004042,0.794839
0.0040448,0.7948668
0.0040482,0.7948962
0.0040542,0.7949222
0.004058,0.7949516
0.0040618,0.7949788
0.0040666,0.7950008
0.0040722,0.7950294
0.0040778,0.7950552
0.004082,0.7950836
0.004086,0.7951088
0.0040902,0.7951298
0.0040942,0.7951586
0.0040974,0.7951834
0.004103,0.795207
0.0041098,0.795227
0.0041116,0.7952512
0.004116,0.795273
0.0041184,0.7952954
0.0041236,0.7953228
0.0041284,0.795353
0.0041318,0.7953796
0.0041362,0.7954046
0.0041406,0.7954282
0.0041436,0.7954564
0.0041478,0.795478
0.004153,0.7955014
0.004158,0.7955298
0.0041608,0.7955506
0.0041648,0.7955742
0.0041676,0.795597
0.0041718,0.795623
0.004178,0.795649
0.0041814,0.795677
0.004186,0.795699
0.00419,0.7957238
0.0041934,0.7957482
0.004198,0.7957668
0.0042012,0.7957988
0.0042052,0.7958294
0.0042074,0.795862
0.0042116,0.795893
0.0042154,0.7959196
0.0042206,0.7959452
0.0042238,0.7959722
0.0042256,0.7959984
0.004231,0.7960262
0.004234,0.7960546
0.004237,0.796083
0.0042404,0.7961022
0.0042432,0.796133
0.0042456,0.7961522
0.0042484,0.796175
0.0042512,0.7962008
0.0042564,0.796225
0.0042612,0.7962522
0.0042638,0.7962764
0.0042674,0.7963032
0.0042708,0.796328
0.004276,0.79635
0.0042792,0.7963704
0.0042824,0.79639
0.004286,0.7964156
0.004289,0.796445
0.0042934,0.7964692
0.004299,0.796492
0.0043046,0.7965184
0.0043104,0.7965404
0.0043154,0.7965646
0.004319,0.7965894
0.004324,0.7966134
0.0043282,0.7966398
0.0043322,0.7966684
0.0043348,0.7966862
0.0043396,0.7967168
0.0043448,0.796737
0.0043498,0.7967598
0.0043552,0.7967858
0.004358,0.7968156
0.0043628,0.7968392
0.0043674,0.7968596
0.004373,0.79688
0.0043772,0.796903
0.0043786,0.7969296
0.004381,0.7969576
0.004385,0.796983
0.0043888,0.797011
0.0043918,0.7970412
0.0043958,0.7970674
0.0043996,0.7970888
0.004405,0.7971156
0.0044102,0.7971412
0.0044118,0.7971672
0.0044158,0.797194
0.004421,0.797224
0.0044232,0.7972526
0.0044288,0.7972764
0.0044326,0.7973002
0.0044366,0.7973246
0.0044406,0.7973504
0.0044494,0.7973702
0.0044552,0.7973964
0.0044598,0.7974166
0.0044628,0.7974466
0.0044666,0.7974722
0.0044708,0.7974958
0.0044736,0.7975294
0.0044774,0.7975488
0.0044824,0.7975708
0.0044876,0.7975986
0.0044898,0.7976246
0.004493,0.797646
0.0044972,0.7976728
0.004502,0.7976942
0.0045048,0.7977228
0.0045078,0.7977498
0.004513,0.797774
0.0045176,0.7977966
0.0045214,0.7978198
0.0045298,0.7978392
0.004534,0.7978644
0.0045376,0.7978896
0.0045412,0.7979136
0.0045462,0.7979426
0.0045484,0.7979658
0.0045524,0.7979878
0.0045578,0.798011
0.0045598,0.7980356
0.0045622,0.7980584
0.0045656,0.7980844
0.0045698,0.7981062
0.0045762,0.7981294
0.0045826,0.7981528
0.0045866,0.7981724
0.004591,0.79819
0.0045966,0.7982142
0.0045992,0.7982422
0.0046028,0.7982716
0.0046068,0.7982974
0.004613,0.7983234
0.004617,0.7983512
0.004621,0.798375
0.0046246,0.7983994
0.0046292,0.7984212
0.0046328,0.7984412
0.0046376,0.7984704
0.004641,0.7984976
0.0046452,0.7985314
0.004647,0.7985548
0.0046498,0.7985812
0.0046536,0.7986134
0.004658,0.7986406
0.0046642,0.7986602
0.0046688,0.7986876
0.004672,0.798716
0.0046766,0.7987424
0.004681,0.7987628
0.0046848,0.798793
0.004688,0.7988164
0.0046926,0.7988396
0.0046962,0.7988652
0.0047012,0.798887
0.0047024,0.7989094
0.004706,0.7989298
0.004709,0.7989636
0.0047114,0.7989898
0.0047142,0.7990112
0.004719,0.7990332
0.0047204,0.7990602
0.0047248,0.7990904
0.004731,0.7991158
0.0047348,0.7991432
0.0047386,0.7991674
0.004742,0.799193
0.0047474,0.7992166
0.0047536,0.7992452
0.0047588,0.7992694
0.004762,0.7992876
0.0047666,0.79932
0.0047718,0.7993418
0.0047772,0.799365
0.004781,0.7993896
0.0047882,0.7994144
0.0047906,0.799438
0.0047964,0.7994598
0.0047982,0.7994878
0.0048046,0.7995192
0.004807,0.7995486
0.0048102,0.799572
0.0048134,0.799597
0.0048186,0.7996236
0.0048216,0.7996464
0.0048228,0.7996754
0.004828,0.7996998
0.004831,0.7997272
0.0048342,0.7997586
0.004837,0.7997842
0.0048414,0.7998064
0.0048456,0.7998278
0.0048496,0.799853
0.0048536,0.7998758
0.004858,0.7999028
0.0048634,0.7999312
0.0048682,0.7999582
0.0048722,0.7999814
0.0048784,0.8000004
0.004882,0.800023
0.0048856,0.8000482
0.0048888,0.800074
0.004893,0.8001018
0.0048974,0.800124
0.0049024,0.8001468
0.0049078,0.8001766
0.0049118,0.800199
0.004914,0.8002254
0.0049158,0.8002516
0.0049212,0.8002776
0.0049274,0.8003058
0.0049306,0.8003282
0.0049346,0.8003532
0.0049404,0.8003806
0.004946,0.8004024
0.0049492,0.800429
0.0049532,0.8004538
0.0049548,0.8004758
0.0049578,0.8005032
0.0049604,0.8005232
0.0049628,0.8005482
0.004966,0.800574
0.0049716,0.8005964
0.0049754,0.800618
0.0049796,0.8006426
0.0049828,0.8006658
0.0049862,0.8006924
0.004988,0.8007122
0.0049928,0.8007368
0.0049968,0.800761
0.0049996,0.8007816
0.0050028,0.8008038
0.0050076,0.8008266
0.0050128,0.8008466
0.0050174,0.8008726
0.0050226,0.8008966
0.0050274,0.800923
0.0050302,0.8009476
0.0050332,0.80097
0.005037,0.8009916
0.0050422,0.8010154
0.0050462,0.8010416
0.0050504,0.801064
0.0050544,0.8010898
0.0050594,0.8011164
0.005064,0.8011412
0.0050682,0.801167
0.0050732,0.8011918
0.0050774,0.8012224
0.0050818,0.801249
0.0050856,0.8012758
0.0050912,0.8012996
0.0050966,0.8013306
0.0050996,0.8013584
0.005103,0.8013854
0.0051062,0.8014092
0.005113,0.8014358
0.0051158,0.8014628
0.0051198,0.8014936
0.0051228,0.801517
0.0051294,0.8015426
0.0051336,0.8015656
0.0051366,0.801587
0.0051398,0.8016084
0.0051454,0.8016308
0.0051494,0.8016526
0.0051542,0.8016766
0.0051568,0.8017018
0.0051596,0.8017312
0.0051648,0.8017528
0.0051668,0.80178
0.0051688,0.8018034
0.005174,0.8018224
0.0051786,0.801843
0.0051822,0.8018656
0.0051874,0.8019002
0.005192,0.8019318
0.0051984,0.8019566
0.0052046,0.8019784
0.0052094,0.8020006
0.0052132,0.8020254
0.0052186,0.8020518
0.0052204,0.802079
0.0052276,0.8021022
0.0052328,0.8021238
0.005238,0.802153
0.0052414,0.8021774
0.0052448,0.8022036
0.0052496,0.8022286
0.0052544,0.8022558
0.0052586,0.8022814
0.0052628,0.8023034
0.0052654,0.8023226
0.005271,0.8023458
0.0052768,0.8023672
0.0052796,0.8023898
0.0052836,0.8024174
0.005287,0.8024414
0.0052906,0.8024634
0.0052948,0.8024934
0.0053006,0.8025132
0.0053064,0.802533
0.0053114,0.8025644
0.0053186,0.8025868
0.0053236,0.8026118
0.0053284,0.8026396
0.0053316,0.8026632
0.0053356,0.8026828
0.0053404,0.8027062
0.005344,0.8027286
0.0053464,0.8027488
0.00535,0.8027764
0.0053536,0.8028026
0.0053584,0.8028286
0.0053622,0.802851
0.0053654,0.802876
0.005369,0.8029014
0.005373,0.8029284
0.0053752,0.8029484
0.0053788,0.8029756
0.005382,0.8030008
0.005387,0.8030272
0.0053912,0.8030608
0.0053936,0.803082
0.0053972,0.8031032
0.0054028,0.8031304
0.0054052,0.8031548
0.0054084,0.803174
0.0054118,0.8032022
0.0054158,0.8032254
0.0054238,0.803257
0.0054276,0.8032828
0.0054326,0.8033114
0.0054386,0.8033328
0.0054414,0.8033588
0.0054458,0.8033806
0.0054522,0.8034108
0.0054574,0.8034412
0.0054642,0.8034684
0.0054668,0.8034946
0.0054714,0.8035204
0.0054758,0.803546
0.0054792,0.803568
0.005483,0.8035944
0.0054858,0.8036156
0.005491,0.8036418
0.0054956,0.803664
0.005498,0.803687
0.005504,0.8037118
0.0055078,0.8037312
0.0055102,0.8037514
0.0055132,0.8037732
0.0055186,0.803799
0.0055226,0.8038256
0.0055248,0.8038518
0.0055294,0.8038792
0.0055356,0.8039022
0.0055398,0.803924
0.0055432,0.8039518
0.0055492,0.8039746
0.0055518,0.803996
0.0055546,0.8040216
0.0055572,0.8040458
0.0055618,0.8040684
0.0055648,0.8040924
0.005569,0.80412
0.0055726,0.804149
0.005578,0.8041692
0.005581,0.8041958
0.0055842,0.804218
0.0055874,0.804242
0.0055916,0.8042626
0.0055972,0.8042896
0.0056006,0.8043162
0.0056046,0.8043398
0.00561,0.8043628
0.005614,0.8043858
0.0056174,0.8044088
0.0056208,0.8044374
0.005623,0.8044662
0.005625,0.8044872
0.0056266,0.8045114
0.0056298,0.8045358
0.0056322,0.8045554
0.0056358,0.8045756
0.0056418,0.8045996
0.0056442,0.8046234
0.0056472,0.804646
0.0056502,0.8046702
0.0056544,0.804691
0.0056564,0.8047118
0.0056608,0.8047412
0.0056646,0.8047666
0.0056666,0.8047888
0.00567,0.8048116
0.0056718,0.8048354
0.0056756,0.8048638
0.0056796,0.8048842
0.0056838,0.804905
0.0056868,0.8049236
0.0056906,0.804947
0.005696,0.804974
0.005699,0.8050014
0.0057054,0.8050254
0.005708,0.8050546
0.0057138,0.8050806
0.0057152,0.805108
0.0057218,0.8051346
0.0057242,0.8051594
0.0057292,0.8051834
0.0057326,0.805208
0.0057356,0.8052326
0.0057384,0.8052566
0.0057412,0.805279
0.0057442,0.805311
0.0057494,0.8053392
0.0057534,0.8053658
0.0057558,0.8053956
0.0057598,0.8054176
0.0057628,0.805448
0.0057692,0.8054698
0.0057752,0.8054938
0.0057788,0.8055142
0.0057826,0.8055442
0.005786,0.8055662
0.0057876,0.805592
0.005793,0.805617
0.005797,0.805638
0.005799,0.805669
0.005803,0.8056942
0.0058076,0.8057128
0.0058134,0.805735
0.0058158,0.8057602
0.0058204,0.805786
0.0058246,0.805811
0.005829,0.8058362
0.0058332,0.805866
0.0058358,0.8058896
0.0058392,0.805908
0.0058426,0.8059314
0.0058452,0.8059544
0.0058476,0.805973
0.0058498,0.8059982
0.005852,0.8060222
0.0058544,0.806043
0.0058592,0.8060616
0.0058604,0.8060858
0.0058656,0.806105
0.0058678,0.8061274
0.0058708,0.8061528
0.0058738,0.8061794
0.0058782,0.8062082
0.0058814,0.8062358
0.0058842,0.8062566
0.0058868,0.8062806
0.0058882,0.8063058
0.005893,0.8063322
0.0058958,0.806366
0.0058984,0.8063908
0.0059018,0.8064166
0.005907,0.8064454
0.0059096,0.8064662
0.0059142,0.8064962
0.005919,0.8065172
0.0059222,0.8065466
0.0059266,0.806571
0.00593,0.8065964
0.005934,0.8066226
0.0059374,0.8066424
0.0059406,0.806672
0.0059456,0.8067052
0.0059494,0.8067308
0.005951,0.8067532
0.0059534,0.8067784
0.0059576,0.806798
0.0059618,0.8068236
0.0059646,0.8068422
0.0059672,0.8068646
0.005971,0.8068932
0.0059742,0.8069208
0.0059788,0.806946
0.0059846,0.8069802
0.005988,0.807003
0.0059894,0.807024
0.0059924,0.8070444
0.005997,0.8070734
0.0060016,0.8070984
0.0060058,0.8071298
0.006009,0.8071566
0.0060158,0.8071834
0.0060198,0.8072038
0.0060236,0.807231
0.0060272,0.807255
0.0060306,0.807277
0.006035,0.8073048
0.006041,0.8073274
0.0060446,0.8073536
0.00605,0.8073754
0.0060534,0.807397
0.0060562,0.8074254
0.0060606,0.807454
0.0060632,0.807482
0.006067,0.8075064
0.0060698,0.8075284
0.0060746,0.8075516
0.0060788,0.8075786
0.006082,0.8076036
0.0060858,0.8076262
0.0060914,0.8076454
0.0060958,0.8076714
0.0060984,0.8076948
0.0061018,0.807722
0.0061052,0.8077466
0.0061086,0.8077708
0.0061108,0.8077972
0.0061148,0.8078192
0.0061182,0.8078506
0.0061204,0.8078796
0.0061258,0.8079022
0.0061296,0.807924
0.006133,0.8079488
0.0061364,0.8079734
0.0061388,0.8080006
0.0061432,0.8080234
0.0061472,0.808053
0.0061514,0.8080792
0.0061552,0.8081084
0.0061592,0.8081374
0.0061626,0.8081606
0.0061674,0.808186
0.0061702,0.8082132
0.006172,0.8082362
0.0061736,0.8082582
0.0061762,0.80828
0.0061806,0.8083076
0.0061828,0.8083284
0.0061852,0.808351
0.006188,0.808372
0.00619,0.8083996
0.0061928,0.8084194
0.0061992,0.8084442
0.0062018,0.8084674
0.0062064,0.8084936
0.0062126,0.8085212
0.006218,0.8085496
0.0062208,0.8085774
0.0062244,0.8085956
0.0062282,0.8086192
0.00623,0.8086426
0.0062332,0.8086704
0.006238,0.8086956
0.0062408,0.8087176
0.0062448,0.8087448
0.0062482,0.8087724
0.0062532,0.8087984
0.0062566,0.8088234
0.0062604,0.8088474
0.0062656,0.8088736
0.00627,0.8088972
0.0062736,0.8089192
0.0062778,0.8089484
0.0062832,0.808981
0.0062872,0.8090166
0.0062916,0.809046
0.0062954,0.8090726
0.0062994,0.8091
0.0063042,0.8091266
0.006308,0.8091548
0.006312,0.8091776
0.0063158,0.809204
0.0063186,0.809227
0.0063234,0.8092558
0.0063258,0.8092762
0.0063286,0.8093006
0.0063358,0.809325
0.0063384,0.8093474
0.0063424,0.8093724
0.0063462,0.809394
0.0063502,0.8094244
0.0063532,0.8094516
0.0063568,0.8094778
0.006363,0.8094966
0.0063676,0.8095204
0.0063726,0.8095478
0.0063762,0.8095702
0.0063792,0.8095946
0.0063822,0.8096158
0.0063864,0.8096426
0.0063912,0.8096694
0.006394,0.8096958
0.0063994,0.8097146
0.0064026,0.8097464
0.0064086,0.8097716
0.0064122,0.8097988
0.006418,0.8098204
0.0064218,0.8098458
0.0064242,0.809869
0.0064302,0.8098934
0.0064328,0.809921
0.0064368,0.8099448
0.006441,0.8099734
0.006447,0.8099984
0.0064508,0.81002
0.006456,0.8100448
0.0064594,0.8100662
0.0064638,0.8100888
0.0064664,0.8101108
0.00647,0.8101338
0.006472,0.8101638
0.0064758,0.8101932
0.0064792,0.8102156
0.006485,0.8102384
0.0064908,0.8102588
0.006494,0.8102866
0.0064994,0.810306
0.0065026,0.8103308
0.0065054,0.8103536
0.0065102,0.8103756
0.006517,0.810405
0.0065202,0.8104258
0.0065254,0.8104528
0.0065306,0.8104778
0.0065346,0.8105002
0.006538,0.8105268
0.0065402,0.8105484
0.0065458,0.8105766
0.006549,0.8106066
0.0065516,0.8106336
0.0065542,0.810656
0.006555,0.8106808
0.0065592,0.8107002
0.006564,0.8107266
0.006567,0.8107532
0.0065718,0.810778
0.006575,0.8107988
0.006579,0.8108202
0.0065818,0.8108456
0.0065858,0.8108748
0.0065896,0.8108996
0.0065946,0.8109248
0.0065972,0.8109548
0.0066004,0.8109796
0.0066046,0.8109996
0.0066106,0.8110268
0.0066156,0.8110514
0.0066202,0.811078
0.006625,0.8111066
0.0066292,0.8111312
0.006632,0.8111552
0.006638,0.8111794
0.0066442,0.8111982
0.0066492,0.8112268
0.0066544,0.8112492
0.006657,0.8112764
0.0066602,0.8113022
0.0066668,0.8113294
0.006671,0.8113506
0.0066742,0.8113704
0.0066798,0.811395
0.0066834,0.8114182
0.0066884,0.811446
0.0066926,0.8114692
0.0066956,0.8114898
0.006702,0.8115152
0.006706,0.811541
0.0067078,0.8115582
0.0067088,0.8115856
0.0067126,0.8116046
0.0067168,0.8116256
0.0067202,0.8116482
0.0067222,0.8116734
0.0067262,0.8116956
0.0067298,0.8117138
0.0067344,0.811742
0.006737,0.8117656
0.006741,0.8117902
0.006746,0.8118166
0.0067506,0.8118448
0.0067552,0.811867
0.0067584,0.8118878
0.006762,0.8119132
0.0067662,0.8119412
0.006771,0.8119664
0.0067734,0.8119872
0.0067772,0.8120102
0.0067812,0.8120378
0.0067856,0.8120698
0.006788,0.8120972
0.0067912,0.812117
0.0067962,0.8121406
0.0068002,0.8121636
0.006803,0.8121898
0.0068064,0.8122132
0.0068106,0.8122338
0.0068138,0.8122544
0.0068194,0.8122722
0.006821,0.8122914
0.006825,0.8123118
0.0068274,0.8123338
0.0068326,0.81236
0.0068368,0.8123862
0.00684,0.8124042
0.0068418,0.8124286
0.0068458,0.8124504
0.0068514,0.812473
0.0068554,0.8124994
0.0068594,0.8125282
0.0068628,0.812551
0.0068662,0.812574
0.0068694,0.8126018
0.0068746,0.8126246
0.006879,0.8126452
0.006883,0.8126804
0.0068848,0.8127044
0.0068878,0.8127344
0.006895,0.812758
0.0069004,0.812785
0.006902,0.8128062
0.0069046,0.8128332
0.006907,0.8128584
0.0069112,0.8128848
0.0069144,0.8129078
0.006919,0.812931
0.0069218,0.8129538
0.006925,0.8129732
0.0069276,0.812997
0.0069318,0.8130198
0.0069364,0.8130404
0.00694,0.8130656
0.0069434,0.8130852
0.0069502,0.813108
0.0069528,0.8131284
0.0069554,0.813152
0.0069608,0.8131756
0.0069648,0.8131966
0.0069678,0.8132176
0.0069734,0.8132382
0.0069784,0.8132616
0.0069814,0.8132914
0.0069842,0.813311
0.0069858,0.8133378
0.0069888,0.8133614
0.006991,0.813383
0.0069966,0.8134034
0.007001,0.813426
0.0070058,0.8134482
0.00701,0.8134678
0.0070138,0.813489
0.0070166,0.8135122
0.0070206,0.8135394
0.007025,0.8135624
0.0070296,0.813584
0.0070318,0.8136104
0.007034,0.8136338
0.0070368,0.813653
0.0070406,0.8136778
0.0070448,0.8137014
0.0070514,0.8137294
0.0070548,0.8137518
0.0070588,0.8137748
0.0070616,0.8137988
0.007065,0.8138212
0.007071,0.8138436
0.0070732,0.8138626
0.0070758,0.8138878
0.0070798,0.8139052
0.0070856,0.8139294
0.0070892,0.8139504
0.007098,0.813976
0.0071,0.813997
0.0071014,0.8140176
0.0071042,0.8140396
0.0071072,0.8140618
0.0071108,0.814085
0.0071138,0.814113
0.007118,0.8141322
0.0071218,0.8141574
0.0071232,0.8141824
0.0071248,0.8142102
0.0071278,0.8142314
0.0071312,0.81426
0.007134,0.8142842
0.0071366,0.814306
0.0071398,0.8143298
0.0071436,0.814351
0.0071454,0.8143718
0.0071502,0.8143942
0.0071528,0.8144212
0.0071566,0.8144472
0.0071614,0.814474
0.007165,0.8144996
0.007166,0.8145244
0.0071692,0.81455
0.0071714,0.8145718
0.0071748,0.8145936
0.0071792,0.8146174
0.0071838,0.8146402
0.0071896,0.8146628
0.0071918,0.814689
0.0071942,0.8147148
0.0072,0.814736
0.0072034,0.8147638
0.0072084,0.8147856
0.0072116,0.814807
0.0072158,0.8148282
0.0072214,0.8148524
0.007224,0.8148718
0.0072282,0.8148964
0.0072306,0.814916
0.007233,0.814936
0.0072376,0.814959
0.0072426,0.8149818
0.007246,0.815009
0.0072502,0.8150296
0.0072534,0.8150576
0.0072558,0.8150778
0.0072594,0.8151034
0.0072642,0.8151278
0.0072672,0.8151538
0.007272,0.8151788
0.007275,0.8152072
0.0072794,0.8152272
0.0072818,0.815251
0.0072838,0.815276
0.0072894,0.8153002
0.007295,0.8153252
0.0072998,0.8153478
0.007305,0.8153738
0.0073104,0.815399
0.0073132,0.8154174
0.0073182,0.8154384
0.0073212,0.8154658
0.0073252,0.8154932
0.0073278,0.8155176
0.0073332,0.815544
0.0073354,0.815569
0.0073396,0.8155954
0.0073432,0.815622
0.0073464,0.8156472
0.00735,0.8156678
0.0073536,0.815691
0.0073562,0.81571
0.0073576,0.8157278
0.0073608,0.8157536
0.0073654,0.8157766
0.0073702,0.8157974
0.0073734,0.815818
0.0073784,0.8158408
0.007382,0.8158604
0.0073852,0.815882
0.00739,0.8159074
0.0073918,0.8159354
0.0073952,0.8159596
0.0073978,0.8159858
0.0074028,0.8160058
0.0074062,0.8160272
0.007412,0.8160544
0.0074154,0.8160744
0.0074178,0.8160918
0.0074206,0.8161134
0.007425,0.8161396
0.007428,0.8161646
0.0074296,0.816186
0.0074344,0.8162116
0.0074408,0.8162342
0.0074442,0.816258
0.0074488,0.8162784
0.007453,0.8163036
0.0074586,0.8163252
0.0074598,0.816353
0.0074652,0.8163794
0.0074714,0.816399
0.0074764,0.8164202
0.0074798,0.816442
0.007483,0.816464
0.0074856,0.8164888
0.0074906,0.8165134
0.007495,0.8165416
0.0074972,0.8165704
0.0075008,0.816594
0.0075066,0.8166158
0.0075104,0.8166398
0.0075128,0.8166622
0.0075156,0.8166844
0.0075188,0.8167144
0.007521,0.8167366
0.0075272,0.8167578
0.00753,0.8167798
0.0075342,0.8168004
0.007538,0.816822
0.0075428,0.8168456
0.0075476,0.816868
0.007549,0.816892
0.0075508,0.8169154
0.0075544,0.8169418
0.0075596,0.8169676
0.0075622,0.8169912
0.0075658,0.8170162
0.007572,0.8170434
0.0075748,0.8170634
0.0075788,0.8170924
0.0075844,0.8171148
0.0075908,0.81715
0.0075948,0.8171698
0.0075976,0.8171898
0.007601,0.8172128
0.0076038,0.81724
0.0076052,0.8172592
0.0076068,0.8172868
0.00761,0.8173108
0.0076136,0.8173416
0.0076176,0.817363
0.0076186,0.817384
0.0076218,0.8174062
0.0076258,0.8174294
0.0076268,0.8174492
0.00763,0.8174738
0.007636,0.8174952
0.0076408,0.8175186
0.0076452,0.8175394
0.0076514,0.8175638
0.0076564,0.8175838
0.0076624,0.8176068
0.0076666,0.8176292
0.0076696,0.8176538
0.007673,0.8176768
0.0076782,0.8176962
0.0076816,0.8177228
0.007685,0.8177456
0.0076902,0.8177704
0.007694,0.8177904
0.0076966,0.8178142
0.0077014,0.8178374
0.0077028,0.8178588
0.0077088,0.8178828
0.0077116,0.8179134
0.007716,0.8179324
0.0077224,0.817958
0.0077264,0.8179836
0.0077288,0.8180036
0.0077342,0.8180274
0.0077378,0.818055
0.0077412,0.8180806
0.0077454,0.8180996
0.0077492,0.8181258
0.0077532,0.8181452
0.0077566,0.8181696
0.00776,0.8181928
0.0077646,0.8182192
0.0077696,0.8182446
0.0077746,0.8182666
0.0077784,0.8182944
0.007783,0.818316
0.0077868,0.8183434
0.007789,0.8183646
0.0077922,0.8183868
0.007796,0.8184078
0.0077996,0.8184256
0.0078038,0.818447
0.007809,0.8184686
0.0078116,0.8184968
0.0078166,0.8185196
0.0078202,0.81854
0.0078234,0.8185642
0.0078306,0.8185926
0.0078346,0.818615
0.007839,0.8186398
0.0078406,0.8186616
0.007843,0.8186838
0.007846,0.8187086
0.0078488,0.8187358
0.007855,0.818763
0.0078582,0.8187854
0.0078622,0.8188088
0.0078654,0.8188282
0.0078674,0.8188504
0.0078724,0.8188738
0.007877,0.8188994
0.0078806,0.8189232
0.0078828,0.8189522
0.007887,0.8189754
0.0078894,0.8189982
0.0078936,0.8190216
0.007899,0.8190508
0.0079018,0.8190754
0.007905,0.819095
0.0079118,0.8191202
0.0079174,0.8191464
0.0079222,0.8191716
0.0079252,0.819197
0.007929,0.8192188
0.0079318,0.819237
0.007935,0.8192552
0.0079382,0.8192794
0.00794,0.8193028
0.0079458,0.8193308
0.0079494,0.8193538
0.0079538,0.8193772
0.0079584,0.8193982
0.0079618,0.8194252
0.0079664,0.8194488
0.0079706,0.819474
0.0079756,0.8194988
0.0079796,0.8195228
0.0079836,0.8195472
0.0079876,0.8195672
0.0079912,0.8195892
0.0079962,0.8196106
0.0079978,0.8196332
0.0080012,0.8196588
0.0080038,0.8196888
0.0080084,0.819712
0.0080104,0.819736
0.0080158,0.8197594
0.0080194,0.819778
0.0080222,0.8198014
0.0080246,0.8198272
0.0080276,0.8198484
0.0080326,0.8198708
0.008037,0.819894
0.0080408,0.8199212
0.0080438,0.8199424
0.008049,0.819965
0.0080526,0.8199894
0.0080542,0.8200122
0.008057,0.8200404
0.0080596,0.8200658
0.0080614,0.8200896
0.0080664,0.8201088
0.00807,0.8201328
0.0080726,0.8201512
0.0080742,0.8201756
0.0080774,0.820198
0.0080796,0.8202238
0.0080818,0.8202484
0.0080874,0.8202702
0.008095,0.8202948
0.0080974,0.8203152
0.0081032,0.8203328
0.008107,0.820358
0.00811,0.8203818
0.0081114,0.820406
0.0081146,0.8204244
0.008118,0.8204502
0.008123,0.8204742
0.008126,0.8204972
0.00813,0.8205152
0.008132,0.8205362
0.008135,0.8205582
0.0081398,0.8205804
0.0081444,0.8206016
0.0081482,0.8206216
0.0081522,0.8206482
0.008157,0.820678
0.008159,0.8207026
0.008161,0.8207264
0.0081636,0.8207498
0.0081664,0.8207772
0.00817,0.8208002
0.0081718,0.8208256
0.0081752,0.8208466
0.0081786,0.8208678
0.0081818,0.8208892
0.0081874,0.8209078
0.0081902,0.8209302
0.0081938,0.820958
0.0081974,0.8209802
0.0082008,0.8210036
0.008204,0.8210256
0.008209,0.8210502
0.0082138,0.8210732
0.0082174,0.8210964
0.0082218,0.8211202
0.008227,0.8211438
0.0082292,0.8211622
0.0082356,0.8211806
0.0082396,0.821206
0.008242,0.8212304
0.0082462,0.8212562
0.0082502,0.8212766
0.0082536,0.8212992
0.0082562,0.8213186
0.0082596,0.8213446
0.008261,0.821371
0.0082662,0.821392
0.008274,0.8214116
0.008278,0.8214294
0.0082816,0.8214558
0.0082854,0.8214746
0.0082886,0.8214954
0.0082924,0.8215168
0.008295,0.821545
0.0082978,0.821568
0.0083004,0.8215882
0.008303,0.8216118
0.0083052,0.8216408
0.0083086,0.821665
0.0083118,0.8216912
0.0083138,0.8217142
0.0083168,0.8217476
0.0083218,0.8217754
0.0083254,0.8217976
0.0083278,0.8218222
0.0083304,0.8218414
0.0083336,0.8218656
0.0083362,0.8218914
0.008339,0.8219172
0.0083408,0.8219384
0.0083456,0.8219662
0.0083472,0.8219928
0.008349,0.8220204
0.0083528,0.8220374
0.0083564,0.8220598
0.0083606,0.8220798
0.0083658,0.8221094
0.0083682,0.822134
0.0083704,0.8221562
0.0083718,0.82218
0.008376,0.8222072
0.0083818,0.822228
0.0083836,0.8222524
0.0083856,0.8222786
0.0083898,0.8223
0.008393,0.8223248
0.008396,0.8223532
0.0083992,0.8223744
0.0084022,0.8223976
0.0084052,0.8224206
0.0084082,0.8224432
0.0084126,0.8224676
0.0084164,0.822491
0.008419,0.822515
0.00842,0.8225342
0.0084212,0.822561
0.0084246,0.822587
0.008429,0.8226082
0.008433,0.8226324
0.0084364,0.8226546
0.008439,0.822676
0.0084416,0.822699
0.008445,0.822723
0.0084488,0.822748
0.0084528,0.822769
0.008456,0.8227906
0.0084604,0.822815
0.0084632,0.8228404
0.008467,0.8228588
0.0084708,0.8228804
0.0084756,0.8229016
0.008478,0.8229226
0.0084836,0.8229466
0.0084846,0.822969
0.0084898,0.8229934
0.0084922,0.8230144
0.0084962,0.8230384
0.0085006,0.8230614
0.008503,0.8230848
0.0085066,0.8231052
0.0085082,0.823133
0.00851,0.8231554
0.0085136,0.8231816
0.008515,0.8232048
0.0085192,0.8232282
0.0085216,0.8232526
0.0085246,0.8232826
0.0085272,0.8233048
0.008532,0.8233278
0.0085346,0.823362
0.0085366,0.823382
0.0085402,0.8234
0.008546,0.8234262
0.00855,0.8234486
0.0085526,0.8234776
0.0085576,0.8235066
0.0085602,0.8235318
0.0085628,0.8235546
0.0085656,0.8235804
0.0085696,0.8236032
0.0085734,0.82363
0.0085788,0.8236522
0.0085832,0.8236726
0.0085886,0.8236958
0.008591,0.82372
0.0085942,0.8237406
0.0085968,0.8237652
0.0086,0.8237886
0.0086048,0.8238128
0.0086112,0.8238316
0.0086138,0.8238534
0.0086172,0.8238802
0.0086204,0.8239048
0.008623,0.8239278
0.0086256,0.823954
0.0086296,0.8239786
0.0086338,0.8240032
0.0086378,0.8240268
0.0086396,0.8240512
0.008645,0.8240766
0.0086482,0.8241018
0.0086538,0.824127
0.0086594,0.8241532
0.0086624,0.8241744
0.008666,0.8242006
0.008669,0.82422
0.0086712,0.8242448
0.008675,0.8242684
0.0086764,0.8242936
0.0086792,0.824316
0.0086832,0.8243396
0.0086868,0.824363
0.0086898,0.8243856
0.0086922,0.8244076
0.0086984,0.8244314
0.0087028,0.8244554
0.0087074,0.8244782
0.0087112,0.824498
0.0087126,0.8245236
0.008719,0.8245454
0.0087236,0.8245692
0.0087256,0.8245888
0.0087286,0.824608
0.0087308,0.8246314
0.0087324,0.8246556
0.0087356,0.8246816
0.008739,0.8247052
0.0087428,0.8247234
0.0087476,0.8247436
0.0087534,0.8247638
0.008758,0.8247852
0.0087622,0.824811
0.0087664,0.824836
0.0087706,0.8248592
0.0087742,0.8248846
0.0087782,0.8249032
0.0087828,0.8249268
0.0087886,0.8249546
0.008794,0.8249812
0.0087988,0.8250048
0.0088014,0.8250292
0.008804,0.8250462
0.0088072,0.825066
0.0088124,0.8250882
0.0088168,0.825114
0.0088188,0.8251388
0.0088216,0.8251706
0.008825,0.8251958
0.0088266,0.8252204
0.008831,0.8252436
0.0088326,0.8252666
0.0088354,0.8252868
0.0088394,0.8253106
0.0088414,0.825333
0.008845,0.8253544
0.0088476,0.8253766
0.0088508,0.8253986
0.0088546,0.8254212
0.0088574,0.8254466
0.0088606,0.8254738
0.0088628,0.8254996
0.0088666,0.8255214
0.0088732,0.8255476
0.0088754,0.8255648
0.0088786,0.8255882
0.0088858,0.8256124
0.0088908,0.8256282
0.0088958,0.8256522
0.008899,0.8256848
0.008904,0.82571
0.0089068,0.8257298
0.0089098,0.8257514
0.0089118,0.825776
0.0089144,0.8257998
0.0089166,0.8258216
0.0089186,0.825841
0.0089224,0.8258652
0.008926,0.8258878
0.0089292,0.8259078
0.0089336,0.825933
0.008938,0.8259606
0.00894,0.8259846
0.0089474,0.826011
0.0089516,0.8260318
0.0089578,0.8260592
0.0089606,0.8260784
0.0089638,0.8260988
0.0089668,0.8261232
0.0089714,0.8261448
0.0089756,0.8261702
0.0089782,0.8261922
0.0089814,0.8262172
0.0089838,0.8262364
0.0089862,0.8262606
0.0089884,0.8262796
0.0089936,0.826295
0.0089984,0.8263196
0.009002,0.8263438
0.0090044,0.826369
0.0090072,0.8263952
0.0090096,0.8264198
0.0090138,0.82644
0.0090166,0.8264644
0.0090208,0.826484
0.009024,0.8265106
0.009028,0.8265402
0.0090318,0.8265578
0.0090346,0.8265836
0.0090376,0.8266104
0.0090392,0.8266398
0.0090434,0.8266634
0.009047,0.8266842
0.0090494,0.8267126
0.0090518,0.8267342
0.0090552,0.8267586
0.0090596,0.826781
0.0090616,0.826801
0.0090636,0.8268258
0.0090682,0.826845
0.0090726,0.826871
0.0090774,0.826903
0.0090798,0.8269264
0.0090842,0.8269504
0.0090844,0.8269768
0.0090874,0.8269994
0.0090936,0.8270186
0.0090968,0.827046
0.009102,0.8270696
0.0091088,0.8270978
0.0091124,0.8271228
0.0091168,0.8271466
0.0091208,0.8271718
0.009124,0.8271924
0.009126,0.827215
0.0091294,0.8272374
0.009131,0.827262
0.0091354,0.8272876
0.0091412,0.8273116
0.009144,0.8273384
0.0091488,0.8273684
0.0091512,0.8273934
0.0091554,0.827411
0.0091582,0.8274328
0.0091626,0.8274518
0.0091684,0.827478
0.0091706,0.8275026
0.0091752,0.8275278
0.0091788,0.8275502
0.0091812,0.8275786
0.0091854,0.8276024
0.0091884,0.8276262
0.009192,0.8276506
0.0091942,0.8276678
0.009198,0.8276944
0.0092008,0.82772
0.0092034,0.827746
0.0092106,0.8277674
0.0092124,0.8277922
0.009216,0.8278162
0.009219,0.827843
0.0092224,0.827864
0.009226,0.8278892
0.0092306,0.8279074
0.0092334,0.8279298
0.0092378,0.8279578
0.0092424,0.8279778
0.009248,0.8280018
0.009249,0.8280194
0.0092514,0.828046
0.0092534,0.8280742
0.0092588,0.8280966
0.0092632,0.8281162
0.0092648,0.8281412
0.009268,0.8281636
0.0092738,0.8281808
0.0092778,0.8282056
0.0092836,0.8282314
0.0092882,0.8282516
0.0092924,0.8282794
0.0092946,0.8283064
0.0092978,0.828325
0.0093018,0.8283426
0.0093076,0.828368
0.0093106,0.8283884
0.0093128,0.8284126
0.0093168,0.8284304
0.0093194,0.828453
0.009322,0.8284782
0.009323,0.8285058
0.0093258,0.8285272
0.0093294,0.8285502
0.0093316,0.8285738
0.0093372,0.8285968
0.009339,0.8286228
0.0093434,0.8286488
0.0093462,0.8286694
0.0093506,0.828687
0.0093536,0.82871
0.0093568,0.8287356
0.0093616,0.8287586
0.0093644,0.8287788
0.0093678,0.8288048
0.0093712,0.8288286
0.0093766,0.8288566
0.0093794,0.8288838
0.0093856,0.8289026
0.0093898,0.8289278
0.0093942,0.8289518
0.0093984,0.8289696
0.0094022,0.8289936
0.0094056,0.8290132
0.0094096,0.8290342
0.0094142,0.8290602
0.0094184,0.8290802
0.0094218,0.829102
0.0094246,0.8291266
0.009429,0.8291528
0.0094304,0.8291778
0.009434,0.8291982
0.0094362,0.8292222
0.0094406,0.8292432
0.0094438,0.8292656
0.0094492,0.8292848
0.0094546,0.8293066
0.0094582,0.8293276
0.009461,0.829351
0.0094652,0.8293736
0.0094664,0.8293942
0.0094706,0.8294168
0.009475,0.829434
0.009478,0.8294566
0.0094816,0.8294828
0.0094874,0.829514
0.0094908,0.829539
0.0094948,0.8295612
0.0094988,0.8295852
0.009501,0.829613
0.0095044,0.8296374
0.0095094,0.82966
0.0095136,0.8296792
0.009522,0.829704
0.009527,0.8297244
0.009528,0.8297466
0.0095312,0.8297674
0.009535,0.829785
0.009537,0.8298002
0.0095434,0.8298314
0.0095486,0.8298586
0.0095528,0.829883
0.009556,0.8299038
0.0095606,0.829926
0.0095624,0.8299528
0.0095682,0.8299746
0.0095716,0.8300004
0.0095762,0.830021
0.00958,0.8300482
0.0095844,0.830078
0.0095866,0.830099
0.0095896,0.8301162
0.0095948,0.8301322
0.0095972,0.8301536
0.0096008,0.8301754
0.0096074,0.8301998
0.009611,0.830223
0.0096136,0.8302464
0.009617,0.8302684
0.009619,0.830292
0.009623,0.8303164
0.0096274,0.8303434
0.0096328,0.8303652
0.0096342,0.8303894
0.0096372,0.830409
0.0096408,0.8304346
0.0096438,0.8304606
0.0096478,0.8304858
0.009652,0.8305098
0.0096552,0.8305304
0.0096594,0.8305568
0.009662,0.830583
0.0096656,0.8306058
0.00967,0.8306238
0.0096738,0.830645
0.0096764,0.8306662
0.0096798,0.8306872
0.0096836,0.8307096
0.0096856,0.830727
0.0096904,0.8307488
0.0096924,0.8307742
0.0096966,0.8307944
0.0097004,0.8308246
0.0097036,0.8308494
0.0097076,0.8308704
0.0097096,0.830896
0.0097122,0.8309204
0.0097156,0.8309462
0.0097204,0.8309694
0.0097228,0.8309906
0.0097274,0.831013
0.0097288,0.831035
0.0097324,0.8310556
0.0097368,0.8310764
0.0097396,0.8311022
0.0097424,0.8311222
0.009745,0.8311472
0.009748,0.831173
0.0097496,0.8311928
0.0097532,0.8312162
0.0097556,0.831241
0.0097584,0.831262
0.0097622,0.8312888
0.0097658,0.8313118
0.0097702,0.831332
0.0097762,0.8313512
0.009781,0.8313724
0.0097854,0.8313994
0.0097902,0.8314234
0.0097944,0.8314484
0.009798,0.83147
0.009803,0.831499
0.009806,0.8315194
0.009809,0.8315418
0.0098128,0.8315646
0.0098188,0.8315896
0.0098226,0.831617
0.009825,0.8316402
0.0098276,0.8316672
0.0098314,0.8316892
0.0098358,0.8317114
0.0098388,0.8317322
0.009844,0.831752
0.0098478,0.8317794
0.009853,0.831803
0.009859,0.831823
0.0098606,0.8318436
0.009863,0.8318646
0.0098652,0.8318888
0.0098672,0.8319146
0.0098698,0.8319352
0.0098734,0.8319608
0.0098766,0.831981
0.0098806,0.832009
0.009884,0.8320296
0.0098886,0.8320488
0.0098908,0.8320684
0.0098944,0.8320898
0.0098974,0.8321204
0.0099032,0.8321458
0.0099064,0.8321652
0.0099106,0.8321888
0.0099148,0.8322118
0.0099188,0.8322344
0.0099234,0.8322556
0.0099264,0.8322794
0.0099288,0.8322994
0.0099342,0.8323278
0.009936,0.8323488
0.0099398,0.8323656
0.0099462,0.8323892
0.0099528,0.832411
0.0099556,0.8324368
0.0099586,0.83246
0.0099608,0.832486
0.0099636,0.832511
0.0099688,0.8325368
0.0099736,0.8325596
0.0099766,0.832584
0.0099816,0.832604
0.009985,0.8326308
0.00999,0.8326528
0.0099926,0.8326746
0.0099946,0.8326968
0.0099968,0.8327218
0.0099996,0.8327448
0.010003,0.8327716
0.0100096,0.8327978
0.0100136,0.832819
0.010017,0.8328372
0.0100206,0.8328628
0.0100236,0.8328858
0.010027,0.8329078
0.0100302,0.8329274
0.0100354,0.8329456
0.0100384,0.8329648
0.010042,0.8329882
0.0100456,0.8330098
0.010051,0.8330292
0.0100538,0.8330498
0.0100582,0.8330736
0.0100606,0.833093
0.010065,0.8331166
0.0100692,0.8331376
0.010071,0.833161
0.0100738,0.833187
0.0100794,0.8332094
0.0100822,0.8332322
0.0100858,0.8332562
0.0100878,0.833277
0.0100906,0.8332976
0.0100926,0.833314
0.0100956,0.8333394
0.0101002,0.8333584
0.0101034,0.833381
0.0101054,0.8334026
0.0101088,0.8334322
0.0101118,0.8334486
0.0101136,0.8334738
0.0101166,0.833494
0.0101196,0.83352
0.0101232,0.8335424
0.0101276,0.8335716
0.0101302,0.833594
0.010134,0.833622
0.0101382,0.833642
0.0101406,0.8336608
0.0101432,0.8336856
0.0101458,0.8337122
0.0101476,0.8337352
0.0101512,0.8337566
0.0101536,0.8337852
0.0101564,0.8338062
0.0101592,0.8338294
0.010162,0.8338488
0.0101648,0.833874
0.0101654,0.8338988
0.0101704,0.8339244
0.0101742,0.833948
0.0101766,0.8339638
0.0101804,0.8339898
0.0101846,0.83401
0.010189,0.8340362
0.0101938,0.8340556
0.0101984,0.8340782
0.0102026,0.8341028
0.0102064,0.8341234
0.01021,0.8341476
0.0102132,0.8341738
0.0102172,0.8342002
0.0102192,0.8342218
0.0102222,0.8342458
0.0102262,0.8342744
0.01023,0.834303
0.0102352,0.8343244
0.0102374,0.8343512
0.010241,0.83437
0.0102438,0.8343956
0.010247,0.8344164
0.0102514,0.8344406
0.0102558,0.8344654
0.0102596,0.8344902
0.0102632,0.8345154
0.0102658,0.8345398
0.0102706,0.83456
0.0102754,0.8345788
0.0102774,0.8346048
0.0102798,0.8346236
0.0102846,0.8346442
0.0102872,0.8346628
0.0102922,0.8346848
0.010297,0.834709
0.0102992,0.834735
0.0103032,0.8347588
0.0103056,0.834776
0.01031,0.8348006
0.0103136,0.8348198
0.0103202,0.834843
0.010325,0.8348616
0.0103278,0.8348798
0.0103294,0.8349016
0.010333,0.8349262
0.010336,0.8349524
0.0103386,0.834978
0.0103424,0.8350018
0.0103482,0.8350188
0.0103502,0.835042
0.010353,0.835065
0.0103574,0.835093
0.0103596,0.8351126
0.0103628,0.8351324
0.0103644,0.8351508
0.0103672,0.835172
0.0103718,0.8351968
0.0103752,0.8352128
0.0103838,0.8352316
0.0103898,0.8352564
0.0103924,0.8352818
0.0103954,0.8353042
0.0103976,0.835324
0.0104006,0.8353472
0.0104062,0.8353664
0.0104092,0.8353876
0.0104122,0.835413
0.0104148,0.8354386
0.0104186,0.8354656
0.0104212,0.8354872
0.0104228,0.83551
0.0104258,0.8355318
0.0104284,0.8355596
0.0104312,0.8355824
0.0104352,0.8356048
0.0104382,0.8356272
0.0104398,0.8356466
0.0104432,0.8356678
0.0104482,0.8356906
0.0104506,0.8357158
0.0104548,0.835736
0.0104568,0.8357572
0.0104598,0.835775
0.0104654,0.8357994
0.0104682,0.8358232
0.010471,0.8358476
0.0104744,0.8358744
0.0104776,0.8359022
0.01048,0.8359218
0.0104842,0.8359458
0.010488,0.8359628
0.0104934,0.8359858
0.0104982,0.8360086
0.0105038,0.836031
0.0105082,0.8360526
0.010512,0.836078
0.010516,0.8361092
0.0105214,0.8361356
0.010523,0.8361566
0.0105264,0.8361786
0.0105306,0.8362044
0.0105334,0.836221
0.0105354,0.8362442
0.0105388,0.8362694
0.0105436,0.8362908
0.0105468,0.8363092
0.0105502,0.8363288
0.010556,0.8363486
0.0105594,0.836369
0.0105634,0.8363888
0.0105668,0.8364086
0.0105694,0.8364298
0.0105746,0.8364544
0.0105772,0.8364746
0.0105832,0.8364968
0.0105874,0.8365232
0.0105902,0.8365464
0.0105944,0.8365746
0.0105984,0.8365982
0.0106022,0.8366198
0.0106034,0.8366412
0.0106064,0.8366634
0.010608,0.8366878
0.0106106,0.836713
0.0106142,0.836733
0.010617,0.836757
0.0106212,0.8367736
0.0106242,0.8367966
0.0106272,0.8368204
0.0106314,0.8368454
0.010635,0.8368702
0.010637,0.8368962
0.0106386,0.836922
0.0106412,0.836944
0.0106438,0.8369654
0.010647,0.8369836
0.0106494,0.8370048
0.0106514,0.837027
0.0106534,0.8370528
0.0106582,0.8370732
0.0106616,0.8370966
0.0106638,0.8371176
0.0106692,0.8371356
0.010671,0.8371528
0.0106764,0.8371774
0.010682,0.8371998
0.0106874,0.8372162
0.0106932,0.837237
0.010696,0.8372578
0.0107,0.837282
0.0107036,0.8373046
0.010707,0.837332
0.0107106,0.8373528
0.0107136,0.8373782
0.0107192,0.837401
0.0107214,0.8374216
0.010725,0.837446
0.0107286,0.8374712
0.0107314,0.837498
0.0107366,0.8375228
0.0107412,0.8375468
0.0107458,0.8375718
0.0107484,0.8375938
0.0107492,0.8376148
0.0107524,0.8376346
0.010755,0.8376546
0.0107594,0.8376776
0.0107662,0.8377006
0.0107702,0.837723
0.0107744,0.8377456
0.0107772,0.837771
0.0107788,0.8377922
0.0107826,0.8378194
0.0107862,0.8378444
0.0107908,0.8378706
0.0107942,0.837893
0.010797,0.8379238
0.0108012,0.8379496
0.0108054,0.837967
0.0108066,0.8379856
0.0108086,0.8380104
0.0108158,0.8380334
0.010819,0.8380592
0.0108208,0.8380838
0.0108252,0.8381054
0.0108278,0.8381278
0.0108306,0.8381474
0.0108352,0.8381744
0.010839,0.8381962
0.0108428,0.8382192
0.0108458,0.8382404
0.0108494,0.8382636
0.0108526,0.8382884
0.010858,0.8383136
0.0108626,0.838342
0.0108654,0.8383654
0.0108678,0.8383882
0.0108712,0.8384144
0.010873,0.8384402
0.0108748,0.838458
0.010877,0.838481
0.0108812,0.8385002
0.0108858,0.8385216
0.0108884,0.838543
0.0108926,0.838567
0.0108968,0.8385846
0.0109,0.8386084
0.0109032,0.8386346
0.0109072,0.8386532
0.0109108,0.8386778
0.0109156,0.838702
0.010918,0.8387206
0.0109194,0.8387404
0.0109232,0.8387648
0.0109256,0.8387854
0.0109294,0.8388056
0.0109334,0.8388282
0.0109362,0.838855
0.0109428,0.8388758
0.0109476,0.8388976
0.0109498,0.8389168
0.010952,0.8389444
0.010957,0.8389608
0.01096,0.8389862
0.0109634,0.839009
0.0109672,0.8390274
0.0109694,0.8390462
0.0109734,0.8390694
0.0109768,0.8390934
0.0109788,0.8391138
0.0109824,0.8391312
0.0109864,0.839154
0.0109902,0.839184
0.010993,0.8392042
0.010996,0.839233
0.0109998,0.839252
0.0110028,0.839274
0.0110056,0.8392956
0.0110092,0.8393226
0.0110124,0.8393478
0.0110156,0.839373
0.0110184,0.839395
0.0110222,0.8394172
0.011026,0.8394402
0.0110286,0.839461
0.011032,0.839483
0.0110368,0.8395076
0.0110418,0.839528
0.0110476,0.8395486
0.011051,0.839569
0.0110534,0.8395958
0.0110566,0.8396178
0.0110608,0.8396436
0.0110636,0.839671
0.0110686,0.8396948
0.0110734,0.8397158
0.011078,0.839745
0.0110816,0.8397674
0.011086,0.8397944
0.0110866,0.8398132
0.0110904,0.8398346
0.0110938,0.8398586
0.0110986,0.8398802
0.0111012,0.8399038
0.0111036,0.8399196
0.0111068,0.839943
0.0111106,0.8399636
0.0111138,0.839981
0.0111158,0.8400026
0.01112,0.840025
0.0111222,0.8400486
0.011125,0.840076
0.0111298,0.840095
0.0111334,0.8401184
0.0111378,0.8401418
0.0111412,0.8401628
0.0111452,0.840189
0.0111482,0.8402094
0.0111508,0.840231
0.0111546,0.840251
0.0111606,0.8402786
0.0111632,0.8403038
0.0111674,0.840328
0.01117,0.8403546
0.0111718,0.8403784
0.0111754,0.8404004
0.011178,0.840422
0.0111806,0.840449
0.0111838,0.84047
0.0111872,0.8404916
0.0111916,0.840513
0.0111946,0.8405394
0.011199,0.8405606
0.0112044,0.8405772
0.011207,0.8406042
0.0112136,0.8406252
0.0112178,0.8406482
0.011222,0.840676
0.0112254,0.8406988
0.0112298,0.8407238
0.0112332,0.840742
0.0112372,0.8407656
0.01124,0.8407868
0.0112436,0.8408086
0.0112472,0.84083
0.011248,0.8408524
0.0112512,0.840876
0.0112554,0.840904
0.011261,0.8409208
0.0112658,0.8409486
0.0112694,0.8409704
0.0112722,0.8409922
0.0112746,0.8410144
0.0112798,0.8410332
0.0112832,0.8410574
0.0112852,0.8410784
0.0112876,0.8411038
0.0112922,0.8411296
0.0112976,0.8411476
0.0112998,0.8411702
0.0113022,0.8411868
0.011304,0.8412166
0.0113068,0.841245
0.0113104,0.8412656
0.0113108,0.8412896
0.0113168,0.8413094
0.011319,0.841332
0.011321,0.841351
0.011324,0.8413748
0.0113284,0.8413968
0.0113312,0.8414158
0.0113338,0.8414374
0.0113366,0.841453
0.0113402,0.8414756
0.0113414,0.8414968
0.0113474,0.8415196
0.0113506,0.8415422
0.0113548,0.84157
0.0113594,0.8415912
0.0113638,0.84161
0.0113672,0.8416266
0.011371,0.8416506
0.0113758,0.8416812
0.011379,0.8417052
0.0113842,0.8417286
0.0113876,0.8417524
0.011391,0.8417722
0.0113954,0.8417902
0.0114014,0.8418164
0.0114066,0.8418412
0.0114114,0.8418668
0.0114146,0.84189
0.0114188,0.8419138
0.011421,0.8419326
0.011425,0.8419552
0.0114272,0.8419772
0.0114308,0.8419962
0.0114334,0.8420184
0.0114378,0.8420414
0.0114388,0.8420602
0.0114446,0.8420818
0.0114464,0.8421032
0.0114494,0.8421272
0.0114572,0.8421538
0.0114614,0.8421822
0.011466,0.8422062
0.0114698,0.842228
0.0114726,0.842249
0.0114792,0.8422646
0.0114818,0.8422924
0.011484,0.8423162
0.0114882,0.8423416
0.0114914,0.8423692
0.0114934,0.842394
0.011498,0.842419
0.0115014,0.8424442
0.0115068,0.8424644
0.0115106,0.8424882
0.0115136,0.8425116
0.0115176,0.842532
0.0115212,0.8425486
0.0115228,0.8425736
0.0115294,0.8425928
0.011535,0.8426132
0.011539,0.8426302
0.0115446,0.8426594
0.0115466,0.8426802
0.0115494,0.8427054
0.0115532,0.842728
0.0115594,0.8427488
0.0115616,0.8427698
0.011564,0.8427906
0.0115666,0.842813
0.0115696,0.8428346
0.0115726,0.8428556
0.0115766,0.8428754
0.0115802,0.8428932
0.011585,0.8429156
0.011588,0.8429402
0.01159,0.8429668
0.0115944,0.8429888
0.0115996,0.843017
0.011603,0.8430406
0.011608,0.8430654
0.0116104,0.8430806
0.0116142,0.843102
0.0116196,0.843123
0.011622,0.8431464
0.0116262,0.8431682
0.0116292,0.8431908
0.0116346,0.8432132
0.0116396,0.843238
0.0116424,0.8432584
0.0116458,0.8432812
0.0116496,0.8433042
0.011654,0.843328
0.0116586,0.8433478
0.0116618,0.8433718
0.0116654,0.8433944
0.011668,0.8434182
0.0116712,0.8434386
0.0116744,0.843459
0.0116766,0.843483
0.0116784,0.843503
0.0116808,0.8435206
0.0116848,0.8435438
0.0116876,0.8435646
0.0116904,0.8435842
0.0116948,0.8436054
0.0116984,0.8436302
0.0117034,0.8436534
0.0117064,0.843672
0.0117114,0.843699
0.0117138,0.8437192
0.0117178,0.8437398
0.0117208,0.84376
0.011723,0.8437814
0.011726,0.8438068
0.011729,0.8438306
0.0117324,0.843857
0.0117376,0.8438832
0.0117396,0.8439018
0.011744,0.8439252
0.0117488,0.8439474
0.0117514,0.8439734
0.0117566,0.843996
0.0117594,0.844012
0.0117618,0.8440364
0.011764,0.8440554
0.0117662,0.8440816
0.0117692,0.8441014
0.011772,0.8441256
0.0117758,0.8441514
0.0117786,0.8441746
0.0117806,0.8441952
0.0117828,0.8442156
0.0117864,0.8442384
0.0117906,0.844259
0.0117936,0.8442774
0.0117992,0.8443008
0.0118044,0.8443286
0.0118068,0.844357
0.0118094,0.8443808
0.0118128,0.8444038
0.0118178,0.8444248
0.011823,0.8444488
0.0118282,0.8444724
0.0118316,0.844492
0.0118348,0.8445174
0.0118384,0.8445378
0.0118416,0.8445596
0.0118456,0.8445778
0.0118504,0.8445984
0.0118538,0.84462
0.0118568,0.844647
0.0118638,0.8446716
0.0118668,0.8446954
0.0118698,0.8447218
0.011874,0.8447428
0.0118792,0.8447624
0.0118826,0.8447852
0.0118856,0.8448068
0.011888,0.8448282
0.0118912,0.8448522
0.0118938,0.844878
0.0118966,0.8448984
0.0118994,0.8449186
0.0119018,0.8449426
0.0119044,0.8449664
0.0119084,0.8449866
0.0119138,0.8450094
0.0119174,0.8450298
0.0119206,0.8450518
0.0119228,0.8450756
0.0119246,0.8450974
0.0119282,0.8451224
0.0119326,0.8451444
0.0119364,0.8451672
0.0119396,0.8451914
0.0119426,0.8452134
0.0119456,0.8452354
0.0119478,0.8452544
0.0119484,0.845277
0.011951,0.8453008
0.0119532,0.845325
0.0119564,0.8453486
0.0119588,0.845368
0.01196,0.845387
0.011963,0.845406
0.0119648,0.8454368
0.0119702,0.8454538
0.0119728,0.8454736
0.0119752,0.8455018
0.0119808,0.8455268
0.0119832,0.8455442
0.0119886,0.845562
0.011994,0.8455816
0.011998,0.8456004
0.0120002,0.8456224
0.0120044,0.8456438
0.0120096,0.8456646
0.012013,0.8456878
0.0120154,0.84571
0.0120188,0.8457388
0.012021,0.8457616
0.0120226,0.8457868
0.0120252,0.845808
0.012028,0.845829
0.0120304,0.8458564
0.012034,0.8458762
0.0120382,0.8458938
0.0120412,0.8459136
0.0120452,0.845939
0.0120482,0.8459608
0.0120514,0.8459862
0.0120546,0.8460058
0.0120592,0.8460252
0.0120644,0.8460494
0.0120664,0.8460714
0.0120682,0.8460996
0.0120714,0.8461234
0.012075,0.8461498
0.0120792,0.8461698
0.012082,0.8461936
0.0120882,0.8462166
0.012091,0.8462392
0.0120946,0.8462598
0.0120956,0.8462836
0.0121,0.8463096
0.0121056,0.846331
0.012109,0.846351
0.0121132,0.8463696
0.012118,0.8463944
0.012121,0.8464126
0.012125,0.846434
0.0121266,0.846462
0.0121276,0.8464838
0.01213,0.8465036
0.0121348,0.846529
0.012138,0.8465546
0.0121388,0.8465804
0.0121414,0.8466034
0.0121442,0.8466278
0.0121472,0.8466476
0.0121502,0.8466666
0.0121528,0.8466898
0.012158,0.84671
0.0121624,0.846733
0.012165,0.8467518
0.0121684,0.8467724
0.0121702,0.8467936
0.0121718,0.8468142
0.0121744,0.8468414
0.0121764,0.846862
0.0121802,0.8468846
0.0121848,0.846909
0.0121874,0.8469298
0.0121902,0.8469514
0.0121922,0.8469742
0.0121942,0.8469996
0.0121986,0.8470238
0.012203,0.8470452
0.0122062,0.8470628
0.0122092,0.8470798
0.0122122,0.8471038
0.0122152,0.8471286
0.01222,0.8471542
0.0122218,0.8471736
0.012226,0.8471958
0.0122288,0.8472166
0.012231,0.8472396
0.0122336,0.8472684
0.0122346,0.8472912
0.0122368,0.8473196
0.0122398,0.8473426
0.0122418,0.8473626
0.0122442,0.847387
0.012248,0.847413
0.0122538,0.8474338
0.0122568,0.8474584
0.0122604,0.8474842
0.0122628,0.8475082
0.0122664,0.8475304
0.0122692,0.847551
0.0122728,0.8475676
0.0122756,0.8475908
0.0122806,0.847612
0.0122828,0.8476408
0.0122872,0.8476628
0.0122898,0.8476832
0.0122918,0.8477036
0.0122952,0.8477266
0.0122986,0.8477508
0.012302,0.8477678
0.0123056,0.847795
0.0123088,0.8478204
0.0123118,0.8478376
0.012316,0.8478592
0.0123186,0.8478852
0.012325,0.847908
0.0123282,0.8479268
0.0123326,0.8479476
0.0123346,0.8479696
0.012341,0.8479926
0.012345,0.8480128
0.0123458,0.8480354
0.0123504,0.8480586
0.0123538,0.8480848
0.012359,0.8481102
0.0123626,0.8481314
0.0123674,0.848154
0.012369,0.8481788
0.012371,0.8482026
0.0123746,0.8482234
0.0123772,0.8482468
0.0123838,0.848268
0.01239,0.848287
0.0123922,0.8483102
0.0123962,0.8483318
0.0123988,0.8483522
0.0124028,0.8483724
0.0124064,0.848397
0.0124102,0.8484252
0.012415,0.8484418
0.0124198,0.848468
0.0124228,0.8484866
0.0124252,0.8485058
0.0124284,0.848526
0.0124332,0.848552
0.0124362,0.8485706
0.012439,0.8485892
0.0124418,0.8486178
0.0124448,0.848641
0.0124466,0.8486588
0.0124496,0.8486778
0.012452,0.8487014
0.0124564,0.8487262
0.0124602,0.8487496
0.0124638,0.8487784
0.012467,0.8487964
0.0124688,0.8488186
0.012471,0.8488434
0.012474,0.848858
0.0124766,0.8488744
0.0124802,0.8488956
0.0124834,0.8489134
0.0124878,0.848943
0.0124898,0.8489684
0.0124926,0.8489872
0.0124956,0.849011
0.012499,0.8490328
0.0125036,0.8490572
0.0125076,0.8490736
0.0125124,0.8490922
0.0125148,0.849117
0.0125204,0.8491362
0.0125218,0.8491594
0.0125262,0.84918
0.012528,0.8492024
0.012532,0.849225
0.0125358,0.8492486
0.0125388,0.8492774
0.0125412,0.8493026
0.0125448,0.8493264
0.012553,0.8493494
0.0125558,0.8493696
0.0125574,0.8493968
0.0125604,0.8494162
0.0125638,0.8494346
0.0125656,0.8494574
0.0125676,0.849477
0.0125724,0.8495048
0.0125764,0.849523
0.0125794,0.8495424
0.0125834,0.8495658
0.0125866,0.8495788
0.0125914,0.849603
0.0125948,0.849625
0.0125976,0.849653
0.0126006,0.8496792
0.0126052,0.8497038
0.0126094,0.8497234
0.012615,0.8497466
0.012618,0.8497686
0.0126196,0.8497904
0.0126234,0.8498114
0.0126238,0.8498372
0.0126284,0.849854
0.0126314,0.8498718
0.0126344,0.8498964
0.0126368,0.8499194
0.01264,0.8499412
0.0126448,0.8499676
0.0126482,0.8499916
0.0126504,0.8500172
0.0126558,0.8500402
0.0126588,0.8500624
0.0126602,0.8500868
0.0126666,0.8501094
0.0126684,0.8501374
0.0126728,0.8501582
0.0126766,0.8501856
0.0126792,0.8502086
0.0126834,0.8502232
0.012689,0.8502518
0.0126904,0.8502736
0.0126938,0.8503002
0.0126996,0.8503302
0.012701,0.8503532
0.0127042,0.8503758
0.0127064,0.8504
0.0127096,0.8504166
0.0127132,0.850435
0.0127168,0.8504584
0.0127208,0.85048
0.0127248,0.8505018
0.0127286,0.8505274
0.0127326,0.8505458
0.012737,0.8505682
0.012741,0.8505896
0.0127448,0.8506122
0.0127488,0.8506378
0.0127536,0.8506576
0.0127572,0.8506822
0.012761,0.8507032
0.0127622,0.8507254
0.0127674,0.850749
0.0127698,0.8507708
0.0127718,0.8507938
0.0127762,0.8508156
0.0127792,0.8508378
0.0127822,0.8508576
0.0127848,0.8508814
0.012789,0.8509022
0.0127918,0.8509186
0.0127944,0.85094
0.0127952,0.8509674
0.0127974,0.8509916
0.012802,0.8510146
0.012803,0.8510344
0.012808,0.8510586
0.0128112,0.8510802
0.0128152,0.8511024
0.0128184,0.8511252
0.0128224,0.8511524
0.012825,0.851172
0.0128302,0.8511908
0.0128344,0.8512128
0.0128376,0.8512372
0.0128408,0.8512614
0.0128442,0.8512844
0.012846,0.8513056
0.0128482,0.851327
0.012851,0.8513484
0.0128552,0.851373
0.0128596,0.8513926
0.0128632,0.8514148
0.012866,0.8514362
0.0128708,0.851458
0.0128748,0.8514838
0.0128786,0.851509
0.0128814,0.85153
0.0128848,0.851552
0.0128868,0.851576
0.0128904,0.8515984
0.0128938,0.8516188
0.0128968,0.851644
0.0129004,0.851663
0.0129038,0.8516858
0.0129062,0.8517018
0.0129102,0.8517218
0.0129134,0.8517458
0.0129182,0.8517722
0.0129218,0.8517976
0.012925,0.8518172
0.0129282,0.8518372
0.0129324,0.8518578
0.012935,0.8518746
0.0129378,0.8518968
0.012943,0.851918
0.0129454,0.8519386
0.0129502,0.8519604
0.0129534,0.8519798
0.0129582,0.852004
0.01296,0.8520238
0.0129622,0.8520464
0.0129654,0.8520722
0.0129694,0.8521008
0.0129724,0.852125
0.0129748,0.852152
0.0129784,0.8521734
0.0129824,0.8521968
0.0129852,0.8522144
0.0129904,0.8522446
0.012994,0.8522676
0.0129962,0.852288
0.0130006,0.8523072
0.013003,0.852327
0.0130052,0.8523466
0.0130088,0.8523694
0.0130136,0.8523902
0.0130156,0.8524092
0.0130186,0.8524316
0.0130226,0.852456
0.013029,0.8524782
0.0130334,0.8525022
0.0130354,0.8525242
0.0130378,0.8525478
0.0130408,0.8525714
0.0130462,0.8525922
0.01305,0.8526182
0.013054,0.8526354
0.0130574,0.852659
0.0130596,0.852682
0.013062,0.8527052
0.013065,0.852727
0.0130694,0.852746
0.0130732,0.852768
0.0130774,0.8527916
0.0130812,0.8528094
0.013083,0.85283
0.0130848,0.852851
0.0130874,0.8528738
0.0130912,0.8529002
0.0130944,0.8529214
0.0130974,0.8529432
0.0131018,0.8529666
0.0131036,0.8529878
0.0131068,0.8530114
0.013108,0.853036
0.013112,0.8530604
0.0131162,0.8530814
0.0131184,0.853106
0.013121,0.8531264
0.013123,0.8531478
0.013126,0.8531662
0.0131286,0.8531884
0.0131308,0.8532082
0.0131328,0.8532314
0.0131348,0.8532538
0.0131378,0.8532708
0.0131404,0.85329
0.0131482,0.853315
0.0131528,0.8533358
0.0131572,0.8533544
0.0131624,0.853375
0.0131668,0.853396
0.0131702,0.8534148
0.0131714,0.8534386
0.0131746,0.8534546
0.013178,0.8534752
0.0131812,0.853499
0.0131856,0.8535218
0.0131886,0.8535434
0.013192,0.8535604
0.0131954,0.853585
0.0131978,0.8536076
0.0132002,0.853628
0.0132028,0.853651
0.0132102,0.8536754
0.013213,0.853703
0.0132164,0.8537248
0.01322,0.8537476
0.0132216,0.8537708
0.0132262,0.853795
0.0132282,0.8538224
0.013232,0.8538452
0.0132344,0.853868
0.0132408,0.8538906
0.013245,0.8539116
0.0132518,0.8539334
0.0132552,0.853953
0.013258,0.8539742
0.013262,0.8539996
0.0132676,0.8540218
0.0132726,0.85404
0.0132758,0.854066
0.0132786,0.8540856
0.0132826,0.854109
0.013285,0.85413
0.0132882,0.8541524
0.0132912,0.8541748
0.0132954,0.8541986
0.0132998,0.8542228
0.013303,0.854244
0.0133052,0.8542664
0.0133106,0.854285
0.0133132,0.8543058
0.013319,0.8543324
0.013322,0.8543558
0.013325,0.854373
0.0133268,0.8543938
0.0133296,0.8544234
0.0133316,0.8544434
0.0133348,0.8544688
0.0133388,0.854497
0.0133434,0.8545166
0.0133456,0.8545382
0.0133484,0.854564
0.013353,0.8545884
0.0133562,0.8546096
0.01336,0.8546278
0.013363,0.8546524
0.0133664,0.8546764
0.0133708,0.8546974
0.0133744,0.8547184
0.0133762,0.8547336
0.0133814,0.854757
0.0133836,0.8547768
0.013386,0.8547952
0.013389,0.8548242
0.0133916,0.8548432
0.013395,0.8548642
0.0133988,0.854883
0.013402,0.8549062
0.0134056,0.8549248
0.0134084,0.8549478
0.0134138,0.8549742
0.0134174,0.8549928
0.0134192,0.8550128
0.0134226,0.855038
0.0134246,0.8550546
0.013427,0.8550726
0.0134316,0.8550948
0.0134362,0.8551158
0.0134408,0.8551394
0.013444,0.8551634
0.0134462,0.8551874
0.0134506,0.855205
0.0134552,0.855227
0.013462,0.8552484
0.013465,0.855272
0.0134684,0.8552938
0.0134718,0.8553156
0.0134732,0.855337
0.0134748,0.8553622
0.0134788,0.8553822
0.0134818,0.855409
0.0134856,0.8554308
0.013488,0.8554522
0.013491,0.8554764
0.0134964,0.8554976
0.0134992,0.8555176
0.0135058,0.8555378
0.0135086,0.855563
0.0135112,0.8555876
0.0135148,0.8556142
0.0135182,0.8556356
0.0135204,0.8556554
0.0135254,0.8556762
0.0135282,0.8556974
0.0135324,0.855717
0.0135376,0.8557332
0.0135412,0.8557584
0.0135446,0.8557794
0.0135484,0.8558076
0.0135522,0.8558264
0.0135556,0.8558488
0.013559,0.8558756
0.013564,0.8558944
0.0135678,0.8559152
0.013569,0.8559362
0.0135722,0.8559584
0.0135744,0.855981
0.0135776,0.8560004
0.0135808,0.8560264
0.0135856,0.8560532
0.0135878,0.8560836
0.0135916,0.8561038
0.013597,0.8561212
0.0135994,0.8561462
0.0136034,0.8561648
0.0136058,0.8561828
0.0136096,0.8562008
0.0136142,0.8562296
0.0136182,0.8562488
0.013621,0.8562664
0.0136226,0.8562876
0.0136258,0.856306
0.0136314,0.8563232
0.0136334,0.8563434
0.0136364,0.856366
0.0136402,0.8563886
0.0136444,0.8564088
0.0136512,0.8564284
0.013654,0.8564486
0.0136572,0.8564694
0.0136592,0.8564894
0.013664,0.8565066
0.0136672,0.8565334
0.0136698,0.856557
0.0136732,0.8565788
0.0136762,0.8566032
0.013678,0.8566318
0.01368,0.8566542
0.0136824,0.8566692
0.0136862,0.8566916
0.013691,0.8567196
0.0136936,0.8567384
0.0136974,0.856756
0.0137008,0.8567812
0.0137038,0.8568046
0.0137058,0.8568262
0.0137092,0.8568476
0.013714,0.8568714
0.0137172,0.8568954
0.0137222,0.8569156
0.0137266,0.8569372
0.0137312,0.856959
0.0137346,0.856978
0.0137388,0.8569978
0.0137402,0.85702
0.0137454,0.8570356
0.013749,0.85706
0.0137518,0.857083
0.0137544,0.8571072
0.0137552,0.8571318
0.0137594,0.857156
0.0137608,0.8571768
0.013764,0.8571974
0.0137666,0.8572206
0.0137708,0.8572442
0.0137756,0.8572674
0.013778,0.8572856
0.0137804,0.8573042
0.013785,0.8573274
0.0137898,0.8573518
0.0137928,0.8573702
0.0137988,0.8573892
0.0138026,0.8574106
0.0138066,0.8574316
0.0138102,0.8574588
0.0138138,0.8574818
0.0138154,0.8575048
0.0138186,0.8575222
0.0138214,0.8575416
0.0138238,0.857562
0.013827,0.8575876
0.0138318,0.8576106
0.0138346,0.857633
0.0138388,0.8576574
0.0138436,0.8576796
0.013846,0.857709
0.0138488,0.857733
0.0138512,0.8577596
0.0138538,0.8577812
0.0138576,0.857804
0.0138636,0.8578236
0.0138676,0.8578448
0.0138716,0.8578626
0.0138752,0.8578818
0.013879,0.8578996
0.0138838,0.8579206
0.013887,0.8579384
0.0138914,0.857959
0.0138964,0.8579826
0.0138982,0.858001
0.0139014,0.85802
0.0139044,0.8580472
0.013909,0.8580672
0.0139122,0.858095
0.0139138,0.8581156
0.0139172,0.8581406
0.013922,0.8581614
0.0139246,0.858191
0.0139262,0.858215
0.0139292,0.8582312
0.0139318,0.8582514
0.0139344,0.8582696
0.0139384,0.8582914
0.0139418,0.8583158
0.0139464,0.858336
0.0139514,0.858358
0.0139562,0.858377
0.0139572,0.858402
0.013962,0.8584238
0.0139668,0.8584442
0.0139682,0.8584698
0.0139704,0.8584872
0.0139734,0.85851
0.013975,0.8585354
0.0139796,0.858555
0.0139826,0.858582
0.0139842,0.858606
0.0139866,0.8586252
0.0139902,0.8586452
0.0139948,0.8586666
0.0139974,0.858689
0.0139998,0.8587044
0.014002,0.8587298
0.0140052,0.858751
0.014009,0.858772
0.0140106,0.858794
0.0140138,0.8588168
0.0140166,0.8588344
0.0140194,0.85886
0.0140244,0.8588826
0.0140264,0.8589002
0.0140286,0.8589204
0.0140302,0.8589436
0.0140328,0.858966
0.0140346,0.8589908
0.0140372,0.8590094
0.0140418,0.8590324
0.014045,0.8590544
0.014049,0.8590798
0.0140508,0.8590966
0.0140556,0.8591174
0.0140582,0.859139
0.0140646,0.859162
0.014067,0.8591852
0.0140716,0.8592058
0.0140754,0.8592256
0.0140786,0.8592456
0.0140818,0.8592646
0.0140844,0.859286
0.0140872,0.85931
0.0140932,0.8593356
0.0140972,0.8593558
0.0140996,0.8593756
0.0141022,0.859397
0.0141042,0.8594164
0.014109,0.8594356
0.0141122,0.8594604
0.0141162,0.8594818
0.01412,0.8595058
0.0141238,0.8595318
0.0141258,0.8595528
0.014127,0.8595754
0.014129,0.8595962
0.014131,0.8596158
0.0141336,0.859638
0.0141382,0.859661
0.0141398,0.859687
0.0141448,0.8597038
0.0141496,0.8597222
0.0141534,0.8597402
0.0141564,0.8597658
0.0141612,0.85979
0.0141632,0.8598124
0.0141674,0.8598312
0.0141714,0.8598504
0.014173,0.8598758
0.0141752,0.859903
0.0141776,0.8599244
0.0141802,0.8599458
0.0141828,0.8599674
0.0141858,0.8599882
0.014189,0.8600072
0.0141926,0.860031
0.0141944,0.8600524
0.014197,0.8600752
0.0142016,0.8600994
0.0142048,0.8601198
0.0142076,0.8601408
0.0142112,0.860162
0.0142156,0.8601864
0.0142192,0.8602032
0.0142226,0.8602234
0.0142258,0.8602478
0.0142292,0.8602698
0.0142324,0.8602926
0.014233,0.8603128
0.014234,0.8603364
0.0142388,0.860357
0.0142422,0.8603746
0.0142438,0.8603976
0.0142472,0.8604214
0.0142494,0.8604424
0.0142546,0.8604654
0.0142566,0.860485
0.0142602,0.8605014
0.0142634,0.8605254
0.0142678,0.8605454
0.0142718,0.860566
0.014274,0.8605906
0.0142768,0.8606174
0.0142816,0.8606328
0.014284,0.8606568
0.0142866,0.8606764
0.014289,0.860699
0.0142914,0.8607224
0.0142966,0.8607434
0.0143016,0.8607614
0.014305,0.860786
0.0143088,0.8608072
0.014315,0.8608304
0.0143186,0.8608502
0.0143222,0.8608738
0.0143272,0.8608954
0.0143304,0.860917
0.0143322,0.8609368
0.0143358,0.8609586
0.0143384,0.8609744
0.01434,0.860998
0.0143434,0.8610252
0.0143454,0.8610468
0.014349,0.861066
0.0143528,0.861084
0.0143558,0.8611092
0.0143602,0.8611378
0.0143628,0.86116
0.0143656,0.8611766
0.0143684,0.861195
0.0143738,0.8612142
0.0143788,0.8612336
0.0143804,0.8612502
0.0143814,0.8612716
0.014384,0.8612906
0.014386,0.8613092
0.0143894,0.8613298
0.014393,0.861351
0.0143946,0.8613752
0.0143966,0.8613982
0.0144006,0.861419
0.014403,0.8614394
0.0144078,0.8614622
0.0144122,0.8614816
0.0144156,0.8615026
0.0144178,0.861522
0.0144226,0.8615428
0.0144258,0.8615622
0.0144276,0.861583
0.0144306,0.8616046
0.014436,0.8616294
0.0144412,0.8616488
0.0144442,0.8616712
0.0144454,0.8616974
0.0144516,0.8617244
0.0144556,0.8617386
0.0144598,0.8617622
0.0144634,0.8617872
0.0144658,0.8618044
0.0144698,0.861829
0.0144746,0.8618508
0.0144772,0.861872
0.0144816,0.8618936
0.014486,0.8619162
0.0144886,0.8619358
0.0144916,0.8619542
0.0144952,0.861974
0.0144962,0.8619944
0.0145014,0.8620182
0.0145066,0.8620412
0.0145126,0.8620646
0.0145166,0.8620892
0.0145184,0.8621076
0.0145214,0.8621262
0.0145234,0.862147
0.0145276,0.862172
0.0145304,0.862195
0.014533,0.8622128
0.0145368,0.8622348
0.01454,0.8622594
0.0145436,0.8622786
0.0145462,0.862302
0.0145498,0.8623182
0.0145522,0.8623468
0.0145568,0.8623654
0.0145594,0.8623862
0.0145632,0.8624104
0.014566,0.8624324
0.0145686,0.8624524
0.0145724,0.8624758
0.0145776,0.8624968
0.014582,0.8625222
0.0145844,0.8625434
0.0145882,0.862567
0.0145918,0.8625916
0.0145962,0.8626124
0.0146006,0.862635
0.0146048,0.862659
0.0146066,0.862686
0.0146082,0.8627062
0.0146132,0.8627206
0.014616,0.862745
0.0146184,0.8627662
0.0146212,0.862789
0.0146264,0.8628064
0.0146296,0.862821
0.0146338,0.8628374
0.014637,0.862859
0.0146396,0.8628804
0.0146428,0.8628994
0.0146446,0.8629172
0.014646,0.8629404
0.0146486,0.862963
0.014652,0.8629852
0.0146558,0.8630058
0.0146586,0.8630302
0.0146622,0.8630498
0.0146646,0.8630706
0.0146676,0.8630898
0.0146716,0.863108
0.0146756,0.86313
0.014678,0.8631506
0.0146808,0.8631706
0.014684,0.8631936
0.0146872,0.8632164
0.0146898,0.8632364
0.0146932,0.8632558
0.0146972,0.86327
0.0147006,0.863287
0.0147042,0.8633126
0.0147106,0.863335
0.014716,0.8633596
0.0147188,0.8633824
0.0147202,0.8634016
0.0147212,0.8634206
0.0147238,0.8634462
0.0147256,0.8634642
0.0147298,0.8634848
0.014735,0.8635046
0.0147398,0.8635238
0.0147438,0.8635426
0.0147472,0.8635638
0.0147512,0.8635854
0.014753,0.8636044
0.014757,0.8636266
0.0147598,0.8636512
0.0147634,0.8636766
0.014766,0.863697
0.0147694,0.8637156
0.0147714,0.863735
0.0147746,0.8637544
0.014778,0.8637774
0.0147816,0.863802
0.0147824,0.8638246
0.0147868,0.8638422
0.0147922,0.8638624
0.0147948,0.8638838
0.014796,0.8639076
0.0147988,0.863934
0.0148016,0.863953
0.0148034,0.8639724
0.014805,0.8639914
0.014807,0.8640094
0.0148094,0.8640302
0.0148162,0.8640554
0.0148186,0.8640738
0.0148194,0.8640926
0.0148252,0.8641162
0.0148288,0.8641336
0.01483,0.8641616
0.0148338,0.8641882
0.0148394,0.8642092
0.0148426,0.8642288
0.0148452,0.8642464
0.0148494,0.8642704
0.014851,0.8642888
0.0148554,0.8643082
0.0148574,0.8643248
0.0148618,0.8643526
0.0148646,0.8643708
0.0148684,0.864391
0.0148704,0.864411
0.0148734,0.8644308
0.0148766,0.8644538
0.0148788,0.8644756
0.0148804,0.8645044
0.0148862,0.8645286
0.01489,0.8645502
0.014892,0.8645696
0.0148958,0.8645942
0.0149004,0.8646144
0.0149032,0.8646388
0.0149068,0.8646628
0.0149096,0.8646812
0.0149136,0.864697
0.0149162,0.8647192
0.01492,0.8647418
0.0149234,0.8647694
0.014928,0.8647884
0.0149306,0.8648076
0.0149334,0.8648278
0.0149372,0.864848
0.0149418,0.8648724
0.014945,0.8648938
0.0149488,0.8649174
0.0149548,0.8649414
0.0149576,0.8649608
0.0149598,0.8649854
0.0149644,0.865011
0.0149664,0.8650284
0.0149708,0.8650474
0.0149752,0.865072
0.0149798,0.8650902
0.014983,0.8651108
0.0149868,0.86513
0.0149898,0.8651532
0.0149922,0.8651734
0.0149958,0.8651918
0.0149998,0.8652156
0.0150056,0.8652344
0.015009,0.8652498
0.0150136,0.8652712
0.015016,0.8652914
0.0150194,0.8653164
0.0150218,0.8653352
0.0150252,0.865359
0.0150294,0.8653742
0.0150338,0.8653888
0.0150376,0.8654062
0.0150396,0.8654256
0.0150444,0.8654458
0.0150484,0.8654678
0.0150514,0.8654862
0.015053,0.8655016
0.0150566,0.865522
0.0150608,0.8655416
0.0150642,0.8655584
0.0150674,0.865581
0.0150698,0.865609
0.0150748,0.8656278
0.0150766,0.8656506
0.0150812,0.8656736
0.0150826,0.865695
0.0150858,0.865721
0.0150884,0.8657398
0.0150926,0.8657622
0.0150962,0.8657824
0.015099,0.865806
0.0151022,0.865829
0.0151064,0.865846
0.015111,0.865868
0.0151154,0.86589
0.015119,0.865911
0.0151228,0.8659328
0.015126,0.8659466
0.0151272,0.8659692
0.0151292,0.8659888
0.015132,0.866007
0.0151366,0.8660304
0.0151392,0.866052
0.0151414,0.8660776
0.0151448,0.8660956
0.015147,0.8661164
0.0151526,0.8661394
0.015156,0.8661546
0.015159,0.866172
0.0151632,0.8661906
0.0151672,0.8662142
0.0151708,0.8662414
0.0151756,0.8662586
0.0151792,0.8662836
0.0151814,0.8663062
0.015186,0.866325
0.0151882,0.8663474
0.01519,0.866366
0.0151936,0.8663876
0.015195,0.8664078
0.0151982,0.8664266
0.015203,0.8664496
0.0152066,0.8664692
0.0152096,0.8664928
0.0152114,0.8665186
0.0152144,0.8665388
0.0152168,0.866559
0.0152186,0.8665788
0.015221,0.8666026
0.0152254,0.8666256
0.0152282,0.8666428
0.0152316,0.8666648
0.0152348,0.8666888
0.0152386,0.8667096
0.0152402,0.8667294
0.0152442,0.866752
0.0152466,0.866772
0.0152504,0.866797
0.0152542,0.8668166
0.0152572,0.8668384
0.0152598,0.8668574
0.0152636,0.8668796
0.0152682,0.8668974
0.0152734,0.8669184
0.015276,0.86694
0.0152786,0.866961
0.015283,0.8669864
0.0152848,0.8670086
0.01529,0.8670294
0.0152944,0.8670552
0.0152984,0.8670756
0.0153022,0.8670978
0.0153048,0.8671182
0.0153078,0.8671364
0.0153094,0.8671618
0.0153126,0.8671802
0.0153156,0.8672006
0.0153182,0.8672224
0.0153218,0.8672434
0.0153258,0.8672652
0.0153292,0.8672888
0.0153322,0.8673106
0.0153344,0.8673342
0.015339,0.8673544
0.01534,0.8673764
0.0153428,0.8673972
0.0153452,0.8674196
0.015348,0.8674372
0.0153508,0.86746
0.0153552,0.8674816
0.0153588,0.867499
0.0153614,0.8675222
0.015367,0.867542
0.0153714,0.867563
0.0153746,0.8675848
0.0153774,0.8676052
0.0153788,0.86763
0.0153828,0.8676518
0.0153848,0.867677
0.01539,0.8676976
0.0153928,0.8677192
0.0153972,0.86774
0.0154008,0.8677582
0.015402,0.867778
0.015406,0.8678076
0.0154088,0.8678302
0.0154116,0.8678478
0.0154144,0.8678644
0.0154168,0.8678858
0.0154214,0.8679076
0.0154244,0.8679324
0.015428,0.8679528
0.015432,0.8679754
0.0154356,0.8679978
0.01544,0.8680178
0.0154434,0.868035
0.015445,0.8680582
0.015448,0.8680722
0.0154506,0.8680868
0.015453,0.8681076
0.0154554,0.8681272
0.0154592,0.868153
0.0154612,0.8681712
0.015464,0.8681964
0.01547,0.8682212
0.0154736,0.8682482
0.0154782,0.8682732
0.0154814,0.8682942
0.015484,0.8683126
0.0154866,0.8683366
0.0154882,0.8683598
0.0154906,0.8683768
0.0154932,0.8684
0.015497,0.868421
0.0154988,0.8684416
0.0155006,0.8684576
0.0155048,0.8684712
0.0155066,0.8684898
0.0155098,0.8685118
0.0155112,0.8685306
0.0155136,0.8685516
0.0155166,0.8685678
0.0155192,0.8685858
0.0155238,0.8686058
0.0155266,0.8686238
0.015531,0.8686416
0.0155342,0.8686628
0.0155376,0.8686882
0.015543,0.8687092
0.015546,0.8687322
0.015549,0.8687574
0.0155534,0.8687772
0.0155576,0.8688024
0.0155602,0.8688278
0.0155628,0.8688506
0.0155646,0.8688716
0.01557,0.8688894
0.0155734,0.8689168
0.01558,0.8689394
0.0155816,0.868961
0.015584,0.868981
0.0155858,0.8690056
0.0155884,0.8690298
0.0155902,0.8690452
0.015592,0.8690634
0.0155964,0.8690862
0.0155986,0.8691106
0.0156022,0.8691294
0.0156056,0.8691524
0.0156096,0.8691712
0.0156124,0.8691904
0.0156142,0.8692102
0.0156158,0.8692322
0.0156196,0.86926
0.0156226,0.8692828
0.0156256,0.8693086
0.0156272,0.8693306
0.0156308,0.8693558
0.0156354,0.869378
0.0156404,0.8693968
0.015645,0.8694186
0.0156476,0.8694456
0.015653,0.8694644
0.015655,0.8694836
0.0156578,0.869509
0.0156598,0.8695296
0.0156622,0.8695506
0.0156664,0.8695706
0.0156682,0.8695938
0.0156714,0.8696132
0.0156752,0.8696314
0.0156766,0.869649
0.0156818,0.8696812
0.0156846,0.8697018
0.0156862,0.869728
0.015691,0.8697498
0.0156934,0.8697692
0.0156962,0.8697886
0.015701,0.8698092
0.0157032,0.8698326
0.0157068,0.8698546
0.0157112,0.869875
0.0157132,0.8698926
0.0157144,0.8699118
0.0157186,0.869936
0.0157234,0.8699576
0.0157286,0.8699802
0.015733,0.8700018
0.0157358,0.8700192
0.0157376,0.8700464
0.015741,0.8700694
0.0157444,0.8700868
0.0157478,0.870111
0.0157506,0.8701362
0.0157532,0.8701544
0.0157578,0.8701774
0.0157616,0.8702008
0.015764,0.8702178
0.015765,0.8702364
0.0157684,0.8702584
0.0157716,0.870278
0.0157742,0.8703034
0.0157772,0.8703244
0.0157812,0.8703496
0.0157836,0.8703688
0.015788,0.8703888
0.0157918,0.8704076
0.0157988,0.8704236
0.0158018,0.8704426
0.0158046,0.8704594
0.0158096,0.8704822
0.0158146,0.8705024
0.0158178,0.870524
0.0158224,0.8705434
0.0158258,0.8705608
0.0158282,0.8705814
0.0158314,0.8706038
0.0158344,0.8706222
0.015838,0.8706398
0.015841,0.87066
0.0158432,0.8706864
0.0158462,0.870706
0.0158496,0.8707286
0.0158534,0.8707484
0.0158568,0.8707658
0.0158588,0.8707874
0.0158632,0.8708108
0.0158658,0.8708326
0.015869,0.870851
0.0158732,0.8708736
0.0158754,0.8708926
0.0158778,0.870911
0.0158798,0.87093
0.0158818,0.8709492
0.0158838,0.8709714
0.0158856,0.8709894
0.015892,0.871006
0.0158948,0.871029
0.0158988,0.8710488
0.0159024,0.8710702
0.0159068,0.8710934
0.0159088,0.8711114
0.0159108,0.8711336
0.0159126,0.8711544
0.0159146,0.8711824
0.0159182,0.871208
0.0159194,0.8712302
0.0159222,0.8712474
0.0159252,0.8712662
0.0159288,0.871288
0.015929,0.871311
0.0159332,0.8713294
0.0159388,0.871352
0.0159416,0.8713714
0.0159442,0.8713898
0.0159476,0.8714156
0.01595,0.8714374
0.015953,0.8714562
0.0159562,0.8714794
0.0159612,0.8715026
0.0159646,0.871523
0.0159674,0.8715492
0.0159704,0.8715688
0.0159736,0.8715874
0.0159766,0.8716136
0.015979,0.8716362
0.015982,0.8716616
0.0159856,0.8716818
0.015988,0.8716984
0.0159926,0.8717174
0.0159954,0.8717376
0.0159996,0.871753
0.0160038,0.8717742
0.0160086,0.8717952
0.016011,0.87182
0.0160152,0.8718422
0.0160178,0.8718638
0.0160198,0.871882
0.0160228,0.8719056
0.0160242,0.8719244
0.0160276,0.8719454
0.0160296,0.8719662
0.0160354,0.8719868
0.0160388,0.8720054
0.016042,0.872022
0.0160446,0.872039
0.0160506,0.8720558
0.0160544,0.8720804
0.0160574,0.8720996
0.0160608,0.8721218
0.0160628,0.8721448
0.016065,0.8721654
0.0160692,0.8721838
0.0160708,0.8722096
0.0160746,0.8722352
0.0160764,0.8722568
0.0160792,0.8722768
0.0160818,0.872297
0.0160832,0.872313
0.0160868,0.8723386
0.0160912,0.8723584
0.0160938,0.8723754
0.0160956,0.8723932
0.0161004,0.8724154
0.0161024,0.8724344
0.016107,0.8724512
0.01611,0.872469
0.0161116,0.8724868
0.016115,0.8725096
0.0161196,0.8725296
0.0161222,0.8725498
0.0161252,0.8725708
0.0161284,0.8725906
0.0161318,0.8726128
0.016133,0.8726338
0.0161362,0.8726526
0.016141,0.8726692
0.0161434,0.8726834
0.016145,0.8727066
0.0161484,0.8727274
0.0161526,0.8727476
0.0161554,0.8727692
0.0161582,0.8727898
0.0161598,0.8728146
0.0161652,0.8728328
0.0161702,0.872849
0.016172,0.8728658
0.0161748,0.8728856
0.016181,0.872905
0.0161848,0.8729242
0.0161892,0.8729464
0.0161914,0.8729668
0.0161954,0.8729916
0.0161996,0.8730158
0.0162046,0.8730342
0.0162062,0.873057
0.0162088,0.8730754
0.0162122,0.8730972
0.016218,0.8731192
0.016221,0.8731402
0.016224,0.8731608
0.0162274,0.8731772
0.0162326,0.8732002
0.0162366,0.873217
0.0162386,0.8732332
0.0162418,0.8732552
0.0162442,0.8732744
0.0162458,0.8732994
0.0162488,0.873316
0.016254,0.8733426
0.0162572,0.873367
0.0162616,0.8733908
0.0162636,0.8734094
0.0162668,0.873433
0.016271,0.8734554
0.0162752,0.8734762
0.0162778,0.8735004
0.01628,0.8735206
0.016283,0.8735364
0.0162848,0.8735622
0.016287,0.8735834
0.0162906,0.8736064
0.0162928,0.8736304
0.0162964,0.8736514
0.0163,0.873671
0.016303,0.8736956
0.0163062,0.8737156
0.0163082,0.8737332
0.0163094,0.8737548
0.0163112,0.8737742
0.016313,0.873797
0.0163154,0.873817
0.016319,0.8738398
0.0163206,0.8738586
0.0163228,0.873877
0.0163254,0.8738926
0.0163288,0.8739136
0.0163308,0.8739346
0.0163342,0.8739576
0.0163372,0.87398
0.016341,0.8739984
0.0163446,0.8740188
0.0163464,0.8740392
0.0163526,0.8740594
0.0163578,0.8740766
0.0163602,0.8740976
0.0163604,0.8741216
0.016362,0.8741432
0.0163636,0.8741692
0.0163656,0.8741938
0.0163668,0.8742166
0.016369,0.8742392
0.0163736,0.8742622
0.016376,0.8742852
0.0163786,0.874304
0.016382,0.874323
0.0163836,0.8743406
0.0163862,0.8743556
0.0163894,0.874374
0.0163906,0.8743934
0.0163936,0.8744098
0.016399,0.8744296
0.0164022,0.8744472
0.0164052,0.8744686
0.0164092,0.8744886
0.0164144,0.8745106
0.0164188,0.874535
0.016424,0.87456
0.016426,0.8745856
0.0164292,0.8746066
0.0164332,0.8746244
0.0164378,0.8746418
0.0164404,0.8746602
0.0164436,0.8746852
0.0164474,0.8747074
0.0164514,0.8747302
0.0164546,0.8747512
0.016459,0.8747748
0.0164624,0.874792
0.0164668,0.8748112
0.0164704,0.8748358
0.016474,0.874857
0.0164788,0.8748782
0.0164812,0.8748984
0.016484,0.874919
0.0164872,0.8749412
0.0164886,0.8749602
0.016494,0.8749818
0.0164976,0.8749998
0.0165002,0.8750188
0.016503,0.8750406
0.0165058,0.8750598
0.016508,0.8750796
0.0165122,0.875105
0.0165146,0.8751214
0.0165168,0.8751434
0.0165194,0.8751604
0.0165226,0.8751802
0.016525,0.875198
0.016527,0.8752196
0.016529,0.8752466
0.0165334,0.8752698
0.0165362,0.875296
0.0165378,0.8753184
0.0165392,0.8753432
0.0165434,0.8753592
0.0165472,0.875379
0.01655,0.8753978
0.0165532,0.875414
0.0165554,0.875436
0.0165592,0.8754546
0.0165616,0.8754758
0.0165638,0.8754962
0.016567,0.8755164
0.0165702,0.8755382
0.0165722,0.875557
0.016575,0.8755818
0.0165778,0.8756058
0.0165816,0.8756274
0.0165852,0.8756434
0.016589,0.8756654
0.016591,0.8756852
0.0165936,0.875707
0.0165974,0.8757274
0.0165992,0.875746
0.0166018,0.8757688
0.0166054,0.8757912
0.016608,0.8758134
0.0166106,0.8758338
0.016613,0.8758534
0.016619,0.8758714
0.0166216,0.8758928
0.016624,0.8759098
0.0166276,0.8759288
0.0166324,0.87595
0.0166358,0.875966
0.0166404,0.8759886
0.0166418,0.8760068
0.0166456,0.8760328
0.0166496,0.8760506
0.0166514,0.8760674
0.0166538,0.8760876
0.0166564,0.8761076
0.0166614,0.8761304
0.0166642,0.8761514
0.0166688,0.8761702
0.0166742,0.8761878
0.0166766,0.8762112
0.0166806,0.8762326
0.0166838,0.87625
0.0166868,0.8762698
0.0166902,0.8762892
0.0166932,0.8763082
0.0166958,0.8763302
0.0166972,0.876357
0.0167002,0.8763776
0.0167034,0.8763978
0.0167072,0.876419
0.016711,0.876439
0.0167136,0.8764596
0.0167164,0.8764766
0.0167196,0.8764916
0.0167228,0.8765128
0.0167256,0.8765282
0.0167288,0.8765462
0.0167314,0.8765706
0.0167346,0.876591
0.0167382,0.876612
0.016741,0.8766358
0.0167436,0.87666
0.0167484,0.8766834
0.0167508,0.8767052
0.0167572,0.876732
0.0167602,0.87675
0.0167638,0.8767696
0.0167656,0.876792
0.0167684,0.8768176
0.01677,0.8768384
0.0167736,0.8768618
0.0167752,0.876887
0.0167792,0.8769082
0.0167818,0.8769238
0.016786,0.8769418
0.0167878,0.8769612
0.0167914,0.8769816
0.0167936,0.877
0.0167976,0.8770254
0.016802,0.8770476
0.016806,0.8770714
0.0168116,0.8770962
0.0168146,0.8771198
0.0168168,0.8771416
0.0168194,0.8771608
0.0168218,0.877181
0.0168246,0.8771982
0.0168274,0.8772178
0.016832,0.87724
0.0168342,0.8772636
0.0168368,0.8772786
0.0168378,0.8772946
0.0168422,0.8773144
0.016845,0.8773378
0.0168466,0.8773612
0.0168484,0.8773814
0.0168508,0.8773986
0.0168526,0.8774184
0.016855,0.8774428
0.0168568,0.8774612
0.0168588,0.8774786
0.0168614,0.8774978
0.0168638,0.877518
0.0168682,0.8775318
0.0168698,0.8775512
0.0168738,0.8775718
0.016878,0.8775936
0.0168804,0.8776124
0.0168824,0.8776336
0.016884,0.877652
0.0168868,0.8776738
0.0168926,0.8776938
0.0168958,0.8777096
0.0169,0.8777354
0.0169024,0.8777524
0.0169038,0.8777732
0.0169098,0.8777984
0.016911,0.8778198
0.0169126,0.8778412
0.016917,0.877864
0.016921,0.8778858
0.0169248,0.8779054
0.016928,0.8779232
0.0169314,0.8779424
0.0169346,0.877963
0.0169376,0.8779856
0.0169402,0.8780046
0.0169432,0.878026
0.0169466,0.8780428
0.0169488,0.8780644
0.016953,0.8780828
0.0169564,0.8780996
0.0169578,0.878126
0.0169618,0.878145
0.016965,0.8781644
0.0169692,0.8781862
0.0169722,0.8782054
0.0169744,0.8782204
0.0169768,0.8782406
0.0169796,0.8782586
0.016981,0.8782816
0.0169836,0.8782984
0.0169856,0.8783202
0.016987,0.878339
0.0169888,0.8783612
0.0169916,0.8783846
0.0169958,0.878408
0.0169984,0.8784294
0.0169998,0.878449
0.0170042,0.8784678
0.0170072,0.8784872
0.0170098,0.8785092
0.0170136,0.8785364
0.0170154,0.8785576
0.0170198,0.8785774
0.0170226,0.878596
0.0170258,0.8786198
0.0170292,0.8786406
0.017033,0.878658
0.017034,0.8786796
0.0170374,0.8787034
0.0170404,0.8787232
0.0170418,0.8787454
0.0170478,0.8787666
0.0170506,0.8787822
0.0170542,0.878803
0.0170564,0.8788234
0.0170622,0.878841
0.0170664,0.8788612
0.0170704,0.8788802
0.0170746,0.8789032
0.0170796,0.878921
0.0170842,0.8789404
0.0170872,0.8789588
0.0170894,0.8789832
0.017095,0.8790042
0.017098,0.879031
0.0171012,0.8790508
0.0171052,0.8790672
0.017108,0.87909
0.0171102,0.879108
0.0171148,0.8791272
0.0171176,0.8791458
0.0171206,0.8791644
0.0171224,0.8791804
0.0171252,0.8792024
0.0171284,0.8792176
0.0171308,0.87924
0.017134,0.879266
0.017137,0.8792834
0.0171398,0.8793096
0.0171448,0.87933
0.0171478,0.8793474
0.0171512,0.8793622
0.0171548,0.8793856
0.0171586,0.87941
0.0171624,0.8794314
0.0171652,0.8794546
0.0171692,0.879476
0.0171706,0.8794962
0.0171728,0.8795136
0.0171768,0.8795342
0.017178,0.8795548
0.017181,0.8795742
0.0171818,0.8795888
0.0171846,0.8796088
0.017187,0.8796268
0.0171904,0.8796488
0.0171938,0.879669
0.0171972,0.879687
0.0172,0.8797078
0.0172034,0.8797256
0.017207,0.879744
0.017208,0.879766
0.0172112,0.8797866
0.0172132,0.8798072
0.017219,0.879829
0.017221,0.8798508
0.0172224,0.8798728
0.017225,0.8798912
0.0172288,0.8799114
0.0172304,0.8799314
0.0172326,0.8799492
0.0172348,0.8799702
0.017238,0.879992
0.0172408,0.880012
0.017245,0.8800358
0.0172468,0.8800554
0.0172508,0.8800732
0.017252,0.8800966
0.0172562,0.880115
0.0172596,0.88014
0.0172622,0.8801612
0.017265,0.880184
0.0172684,0.8802046
0.0172744,0.8802262
0.017277,0.8802484
0.0172788,0.880263
0.0172806,0.8802806
0.0172812,0.8803012
0.017285,0.8803244
0.0172876,0.8803466
0.0172916,0.8803644
0.0172946,0.8803836
0.0172982,0.8804044
0.0173008,0.8804216
0.017305,0.880443
0.0173068,0.8804614
0.017309,0.8804836
0.0173116,0.8805056
0.017314,0.8805296
0.0173164,0.8805502
0.0173182,0.8805696
0.0173222,0.880588
0.0173254,0.880609
0.0173282,0.8806324
0.01733,0.8806548
0.0173326,0.8806754
0.0173384,0.8806984
0.017341,0.88072
0.0173436,0.8807366
0.0173496,0.88076
0.0173546,0.880779
0.0173574,0.8808006
0.0173612,0.8808218
0.0173648,0.8808462
0.0173692,0.8808632
0.0173734,0.8808804
0.0173752,0.8808998
0.0173772,0.8809152
0.0173794,0.8809312
0.017383,0.880952
0.017385,0.8809708
0.017393,0.8809962
0.017395,0.8810198
0.017396,0.8810432
0.0173992,0.8810648
0.0174034,0.8810804
0.0174058,0.881102
0.017408,0.8811238
0.0174122,0.8811464
0.017414,0.881168
0.0174196,0.8811862
0.0174226,0.8812102
0.0174272,0.881229
0.0174312,0.8812464
0.0174332,0.8812648
0.0174362,0.8812826
0.0174378,0.881304
0.0174406,0.8813252
0.0174442,0.8813454
0.0174466,0.8813638
0.0174492,0.8813854
0.0174548,0.881402
0.0174608,0.8814218
0.017464,0.8814428
0.0174682,0.881461
0.0174708,0.881483
0.0174732,0.8815032
0.0174772,0.881522
0.0174802,0.8815438
0.0174836,0.8815626
0.0174872,0.8815872
0.017489,0.8816058
0.0174918,0.8816266
0.0174944,0.8816432
0.0174982,0.8816624
0.0175012,0.8816784
0.0175034,0.8816952
0.0175052,0.8817152
0.017507,0.8817422
0.0175088,0.8817602
0.017511,0.8817802
0.0175152,0.8818002
0.0175176,0.8818266
0.0175196,0.8818468
0.0175218,0.8818698
0.017526,0.8818926
0.0175292,0.8819158
0.0175336,0.8819368
0.0175362,0.8819564
0.0175392,0.8819828
0.0175436,0.8819986
0.0175458,0.8820198
0.0175504,0.8820396
0.0175536,0.8820624
0.0175588,0.8820798
0.0175616,0.8820972
0.0175672,0.8821212
0.0175694,0.8821396
0.0175704,0.8821644
0.0175724,0.8821812
0.017574,0.8821988
0.0175768,0.8822214
0.0175804,0.8822398
0.0175826,0.8822604
0.0175858,0.8822846
0.0175892,0.882302
0.0175926,0.8823202
0.0175964,0.8823364
0.0175988,0.8823544
0.0176006,0.8823756
0.0176032,0.8823928
0.0176072,0.88241
0.0176094,0.8824328
0.0176112,0.8824502
0.017615,0.8824718
0.017617,0.882496
0.0176204,0.8825156
0.0176246,0.8825372
0.017627,0.8825568
0.0176312,0.8825754
0.0176334,0.8825978
0.017636,0.8826186
0.0176384,0.8826368
0.0176424,0.8826526
0.0176438,0.8826694
0.0176468,0.8826898
0.0176498,0.8827112
0.0176512,0.8827324
0.0176536,0.882751
0.0176564,0.8827728
0.0176588,0.8827914
0.017663,0.8828126
0.017665,0.8828346
0.0176692,0.8828562
0.0176736,0.8828748
0.0176758,0.8828978
0.0176804,0.8829168
0.0176844,0.882937
0.0176872,0.8829612
0.0176898,0.8829804
0.0176936,0.8829996
0.017697,0.8830208
0.0177024,0.8830402
0.0177052,0.8830578
0.0177074,0.8830794
0.0177106,0.8830982
0.0177142,0.8831176
0.0177152,0.8831342
0.0177172,0.8831566
0.0177204,0.883179
0.0177214,0.8831976
0.017723,0.8832202
0.017727,0.8832376
0.017729,0.8832574
0.0177334,0.8832776
0.0177362,0.8832948
0.0177402,0.8833118
0.0177412,0.8833382
0.0177452,0.8833602
0.0177498,0.883384
0.0177514,0.8834008
0.0177548,0.88342
0.0177556,0.8834362
0.0177588,0.8834558
0.0177638,0.8834716
0.0177668,0.8834832
0.0177694,0.8834992
0.0177734,0.8835206
0.0177762,0.8835418
0.0177804,0.8835618
0.017781,0.8835794
0.0177852,0.8836012
0.0177874,0.883619
0.0177916,0.8836388
0.0177928,0.8836578
0.017796,0.8836776
0.0178004,0.8837008
0.0178026,0.8837172
0.0178044,0.8837366
0.017809,0.8837556
0.0178126,0.8837752
0.0178166,0.8837908
0.0178212,0.8838096
0.0178244,0.8838342
0.0178266,0.8838512
0.0178286,0.8838704
0.0178316,0.8838872
0.0178334,0.8839088
0.017835,0.883931
0.0178386,0.8839524
0.0178416,0.8839738
0.0178452,0.8839958
0.017847,0.8840176
0.0178492,0.884039
0.0178512,0.8840582
0.0178544,0.8840788
0.0178592,0.8840976
0.0178632,0.8841124
0.0178648,0.88414
0.0178686,0.8841562
0.017871,0.8841742
0.0178738,0.8841972
0.0178762,0.8842202
0.0178812,0.8842376
0.0178866,0.8842636
0.01789,0.8842844
0.0178914,0.8843042
0.0178948,0.8843256
0.0178984,0.8843414
0.0179004,0.8843624
0.0179024,0.8843834
0.0179044,0.884403
0.0179068,0.8844238
0.0179084,0.8844386
0.017914,0.8844608
0.0179166,0.8844814
0.0179182,0.8845006
0.0179222,0.8845232
0.017927,0.8845388
0.0179296,0.8845558
0.0179324,0.8845806
0.0179362,0.8846064
0.0179392,0.8846328
0.0179422,0.8846486
0.0179446,0.8846668
0.0179468,0.8846882
0.017948,0.884714
0.0179526,0.8847344
0.0179558,0.8847544
0.0179568,0.8847736
0.0179592,0.88479
0.0179618,0.884812
0.0179648,0.8848314
0.0179684,0.8848522
0.0179716,0.8848698
0.0179752,0.8848898
0.0179798,0.8849126
0.0179844,0.8849378
0.0179882,0.8849538
0.0179906,0.884973
0.0179928,0.8849958
0.0179962,0.8850218
0.017999,0.8850468
0.0180012,0.8850648
0.0180026,0.8850868
0.0180064,0.8851076
0.0180082,0.8851312
0.0180102,0.8851546
0.0180122,0.885175
0.0180162,0.8851916
0.0180174,0.8852132
0.0180198,0.885227
0.0180208,0.8852478
0.018023,0.8852596
0.0180254,0.8852838
0.018029,0.8853032
0.0180326,0.885321
0.0180348,0.8853444
0.0180376,0.8853624
0.0180406,0.8853848
0.018044,0.8854074
0.0180498,0.8854296
0.0180528,0.8854516
0.0180568,0.8854782
0.018058,0.885498
0.0180612,0.885516
0.018065,0.8855342
0.0180658,0.8855502
0.0180708,0.8855684
0.018074,0.8855864
0.0180756,0.8856084
0.0180782,0.8856268
0.0180818,0.8856526
0.0180836,0.8856756
0.0180864,0.8856932
0.0180874,0.8857138
0.018091,0.88573
0.0180932,0.8857508
0.0180978,0.8857738
0.0180996,0.8857996
0.0181034,0.8858216
0.0181054,0.8858434
0.0181078,0.885861
0.01811,0.8858762
0.0181122,0.885894
0.0181142,0.8859174
0.0181184,0.8859448
0.0181208,0.885962
0.0181236,0.8859848
0.0181254,0.8860058
0.0181286,0.8860282
0.01813,0.8860452
0.018133,0.8860646
0.0181356,0.8860866
0.018139,0.8861082
0.0181422,0.8861254
0.018145,0.886148
0.0181482,0.8861662
0.018151,0.8861876
0.018153,0.8862002
0.0181548,0.8862196
0.0181584,0.8862368
0.018161,0.8862522
0.0181638,0.8862714
0.0181674,0.8862862
0.0181698,0.8863088
0.0181726,0.8863244
0.018176,0.8863452
0.0181786,0.8863632
0.01818,0.8863784
0.0181848,0.8864024
0.0181874,0.8864214
0.0181918,0.886446
0.0181948,0.8864616
0.0181972,0.8864828
0.0182016,0.8865054
0.018203,0.8865204
0.0182048,0.8865416
0.0182076,0.8865646
0.018211,0.8865814
0.0182126,0.8866004
0.018216,0.8866254
0.0182194,0.8866438
0.0182216,0.8866652
0.0182254,0.8866892
0.0182274,0.886708
0.01823,0.8867274
0.018234,0.8867484
0.0182374,0.886769
0.0182402,0.8867912
0.018245,0.8868074
0.0182476,0.8868312
0.0182488,0.8868496
0.0182548,0.8868686
0.0182592,0.8868846
0.0182644,0.8869032
0.0182672,0.8869172
0.018269,0.8869352
0.0182726,0.8869556
0.0182766,0.8869748
0.0182794,0.886999
0.0182822,0.8870226
0.0182842,0.8870406
0.018286,0.887063
0.0182888,0.8870846
0.018294,0.8871022
0.0182988,0.8871196
0.018301,0.8871364
0.0183046,0.8871592
0.0183068,0.8871804
0.0183094,0.8872036
0.0183112,0.8872228
0.018314,0.8872482
0.0183158,0.8872726
0.0183178,0.8872922
0.0183204,0.8873128
0.018323,0.8873338
0.0183254,0.8873532
0.0183284,0.8873776
0.0183334,0.8873972
0.0183358,0.8874224
0.0183374,0.8874412
0.0183396,0.8874622
0.0183422,0.8874886
0.0183464,0.887506
0.0183484,0.8875272
0.0183504,0.8875528
0.0183536,0.8875728
0.0183548,0.8875952
0.0183586,0.8876156
0.0183612,0.8876414
0.0183636,0.8876622
0.018368,0.8876822
0.0183708,0.8877026
0.018374,0.8877268
0.0183776,0.8877512
0.0183802,0.8877742
0.0183828,0.8877944
0.0183884,0.8878184
0.0183928,0.887832
0.0183956,0.8878482
0.0183974,0.8878714
0.0184006,0.88789
0.0184038,0.8879062
0.0184062,0.8879254
0.0184092,0.8879498
0.0184128,0.8879674
0.0184176,0.8879868
0.01842,0.8880048
0.0184218,0.888021
0.0184252,0.8880428
0.0184282,0.888061
0.018431,0.8880828
0.0184328,0.8881076
0.0184364,0.8881272
0.0184386,0.8881472
0.0184422,0.8881656
0.0184436,0.8881868
0.0184472,0.888209
0.0184512,0.8882292
0.018454,0.8882462
0.0184568,0.8882642
0.018459,0.8882818
0.0184602,0.8883032
0.0184632,0.8883288
0.0184662,0.8883516
0.018471,0.8883742
0.0184736,0.888393
0.0184772,0.8884082
0.0184822,0.8884238
0.0184862,0.8884452
0.0184894,0.8884666
0.0184938,0.8884876
0.0184956,0.8885092
0.0184976,0.8885278
0.0184996,0.8885446
0.018503,0.8885622
0.0185064,0.8885822
0.0185122,0.8886012
0.0185134,0.8886208
0.018515,0.8886396
0.0185184,0.8886582
0.018521,0.888674
0.0185242,0.8886918
0.0185252,0.888716
0.0185264,0.8887368
0.0185278,0.8887552
0.0185302,0.8887758
0.0185338,0.8887962
0.018538,0.888814
0.01854,0.8888342
0.0185422,0.888851
0.0185468,0.8888706
0.0185508,0.8888854
0.0185536,0.8889046
0.0185574,0.8889236
0.0185594,0.8889444
0.0185634,0.8889602
0.018565,0.8889754
0.0185692,0.8889948
0.018572,0.8890128
0.0185752,0.8890326
0.0185758,0.8890548
0.0185794,0.889071
0.0185832,0.8890884
0.018588,0.8891048
0.0185902,0.8891226
0.0185928,0.8891386
0.0185988,0.8891596
0.0186046,0.8891812
0.0186054,0.8892006
0.0186074,0.889225
0.0186076,0.8892408
0.0186102,0.8892616
0.0186148,0.889282
0.0186208,0.8893024
0.0186238,0.8893232
0.0186268,0.8893402
0.0186294,0.8893568
0.0186314,0.889376
0.018634,0.8893956
0.0186358,0.8894134
0.0186412,0.8894334
0.0186446,0.8894548
0.018647,0.8894758
0.018652,0.8894944
0.0186532,0.889513
0.0186572,0.8895376
0.0186618,0.889562
0.018664,0.8895856
0.0186668,0.8896034
0.0186688,0.8896194
0.0186698,0.8896396
0.0186728,0.8896614
0.018675,0.8896776
0.018678,0.889698
0.0186806,0.8897248
0.0186836,0.889742
0.0186874,0.8897612
0.0186882,0.8897838
0.0186902,0.8898036
0.0186936,0.8898212
0.0186968,0.8898404
0.0186982,0.889857
0.0187012,0.8898748
0.0187024,0.8898914
0.0187054,0.8899112
0.018708,0.88993
0.0187114,0.8899504
0.0187138,0.88997
0.018717,0.8899912
0.0187184,0.890011
0.0187212,0.890031
0.0187238,0.8900526
0.0187286,0.8900732
0.018731,0.8900946
0.0187348,0.890114
0.0187396,0.8901328
0.018743,0.8901512
0.0187456,0.8901714
0.0187474,0.8901908
0.018753,0.8902074
0.0187544,0.8902282
0.0187574,0.8902468
0.01876,0.8902658
0.0187632,0.8902874
0.0187666,0.8903048
0.0187694,0.8903304
0.0187722,0.8903468
0.0187776,0.8903702
0.0187806,0.8903882
0.0187832,0.8904058
0.0187872,0.890428
0.0187904,0.89045
0.0187936,0.890469
0.0187972,0.8904864
0.0188002,0.8905076
0.0188034,0.8905208
0.0188054,0.8905338
0.0188102,0.8905532
0.0188128,0.8905752
0.0188148,0.8905934
0.0188174,0.8906132
0.0188202,0.8906292
0.018824,0.890644
0.0188262,0.8906578
0.0188272,0.8906788
0.0188302,0.8906994
0.018834,0.8907258
0.0188358,0.8907452
0.018839,0.8907654
0.0188422,0.8907898
0.018846,0.8908092
0.018849,0.890828
0.018853,0.890845
0.018856,0.8908646
0.0188582,0.8908818
0.0188614,0.8909022
0.0188648,0.8909174
0.0188662,0.8909364
0.018869,0.8909544
0.0188708,0.8909732
0.0188716,0.8909944
0.0188744,0.8910128
0.0188798,0.8910296
0.0188832,0.89105
0.0188864,0.8910742
0.01889,0.8910894
0.0188908,0.891109
0.018893,0.8911254
0.0188962,0.8911488
0.0188998,0.8911666
0.0189046,0.8911836
0.0189072,0.8911996
0.0189096,0.8912222
0.0189134,0.8912396
0.018915,0.8912592
0.0189206,0.8912798
0.0189226,0.891307
0.0189256,0.8913258
0.0189286,0.891345
0.0189312,0.8913628
0.018935,0.891379
0.0189378,0.8914014
0.0189398,0.8914188
0.018943,0.8914436
0.018946,0.8914652
0.01895,0.8914816
0.0189532,0.8915008
0.0189554,0.8915222
0.0189578,0.8915404
0.0189614,0.891562
0.0189626,0.8915832
0.018967,0.8915998
0.0189702,0.89162
0.0189726,0.8916452
0.0189768,0.8916614
0.0189812,0.8916778
0.0189862,0.8916984
0.0189884,0.8917182
0.0189916,0.8917352
0.0189964,0.891756
0.0189982,0.8917736
0.0190002,0.8917942
0.019003,0.8918116
0.019007,0.8918292
0.0190092,0.891851
0.019012,0.8918718
0.0190164,0.8918944
0.019019,0.8919124
0.0190234,0.8919354
0.019026,0.891955
0.0190282,0.8919796
0.0190332,0.8920012
0.0190374,0.8920286
0.0190408,0.8920484
0.0190442,0.8920628
0.0190464,0.8920838
0.019051,0.8921026
0.0190538,0.8921202
0.0190558,0.8921382
0.0190582,0.8921538
0.0190594,0.8921718
0.019061,0.8921934
0.0190634,0.8922194
0.0190648,0.892238
0.019068,0.8922584
0.0190714,0.8922778
0.0190722,0.8922976
0.0190738,0.8923174
0.019078,0.8923352
0.0190804,0.8923572
0.0190832,0.8923714
0.0190856,0.8923952
0.0190898,0.8924174
0.0190942,0.8924328
0.0190956,0.8924514
0.0190996,0.8924722
0.0191034,0.8924878
0.0191066,0.8925084
0.0191102,0.892526
0.0191152,0.8925478
0.019116,0.8925702
0.0191188,0.8925886
0.019122,0.8926116
0.0191232,0.8926336
0.019127,0.8926502
0.0191298,0.8926692
0.0191324,0.8926882
0.0191366,0.8927088
0.0191378,0.8927294
0.0191406,0.8927488
0.019142,0.8927712
0.0191448,0.892789
0.0191472,0.8928102
0.0191506,0.8928244
0.0191534,0.8928406
0.0191574,0.8928584
0.01916,0.892877
0.0191624,0.892896
0.0191644,0.8929172
0.0191666,0.8929338
0.0191692,0.8929584
0.019172,0.8929788
0.0191732,0.892998
0.0191754,0.8930156
0.0191788,0.8930336
0.0191816,0.8930548
0.0191862,0.8930774
0.0191888,0.8930954
0.019191,0.8931102
0.0191922,0.8931288
0.0191948,0.8931478
0.0191978,0.8931656
0.0192006,0.8931812
0.0192028,0.8931998
0.0192054,0.8932212
0.0192076,0.8932404
0.01921,0.8932606
0.0192126,0.8932784
0.0192176,0.893298
0.0192208,0.8933162
0.0192244,0.8933368
0.0192266,0.8933552
0.0192302,0.8933776
0.019233,0.8933992
0.0192364,0.8934156
0.019241,0.8934356
0.0192434,0.8934604
0.0192476,0.8934768
0.0192498,0.8934958
0.0192516,0.8935154
0.0192542,0.8935372
0.0192594,0.8935556
0.019262,0.8935786
0.019264,0.8936006
0.0192672,0.8936192
0.019268,0.8936364
0.0192716,0.8936578
0.0192744,0.8936798
0.019278,0.8936982
0.0192798,0.8937154
0.0192812,0.8937382
0.019283,0.8937524
0.0192866,0.8937746
0.0192894,0.8937958
0.0192908,0.8938152
0.0192954,0.8938346
0.0192984,0.893855
0.0193014,0.8938708
0.0193042,0.8938968
0.019306,0.893917
0.0193076,0.8939338
0.01931,0.893956
0.0193116,0.8939726
0.019314,0.8939936
0.0193182,0.8940104
0.0193238,0.8940282
0.019325,0.8940442
0.0193264,0.8940634
0.0193294,0.8940816
0.0193352,0.8940976
0.0193398,0.894118
0.0193422,0.8941346
0.0193442,0.894156
0.019347,0.894174
0.0193482,0.8941948
0.019351,0.8942168
0.0193542,0.8942368
0.0193562,0.8942578
0.0193606,0.89428
0.019363,0.8943
0.0193648,0.8943206
0.0193666,0.8943424
0.0193686,0.894365
0.0193716,0.8943808
0.019376,0.8943968
0.0193782,0.894416
0.0193798,0.8944414
0.0193824,0.8944666
0.0193844,0.894487
0.0193874,0.8945062
0.0193906,0.894526
0.0193944,0.8945492
0.0193958,0.8945698
0.0193996,0.8945876
0.0194004,0.8946122
0.0194046,0.8946308
0.0194068,0.8946484
0.0194098,0.8946654
0.0194112,0.8946942
0.0194128,0.8947124
0.0194152,0.8947368
0.0194184,0.8947554
0.0194204,0.8947698
0.019423,0.8947898
0.0194286,0.8948094
0.0194324,0.8948328
0.0194326,0.8948552
0.0194358,0.8948756
0.0194394,0.8948936
0.0194418,0.8949148
0.0194436,0.894935
0.0194464,0.89496
0.0194484,0.89498
0.0194516,0.8950002
0.0194556,0.8950218
0.0194568,0.8950412
0.0194596,0.8950588
0.019463,0.8950786
0.019465,0.895102
0.0194686,0.8951242
0.019472,0.8951444
0.0194756,0.8951662
0.019476,0.8951862
0.0194772,0.8952042
0.01948,0.8952236
0.0194822,0.895247
0.019485,0.895266
0.0194884,0.8952814
0.0194934,0.8952972
0.0194966,0.8953184
0.0195,0.895335
0.0195034,0.8953612
0.0195066,0.8953802
0.0195092,0.8954
0.0195134,0.8954242
0.019518,0.8954444
0.0195204,0.8954594
0.019526,0.895481
0.0195284,0.8954996
0.0195322,0.8955232
0.0195344,0.8955374
0.0195372,0.8955554
0.0195404,0.8955736
0.0195422,0.8955908
0.0195464,0.8956076
0.01955,0.8956284
0.0195532,0.895651
0.0195574,0.8956714
0.0195618,0.8956954
0.0195654,0.8957126
0.0195672,0.8957328
0.0195698,0.8957544
0.0195724,0.8957762
0.0195768,0.8957892
0.0195786,0.8958172
0.0195814,0.8958342
0.0195842,0.8958532
0.0195874,0.8958754
0.0195922,0.8958948
0.019594,0.895917
0.0195976,0.8959388
0.0196022,0.8959564
0.0196052,0.8959762
0.0196076,0.8960002
0.0196116,0.8960202
0.0196148,0.8960408
0.0196162,0.896062
0.0196206,0.8960834
0.0196238,0.8961046
0.0196254,0.8961234
0.0196276,0.8961434
0.019631,0.8961606
0.0196318,0.8961776
0.0196346,0.8961968
0.0196398,0.896216
0.0196442,0.8962292
0.019647,0.8962514
0.019649,0.896271
0.019652,0.8962924
0.0196534,0.896313
0.0196552,0.896331
0.019657,0.896355
0.0196602,0.8963744
0.0196628,0.8963946
0.0196668,0.8964094
0.01967,0.8964268
0.0196708,0.896441
0.0196722,0.8964628
0.019674,0.896485
0.0196764,0.8965042
0.0196794,0.8965212
0.0196822,0.8965384
0.0196846,0.8965566
0.0196878,0.896574
0.0196908,0.896593
0.0196946,0.8966152
0.0196978,0.8966334
0.0197022,0.8966514
0.0197066,0.8966692
0.0197102,0.8966904
0.0197136,0.8967128
0.0197168,0.8967298
0.0197218,0.8967516
0.0197254,0.8967716
0.0197278,0.896786
0.0197292,0.8968064
0.0197328,0.8968244
0.0197362,0.8968436
0.0197392,0.8968576
0.0197428,0.8968786
0.0197446,0.8968912
0.019747,0.8969124
0.0197482,0.8969358
0.019751,0.8969542
0.0197528,0.89697
0.0197556,0.8969884
0.019758,0.8970066
0.0197614,0.8970282
0.0197636,0.8970462
0.0197656,0.8970636
0.0197682,0.8970812
0.019771,0.8970982
0.019773,0.8971192
0.0197754,0.8971394
0.0197778,0.89716
0.0197788,0.897177
0.0197806,0.8971978
0.0197834,0.8972184
0.019786,0.897237
0.0197888,0.8972574
0.0197914,0.8972804
0.0197936,0.8973012
0.0197974,0.8973174
0.0198012,0.8973342
0.019803,0.8973548
0.0198056,0.8973796
0.0198096,0.8973982
0.0198116,0.8974192
0.0198146,0.8974338
0.0198162,0.8974576
0.019819,0.8974756
0.0198204,0.8974982
0.0198228,0.8975178
0.0198268,0.8975336
0.0198298,0.897552
0.019832,0.8975706
0.0198346,0.897588
0.019837,0.8976084
0.019839,0.8976264
0.0198406,0.8976488
0.0198438,0.8976706
0.0198456,0.8976908
0.0198492,0.8977092
0.0198512,0.8977278
0.019852,0.8977462
0.019855,0.897765
0.0198584,0.8977812
0.0198616,0.8978034
0.0198634,0.8978212
0.0198694,0.897842
0.0198722,0.8978568
0.019875,0.897877
0.0198772,0.8978916
0.0198792,0.8979088
0.0198812,0.8979284
0.0198838,0.8979492
0.0198872,0.8979692
0.0198896,0.8979902
0.0198918,0.898011
0.0198936,0.8980316
0.0198944,0.8980546
0.019896,0.8980806
0.0199004,0.8981042
0.019903,0.8981234
0.0199052,0.8981428
0.0199096,0.8981662
0.0199116,0.8981874
0.0199134,0.8982052
0.0199174,0.8982202
0.0199214,0.8982412
0.0199234,0.898258
0.0199252,0.8982792
0.0199278,0.8982964
0.0199314,0.8983184
0.019934,0.8983386
0.0199368,0.8983578
0.01994,0.8983778
0.0199438,0.8983986
0.019945,0.898416
0.0199464,0.898432
0.0199482,0.8984506
0.0199504,0.8984666
0.0199528,0.8984866
0.019956,0.8985046
0.019958,0.8985236
0.019962,0.8985464
0.0199658,0.8985706
0.019969,0.8985908
0.0199734,0.8986144
0.0199758,0.8986364
0.0199784,0.8986638
0.0199828,0.898681
0.0199874,0.8987048
0.0199912,0.89872
0.019993,0.8987372
0.0199948,0.8987536
0.0199994,0.898772
0.02,0.8987934
0.0200018,0.8988114
0.0200036,0.8988298
0.0200066,0.898849
0.0200116,0.8988666
0.0200128,0.8988844
0.0200156,0.898902
0.0200172,0.8989226
0.0200192,0.8989454
0.0200224,0.8989644
0.0200248,0.8989808
0.020027,0.8990006
0.0200296,0.8990266
0.0200316,0.899047
0.020033,0.8990652
0.0200368,0.8990914
0.0200406,0.8991096
0.0200418,0.8991318
0.0200468,0.899152
0.0200494,0.8991724
0.0200506,0.89919
0.0200528,0.8992086
0.0200554,0.8992268
0.0200572,0.8992482
0.0200602,0.8992708
0.0200632,0.8992872
0.0200662,0.8993084
0.02007,0.8993246
0.020072,0.8993438
0.0200734,0.899363
0.0200752,0.8993836
0.020077,0.899404
0.0200806,0.8994194
0.0200836,0.899442
0.0200866,0.8994598
0.0200886,0.8994808
0.0200928,0.8994982
0.0200972,0.899519
0.0200992,0.8995406
0.0201016,0.899557
0.0201062,0.8995724
0.0201092,0.8995972
0.0201102,0.8996156
0.0201126,0.8996386
0.0201152,0.8996566
0.0201186,0.8996742
0.0201224,0.8996992
0.0201272,0.8997188
0.0201296,0.8997382
0.020132,0.899754
0.020134,0.8997712
0.0201372,0.8997864
0.020142,0.8998096
0.0201434,0.899831
0.020148,0.899849
0.0201506,0.8998722
0.020154,0.899892
0.020158,0.8999144
0.0201612,0.8999318
0.020167,0.8999552
0.020171,0.8999736
0.0201746,0.899996
0.0201774,0.9000124
0.0201804,0.900034
0.020183,0.9000542
0.020184,0.9000762
0.020185,0.9000968
0.0201878,0.9001166
0.0201892,0.9001376
0.020191,0.9001568
0.0201948,0.9001728
0.020198,0.900194
0.0202002,0.9002136
0.0202036,0.9002326
0.0202092,0.9002538
0.020212,0.9002698
0.020214,0.9002934
0.0202184,0.900311
0.0202214,0.9003282
0.020224,0.9003464
0.0202258,0.9003656
0.0202288,0.9003906
0.0202316,0.9004104
0.0202342,0.9004338
0.0202352,0.9004564
0.0202372,0.9004796
0.0202398,0.9005004
0.0202432,0.90052
0.0202442,0.9005342
0.0202474,0.9005564
0.0202504,0.9005738
0.0202524,0.9005898
0.0202546,0.9006044
0.020258,0.9006224
0.0202594,0.9006404
0.0202628,0.900662
0.0202648,0.9006846
0.0202656,0.9007028
0.0202672,0.9007196
0.0202716,0.9007366
0.0202742,0.9007582
0.0202756,0.9007782
0.0202788,0.9007982
0.020281,0.9008204
0.020284,0.9008434
0.0202868,0.9008638
0.0202894,0.900883
0.020294,0.9009022
0.020297,0.9009192
0.0202996,0.9009384
0.0203022,0.9009556
0.0203066,0.9009706
0.020308,0.9009876
0.020311,0.9010028
0.0203148,0.9010238
0.0203204,0.9010384
0.0203222,0.9010588
0.0203246,0.9010804
0.0203272,0.901099
0.0203296,0.9011154
0.0203314,0.9011356
0.0203344,0.9011562
0.0203372,0.901174
0.0203396,0.9011998
0.0203422,0.901219
0.0203432,0.9012394
0.0203464,0.9012602
0.0203508,0.9012774
0.0203546,0.9012992
0.0203562,0.901314
0.0203576,0.90134
0.020361,0.9013608
0.0203628,0.901385
0.020365,0.9014054
0.0203672,0.9014222
0.0203684,0.9014372
0.0203694,0.901458
0.0203716,0.9014746
0.020374,0.9014942
0.020376,0.9015142
0.0203788,0.9015336
0.0203834,0.9015538
0.0203864,0.9015726
0.0203892,0.901591
0.020393,0.9016078
0.0203962,0.901625
0.0203992,0.9016452
0.0204018,0.901664
0.0204052,0.9016822
0.0204076,0.9017026
0.0204106,0.9017192
0.0204126,0.9017364
0.0204164,0.9017566
0.0204198,0.9017768
0.0204214,0.9017978
0.0204242,0.901818
0.0204254,0.9018348
0.0204286,0.9018548
0.0204322,0.9018732
0.0204346,0.9018964
0.0204378,0.9019118
0.0204402,0.9019292
0.0204442,0.9019516
0.0204466,0.901967
0.0204486,0.9019884
0.0204506,0.902007
0.0204558,0.902024
0.0204604,0.9020466
0.0204626,0.9020656
0.020466,0.9020818
0.0204668,0.9020984
0.0204708,0.9021134
0.0204728,0.9021378
0.0204752,0.902158
0.0204766,0.9021768
0.0204776,0.9021978
0.0204786,0.902219
0.020481,0.9022384
0.0204844,0.9022604
0.0204862,0.9022758
0.020488,0.9022954
0.02049,0.9023178
0.020492,0.902342
0.0204958,0.9023616
0.0204994,0.9023786
0.0205016,0.9023966
0.020504,0.902413
0.0205078,0.9024312
0.0205096,0.902453
0.0205124,0.9024728
0.0205142,0.9024932
0.0205184,0.90251
0.0205212,0.9025314
0.0205242,0.9025444
0.0205266,0.9025624
0.0205298,0.9025826
0.0205332,0.9026018
0.0205358,0.9026162
0.020538,0.902637
0.0205404,0.9026518
0.0205418,0.9026754
0.0205436,0.902695
0.0205442,0.9027174
0.0205464,0.9027376
0.0205492,0.9027516
0.0205524,0.9027702
0.020555,0.9027892
0.0205572,0.9028076
0.0205586,0.9028244
0.0205612,0.9028446
0.0205632,0.9028666
0.0205646,0.9028894
0.0205678,0.9029106
0.020569,0.902932
0.0205722,0.9029534
0.0205752,0.9029712
0.0205772,0.902995
0.0205804,0.903017
0.020584,0.9030344
0.020586,0.9030506
0.0205894,0.9030688
0.0205916,0.9030882
0.0205932,0.9031084
0.020596,0.9031272
0.020598,0.9031434
0.0206008,0.9031642
0.0206038,0.9031824
0.0206076,0.903202
0.0206102,0.9032176
0.0206126,0.9032352
0.0206138,0.9032504
0.0206162,0.9032688
0.0206178,0.9032848
0.0206208,0.9033024
0.020624,0.9033266
0.0206274,0.903341
0.0206308,0.9033608
0.0206332,0.9033798
0.0206346,0.9033984
0.0206378,0.9034134
0.0206392,0.9034296
0.0206426,0.903447
0.0206454,0.90346
0.0206488,0.9034792
0.0206524,0.9034938
0.020656,0.9035114
0.0206604,0.9035274
0.0206646,0.9035472
0.020667,0.9035638
0.0206706,0.9035858
0.0206732,0.903609
0.0206752,0.9036286
0.0206766,0.9036528
0.0206814,0.9036678
0.0206844,0.9036862
0.0206858,0.9037074
0.0206888,0.9037262
0.0206908,0.9037428
0.0206958,0.9037632
0.0206986,0.9037752
0.0207016,0.9037912
0.020704,0.9038154
0.0207078,0.9038306
0.0207098,0.9038502
0.020712,0.9038694
0.0207156,0.9038864
0.0207174,0.9039048
0.0207204,0.9039206
0.020724,0.9039392
0.020726,0.9039606
0.0207292,0.9039802
0.020731,0.9039974
0.0207338,0.9040122
0.0207352,0.9040312
0.0207378,0.904049
0.0207408,0.9040668
0.0207442,0.9040802
0.0207472,0.9040932
0.02075,0.904114
0.020752,0.9041344
0.0207538,0.9041574
0.0207572,0.9041746
0.0207594,0.9041958
0.0207642,0.9042184
0.0207654,0.9042394
0.0207698,0.904263
0.020773,0.904289
0.0207754,0.9043052
0.0207766,0.9043296
0.0207808,0.9043554
0.0207828,0.9043828
0.0207844,0.9043968
0.020787,0.904416
0.02079,0.9044398
0.0207924,0.904457
0.0207942,0.9044788
0.0207972,0.9044918
0.0208002,0.9045062
0.020804,0.904525
0.020807,0.9045422
0.0208102,0.9045608
0.020813,0.9045802
0.0208156,0.9046038
0.020817,0.9046286
0.0208214,0.904642
0.0208236,0.904656
0.0208258,0.904677
0.0208298,0.9046906
0.0208348,0.904709
0.0208376,0.9047274
0.0208422,0.9047466
0.0208458,0.9047632
0.020847,0.9047776
0.0208504,0.904796
0.0208528,0.9048172
0.0208566,0.9048302
0.0208612,0.9048506
0.0208636,0.9048674
0.0208662,0.9048872
0.0208706,0.9049068
0.020872,0.9049272
0.020875,0.904949
0.020877,0.904969
0.0208794,0.9049902
0.0208818,0.905012
0.0208834,0.905033
0.0208868,0.9050526
0.0208916,0.9050738
0.0208934,0.9050958
0.0208964,0.9051124
0.020899,0.905132
0.020902,0.9051476
0.0209058,0.9051704
0.0209092,0.9051882
0.0209126,0.9052044
0.0209144,0.9052202
0.0209188,0.9052376
0.0209222,0.905255
0.0209252,0.9052686
0.0209282,0.9052832
0.0209322,0.905305
0.0209354,0.9053242
0.0209392,0.905346
0.0209422,0.9053654
0.0209454,0.9053826
0.0209472,0.9054016
0.0209512,0.9054222
0.0209532,0.9054388
0.0209554,0.90546
0.020958,0.9054778
0.0209604,0.9054948
0.0209638,0.9055086
0.0209656,0.905527
0.020968,0.905549
0.0209706,0.9055684
0.0209732,0.90559
0.0209758,0.90561
0.0209782,0.9056254
0.0209806,0.9056468
0.020983,0.9056656
0.0209854,0.905683
0.020988,0.9057042
0.0209902,0.9057284
0.0209918,0.905752
0.0209944,0.9057716
0.0209962,0.9057894
0.0209986,0.9058118
0.021003,0.9058294
0.021007,0.9058478
0.0210104,0.9058646
0.021013,0.905886
0.0210158,0.905905
0.0210178,0.905927
0.0210196,0.9059432
0.0210226,0.9059672
0.021027,0.9059818
0.0210282,0.9059964
0.0210294,0.9060114
0.021034,0.9060274
0.0210366,0.9060428
0.0210404,0.9060642
0.0210422,0.9060856
0.0210438,0.9061046
0.0210462,0.9061244
0.0210496,0.9061416
0.0210516,0.9061588
0.0210546,0.9061748
0.0210574,0.906194
0.0210628,0.9062144
0.0210648,0.9062324
0.0210692,0.9062504
0.0210704,0.9062694
0.0210732,0.9062916
0.021076,0.9063152
0.0210798,0.9063374
0.021084,0.9063616
0.0210872,0.9063808
0.021089,0.9064036
0.0210966,0.9064254
0.0210992,0.9064444
0.0211008,0.9064652
0.0211026,0.9064846
0.0211048,0.906506
0.0211082,0.9065256
0.021111,0.906543
0.0211142,0.9065616
0.0211178,0.9065856
0.0211196,0.9066042
0.0211256,0.9066254
0.0211284,0.9066382
0.021135,0.906656
0.0211368,0.9066752
0.0211394,0.9066972
0.0211436,0.9067154
0.021148,0.9067358
0.0211522,0.9067526
0.0211562,0.9067738
0.0211584,0.906794
0.0211614,0.9068138
0.0211654,0.9068292
0.021166,0.9068464
0.021172,0.9068622
0.0211756,0.9068826
0.0211788,0.9069034
0.0211824,0.9069282
0.0211838,0.9069526
0.0211864,0.9069674
0.021188,0.9069866
0.0211902,0.9070022
0.0211952,0.9070198
0.0211962,0.9070376
0.0212004,0.907061
0.0212014,0.907079
0.0212054,0.907097
0.021208,0.9071154
0.0212104,0.907135
0.0212134,0.907156
0.0212158,0.9071748
0.0212192,0.9071928
0.0212246,0.907214
0.0212276,0.907228
0.0212292,0.9072438
0.0212342,0.9072566
0.0212382,0.907273
0.0212404,0.9072846
0.0212442,0.9073052
0.021247,0.907318
0.0212496,0.9073352
0.0212522,0.9073524
0.0212546,0.9073672
0.0212558,0.9073836
0.0212582,0.9074006
0.021261,0.9074158
0.0212632,0.907434
0.0212652,0.9074492
0.0212676,0.9074692
0.021271,0.9074868
0.021275,0.9075086
0.021279,0.9075276
0.0212818,0.907548
0.021283,0.9075718
0.0212854,0.9075898
0.0212872,0.907612
0.021291,0.9076318
0.0212926,0.9076514
0.0212972,0.907671
0.0213028,0.907692
0.0213046,0.9077098
0.021307,0.9077298
0.0213112,0.9077476
0.0213148,0.9077664
0.0213176,0.9077882
0.0213212,0.9078036
0.0213224,0.9078228
0.0213288,0.9078412
0.021332,0.9078602
0.021334,0.9078728
0.0213368,0.9078914
0.0213396,0.9079084
0.021342,0.9079312
0.0213452,0.9079502
0.0213478,0.90797
0.0213504,0.9079848
0.021355,0.908002
0.0213582,0.9080174
0.0213612,0.9080358
0.0213636,0.9080518
0.0213648,0.9080726
0.0213682,0.9080916
0.0213706,0.908113
0.021373,0.908136
0.0213748,0.9081534
0.0213774,0.9081726
0.0213802,0.9081902
0.0213836,0.9082134
0.0213862,0.9082278
0.021388,0.9082498
0.0213908,0.9082686
0.0213944,0.9082856
0.0213976,0.9083028
0.0214014,0.9083234
0.0214038,0.9083404
0.0214048,0.9083624
0.0214084,0.908379
0.021411,0.908393
0.0214138,0.908416
0.0214162,0.9084352
0.0214186,0.9084516
0.0214208,0.9084712
0.0214242,0.9084912
0.0214262,0.9085066
0.0214306,0.9085258
0.0214342,0.908549
0.0214388,0.908569
0.0214434,0.9085872
0.0214468,0.9086046
0.021449,0.9086168
0.0214516,0.9086338
0.0214546,0.9086492
0.0214578,0.9086694
0.0214588,0.9086872
0.021461,0.908711
0.021463,0.9087262
0.0214658,0.9087484
0.0214688,0.9087676
0.0214706,0.9087834
0.0214734,0.9088012
0.0214758,0.9088216
0.0214778,0.9088366
0.0214794,0.9088552
0.0214816,0.9088698
0.0214866,0.9088882
0.0214892,0.9089048
0.0214922,0.9089204
0.0214956,0.908939
0.0214988,0.9089594
0.021503,0.90898
0.0215052,0.9089934
0.0215076,0.9090138
0.0215102,0.909036
0.0215116,0.9090534
0.0215146,0.9090664
0.0215164,0.9090852
0.0215176,0.909101
0.0215192,0.9091228
0.0215214,0.9091444
0.0215242,0.9091608
0.021527,0.9091802
0.021531,0.909193
0.0215356,0.9092156
0.02154,0.9092356
0.0215434,0.9092528
0.0215472,0.9092708
0.0215504,0.9092874
0.0215542,0.909305
0.0215574,0.909329
0.0215596,0.909344
0.021562,0.9093608
0.0215662,0.909376
0.0215684,0.9093946
0.0215704,0.909413
0.0215736,0.9094352
0.0215766,0.909453
0.021581,0.909472
0.0215838,0.909491
0.0215852,0.9095092
0.0215866,0.9095248
0.0215874,0.9095434
0.0215884,0.9095628
0.0215922,0.9095842
0.0215958,0.9096018
0.0215974,0.9096204
0.021602,0.9096402
0.0216048,0.909661
0.0216064,0.9096788
0.0216098,0.9096948
0.0216134,0.9097156
0.0216152,0.9097342
0.0216182,0.9097518
0.0216204,0.9097662
0.021623,0.9097894
0.0216242,0.909809
0.0216278,0.909833
0.0216292,0.9098524
0.0216314,0.9098694
0.0216352,0.9098856
0.0216376,0.9099014
0.0216406,0.9099204
0.0216426,0.9099408
0.0216466,0.9099578
0.0216482,0.9099762
0.021652,0.9099964
0.0216546,0.9100172
0.021656,0.9100328
0.021658,0.9100518
0.0216596,0.9100658
0.021664,0.9100804
0.0216664,0.9101012
0.0216684,0.9101202
0.02167,0.910141
0.0216734,0.9101578
0.021677,0.9101782
0.0216784,0.9101958
0.0216806,0.9102116
0.0216824,0.9102328
0.0216856,0.9102474
0.0216886,0.9102682
0.0216916,0.9102856
0.021695,0.9103048
0.0216972,0.9103236
0.0216992,0.9103426
0.0217016,0.910359
0.0217046,0.9103776
0.0217068,0.9103956
0.0217092,0.910413
0.0217102,0.9104324
0.0217136,0.910451
0.0217142,0.9104686
0.0217176,0.9104866
0.0217202,0.9105056
0.0217226,0.9105272
0.0217254,0.910547
0.0217298,0.9105636
0.0217312,0.9105838
0.021733,0.9105988
0.0217346,0.9106202
0.0217376,0.9106406
0.0217396,0.9106626
0.0217422,0.9106774
0.0217434,0.9106916
0.0217448,0.9107104
0.021748,0.9107284
0.0217504,0.910744
0.0217528,0.9107616
0.0217548,0.9107778
0.0217584,0.9107954
0.021761,0.91081
0.021763,0.9108298
0.0217666,0.9108468
0.0217688,0.9108644
0.021771,0.9108804
0.0217728,0.910901
0.0217732,0.9109232
0.0217742,0.9109452
0.0217774,0.9109666
0.0217792,0.910984
0.0217832,0.9109984
0.0217862,0.9110154
0.02179,0.911032
0.0217924,0.9110474
0.0217942,0.9110642
0.0217972,0.9110862
0.0218008,0.9111026
0.0218048,0.9111206
0.0218094,0.9111378
0.0218116,0.9111568
0.0218144,0.9111762
0.0218166,0.9111926
0.0218204,0.9112154
0.0218228,0.9112316
0.0218248,0.9112474
0.0218308,0.9112674
0.0218346,0.9112808
0.0218372,0.911297
0.02184,0.9113136
0.021842,0.9113308
0.0218448,0.91135
0.0218484,0.911367
0.0218502,0.9113882
0.0218528,0.911401
0.0218558,0.9114186
0.0218606,0.9114368
0.0218658,0.9114584
0.0218696,0.9114778
0.021873,0.9114996
0.0218764,0.9115218
0.0218784,0.911541
0.0218816,0.9115592
0.0218824,0.9115748
0.0218838,0.9115906
0.0218852,0.9116078
0.021888,0.9116314
0.0218896,0.9116522
0.0218932,0.9116712
0.0218974,0.911682
0.021901,0.9116996
0.0219052,0.9117156
0.0219098,0.9117362
0.0219134,0.9117538
0.021916,0.9117784
0.02192,0.9117942
0.0219244,0.9118128
0.021928,0.9118322
0.0219304,0.9118506
0.0219338,0.9118682
0.0219378,0.9118846
0.02194,0.9119116
0.0219422,0.9119304
0.0219444,0.9119456
0.0219452,0.9119646
0.0219496,0.9119874
0.0219532,0.9120062
0.021955,0.9120218
0.0219582,0.912037
0.0219614,0.9120544
0.0219646,0.9120738
0.0219666,0.9120952
0.0219688,0.9121168
0.02197,0.9121334
0.0219742,0.912154
0.0219764,0.9121732
0.0219786,0.9121906
0.021981,0.9122094
0.0219832,0.9122224
0.0219866,0.9122422
0.0219896,0.9122594
0.0219926,0.9122784
0.021998,0.9122984
0.0220008,0.9123146
0.0220028,0.9123304
0.022004,0.912352
0.0220094,0.9123708
0.0220104,0.912387
0.0220138,0.9124082
0.0220172,0.9124216
0.0220196,0.9124406
0.0220236,0.9124554
0.0220262,0.9124734
0.0220276,0.9124888
0.0220294,0.912509
0.0220314,0.912526
0.0220326,0.912541
0.022038,0.912558
0.02204,0.9125782
0.0220424,0.9125964
0.0220446,0.9126154
0.022047,0.9126326
0.0220502,0.9126502
0.022054,0.912667
0.0220558,0.9126876
0.0220582,0.912709
0.0220618,0.912727
0.0220632,0.912746
0.0220658,0.9127604
0.0220688,0.9127796
0.0220704,0.9128002
0.0220726,0.9128228
0.0220758,0.9128414
0.022078,0.9128588
0.0220806,0.912878
0.0220828,0.9128986
0.0220848,0.9129142
0.0220864,0.9129374
0.0220886,0.912957
0.022092,0.9129764
0.0220934,0.9129954
0.022096,0.9130086
0.0220986,0.9130314
0.0221032,0.9130464
0.022106,0.913069
0.0221098,0.913091
0.0221116,0.9131078
0.0221142,0.9131276
0.0221164,0.9131482
0.0221174,0.913171
0.02212,0.9131912
0.0221222,0.9132084
0.0221242,0.9132296
0.0221272,0.9132412
0.0221304,0.9132634
0.022133,0.91328
0.0221358,0.9132942
0.0221402,0.9133162
0.0221428,0.9133288
0.022146,0.9133464
0.022148,0.9133644
0.0221508,0.9133808
0.0221536,0.9134056
0.022155,0.9134232
0.022158,0.9134408
0.0221606,0.9134606
0.0221616,0.913476
0.0221626,0.9134948
0.0221666,0.9135108
0.022169,0.9135304
0.0221714,0.9135504
0.022174,0.9135678
0.0221764,0.9135834
0.0221794,0.9136026
0.0221824,0.9136214
0.0221854,0.9136388
0.0221884,0.9136558
0.0221922,0.9136748
0.0221946,0.9136946
0.0221974,0.9137142
0.022201,0.91373
0.0222038,0.9137514
0.0222068,0.9137692
0.0222104,0.9137936
0.0222136,0.9138146
0.0222152,0.9138328
0.0222176,0.9138526
0.022219,0.9138712
0.0222206,0.9138884
0.0222228,0.9139124
0.0222262,0.9139354
0.0222278,0.9139532
0.0222294,0.9139758
0.0222324,0.9139984
0.0222342,0.9140188
0.022238,0.9140354
0.022239,0.9140544
0.022241,0.9140744
0.0222438,0.9140914
0.0222462,0.9141094
0.0222474,0.914125
0.0222524,0.9141406
0.0222552,0.914159
0.022256,0.9141754
0.022259,0.9141894
0.0222602,0.91421
0.0222636,0.9142232
0.0222676,0.914238
0.0222704,0.9142524
0.0222722,0.9142698
0.0222736,0.9142854
0.0222774,0.914304
0.0222816,0.914322
0.0222836,0.9143368
0.0222846,0.9143562
0.0222864,0.914372
0.0222894,0.9143938
0.0222926,0.914412
0.0222948,0.9144252
0.0222962,0.914438
0.0222984,0.9144536
0.0223,0.91447
0.0223016,0.914488
0.0223048,0.914504
0.0223078,0.9145218
0.0223104,0.9145418
0.0223126,0.9145558
0.0223148,0.914572
0.022316,0.9145918
0.0223176,0.91461
0.0223196,0.9146322
0.022322,0.914645
0.0223256,0.9146606
0.0223282,0.9146824
0.0223308,0.9146936
0.0223356,0.9147122
0.0223378,0.9147268
0.0223394,0.9147484
0.0223418,0.9147636
0.0223436,0.9147826
0.0223456,0.9147948
0.0223494,0.9148156
0.0223516,0.9148368
0.0223528,0.9148512
0.0223552,0.9148688
0.0223588,0.9148926
0.0223634,0.9149096
0.0223668,0.9149276
0.0223706,0.9149474
0.022374,0.9149684
0.0223772,0.9149866
0.02238,0.9150048
0.0223812,0.9150258
0.0223838,0.9150478
0.022386,0.915061
0.0223892,0.91508
0.022392,0.9150972
0.0223962,0.9151186
0.022398,0.915138
0.0223996,0.9151556
0.0224022,0.9151704
0.0224036,0.9151852
0.022406,0.9152038
0.022408,0.915224
0.0224108,0.9152444
0.0224124,0.9152624
0.022414,0.9152812
0.022418,0.9152992
0.0224204,0.9153184
0.0224226,0.9153334
0.0224246,0.9153534
0.0224284,0.915373
0.0224324,0.9153948
0.0224358,0.9154106
0.0224364,0.915428
0.0224392,0.9154518
0.0224422,0.9154688
0.0224438,0.9154852
0.0224464,0.9155028
0.0224478,0.9155216
0.0224516,0.9155364
0.0224546,0.9155542
0.0224556,0.915574
0.0224584,0.9155892
0.0224608,0.9156074
0.0224628,0.91563
0.0224656,0.9156472
0.0224698,0.9156652
0.022472,0.9156838
0.022474,0.9157004
0.0224784,0.915725
0.022479,0.9157436
0.0224822,0.915768
0.0224868,0.9157846
0.0224888,0.9158036
0.0224922,0.9158228
0.0224946,0.9158392
0.0224962,0.9158564
0.022499,0.9158708
0.0225034,0.9158918
0.0225082,0.9159126
0.0225108,0.9159326
0.0225134,0.9159488
0.022517,0.9159668
0.0225228,0.915987
0.0225244,0.916007
0.022527,0.9160266
0.0225294,0.9160436
0.0225314,0.9160636
0.0225364,0.9160846
0.0225388,0.9161012
0.022544,0.9161196
0.0225456,0.916135
0.0225486,0.9161462
0.022553,0.9161628
0.0225562,0.9161756
0.022559,0.9161888
0.0225612,0.9162124
0.0225636,0.9162306
0.0225658,0.9162518
0.0225696,0.9162696
0.0225722,0.9162908
0.0225768,0.9163112
0.0225806,0.9163346
0.022584,0.916358
0.0225862,0.9163778
0.0225898,0.916401
0.0225928,0.916423
0.0225968,0.9164398
0.0226018,0.9164534
0.0226046,0.9164754
0.0226058,0.916493
0.0226114,0.9165138
0.022612,0.9165292
0.022614,0.916547
0.022616,0.9165628
0.0226194,0.9165842
0.0226218,0.9165974
0.0226248,0.9166136
0.022626,0.9166366
0.022629,0.9166568
0.0226298,0.916677
0.0226326,0.9166948
0.0226354,0.9167116
0.022637,0.916728
0.0226402,0.9167484
0.0226426,0.9167634
0.0226452,0.916781
0.0226468,0.9167986
0.0226506,0.9168114
0.022655,0.916826
0.0226588,0.916841
0.0226608,0.9168552
0.0226642,0.9168722
0.0226668,0.9168902
0.0226678,0.9169014
0.0226704,0.9169184
0.0226734,0.9169318
0.0226758,0.9169494
0.0226768,0.9169656
0.0226776,0.916984
0.0226802,0.9170024
0.022683,0.917021
0.0226846,0.9170396
0.0226872,0.9170612
0.0226902,0.9170772
0.0226948,0.9171034
0.022696,0.9171226
0.0226984,0.9171384
0.0227002,0.9171602
0.0227022,0.9171784
0.0227062,0.9171956
0.0227094,0.9172148
0.0227152,0.9172352
0.0227166,0.9172528
0.0227208,0.9172738
0.0227246,0.9172902
0.0227268,0.917308
0.0227292,0.917325
0.0227318,0.9173418
0.0227344,0.9173598
0.0227358,0.9173772
0.0227394,0.9173938
0.0227404,0.917414
0.0227416,0.9174378
0.0227462,0.9174532
0.0227486,0.9174694
0.0227518,0.9174868
0.022756,0.917506
0.0227602,0.9175214
0.0227644,0.9175386
0.0227656,0.9175562
0.0227684,0.9175784
0.022771,0.917592
0.0227746,0.9176124
0.0227772,0.9176288
0.0227808,0.917649
0.0227818,0.9176746
0.022785,0.9176888
0.0227882,0.9177088
0.0227914,0.917726
0.0227932,0.9177474
0.022796,0.9177674
0.0227978,0.9177862
0.0227994,0.9178024
0.0228014,0.917819
0.022803,0.9178336
0.022805,0.9178558
0.022807,0.9178722
0.022809,0.9178856
0.0228134,0.917899
0.0228144,0.917917
0.0228156,0.9179322
0.022818,0.9179552
0.0228194,0.9179746
0.0228206,0.9179934
0.0228228,0.9180116
0.0228252,0.9180268
0.022828,0.9180448
0.0228312,0.918069
0.022834,0.918089
0.0228378,0.9181056
0.0228396,0.9181278
0.0228434,0.9181454
0.0228474,0.918163
0.022849,0.9181836
0.0228544,0.9182002
0.0228578,0.9182174
0.0228598,0.9182344
0.0228626,0.9182604
0.0228652,0.9182762
0.0228672,0.9182912
0.0228686,0.9183084
0.0228696,0.9183246
0.0228736,0.918343
0.022875,0.9183616
0.022879,0.9183804
0.0228824,0.9183986
0.0228836,0.9184188
0.0228852,0.918434
0.0228876,0.918455
0.0228906,0.918471
0.0228928,0.9184882
0.022896,0.9185038
0.0228986,0.918521
0.0229018,0.918538
0.022905,0.9185506
0.0229088,0.9185672
0.0229128,0.9185844
0.0229144,0.9186022
0.0229158,0.9186158
0.0229166,0.9186346
0.0229202,0.9186516
0.0229226,0.9186728
0.0229246,0.9186914
0.0229288,0.91871
0.0229312,0.9187248
0.0229342,0.9187388
0.0229374,0.9187534
0.0229412,0.9187688
0.0229426,0.9187846
0.0229474,0.918797
0.0229506,0.9188142
0.0229532,0.9188332
0.0229548,0.918847
0.0229568,0.9188664
0.0229594,0.9188812
0.0229612,0.9189024
0.022963,0.9189206
0.0229662,0.9189396
0.0229692,0.918958
0.0229716,0.9189774
0.0229736,0.9189966
0.0229758,0.9190118
0.0229798,0.9190324
0.0229822,0.9190454
0.022984,0.9190636
0.0229874,0.919081
0.0229898,0.9191022
0.0229922,0.919124
0.0229948,0.9191384
0.0229988,0.9191544
0.0230006,0.9191698
0.0230038,0.919193
0.0230068,0.9192148
0.0230088,0.9192336
0.023012,0.919249
0.0230142,0.9192648
0.0230166,0.9192856
0.0230214,0.9193072
0.023022,0.919325
0.023024,0.919346
0.023025,0.91936
0.0230272,0.919381
0.02303,0.9194
0.0230328,0.919423
0.0230366,0.9194394
0.0230384,0.919456
0.0230414,0.919471
0.023043,0.9194864
0.023048,0.9195082
0.0230504,0.9195254
0.0230528,0.91954
0.023056,0.9195566
0.0230594,0.9195784
0.0230628,0.919596
0.0230654,0.9196094
0.0230706,0.919629
0.023072,0.9196442
0.023075,0.9196634
0.0230796,0.9196804
0.0230822,0.9196988
0.0230856,0.919716
0.0230874,0.9197362
0.0230904,0.9197526
0.0230948,0.9197706
0.0230966,0.9197886
0.0230978,0.9198046
0.0230998,0.9198196
0.023102,0.9198376
0.0231042,0.9198536
0.0231052,0.9198704
0.0231074,0.9198872
0.0231102,0.9199032
0.0231136,0.9199248
0.0231146,0.919941
0.023118,0.9199584
0.0231218,0.9199768
0.0231248,0.9199948
0.023127,0.9200112
0.02313,0.920033
0.0231334,0.9200478
0.0231364,0.9200656
0.0231406,0.9200778
0.0231422,0.9200968
0.0231446,0.9201122
0.0231464,0.9201344
0.0231508,0.9201492
0.0231546,0.9201646
0.0231578,0.920185
0.0231602,0.9202058
0.0231626,0.920228
0.0231656,0.9202462
0.0231674,0.920263
0.0231688,0.9202788
0.023172,0.9202962
0.023173,0.920316
0.0231752,0.9203312
0.0231774,0.9203482
0.0231814,0.9203664
0.023184,0.9203842
0.0231866,0.9203986
0.0231898,0.9204144
0.0231942,0.9204338
0.0231956,0.9204524
0.0231994,0.9204736
0.0232008,0.9204938
0.0232046,0.9205106
0.023207,0.9205288
0.0232106,0.920549
0.023213,0.9205682
0.0232146,0.920589
0.0232174,0.9206026
0.023221,0.9206184
0.0232246,0.9206364
0.0232256,0.920653
0.02323,0.9206684
0.0232328,0.9206846
0.023236,0.920703
0.0232402,0.92072
0.0232426,0.920736
0.023246,0.9207496
0.0232492,0.9207648
0.0232542,0.9207812
0.0232578,0.920793
0.0232606,0.9208102
0.023264,0.9208256
0.0232664,0.9208418
0.0232702,0.9208554
0.0232744,0.9208722
0.0232776,0.920889
0.0232802,0.9209072
0.0232822,0.9209254
0.0232842,0.9209462
0.0232862,0.920962
0.0232898,0.920975
0.0232918,0.9209874
0.023294,0.921009
0.023296,0.9210262
0.0232976,0.9210494
0.0233,0.9210672
0.023302,0.92108
0.0233046,0.921097
0.0233076,0.9211146
0.0233094,0.9211336
0.0233138,0.9211558
0.023316,0.921174
0.0233178,0.9211904
0.0233206,0.9212078
0.0233224,0.921231
0.0233248,0.9212498
0.023329,0.9212688
0.0233336,0.9212874
0.0233364,0.9213084
0.0233388,0.9213226
0.023342,0.9213402
0.0233436,0.9213588
0.0233446,0.9213736
0.0233482,0.9213894
0.023349,0.9214026
0.0233504,0.9214208
0.023353,0.921438
0.023355,0.921458
0.0233592,0.9214794
0.0233624,0.9214998
0.0233648,0.9215158
0.023367,0.9215318
0.02337,0.9215488
0.0233722,0.9215678
0.0233762,0.9215856
0.023379,0.9215996
0.0233802,0.9216146
0.0233858,0.9216322
0.0233896,0.9216508
0.023392,0.9216698
0.0233952,0.9216928
0.0233976,0.9217116
0.0233998,0.9217284
0.0234012,0.9217502
0.023402,0.9217662
0.023404,0.9217836
0.0234066,0.921801
0.0234104,0.9218198
0.0234126,0.9218384
0.0234152,0.9218576
0.0234178,0.9218742
0.02342,0.921889
0.023422,0.92191
0.023425,0.921929
0.0234292,0.9219446
0.0234326,0.9219664
0.0234342,0.921982
0.0234348,0.9220008
0.0234384,0.9220234
0.0234398,0.9220408
0.0234406,0.9220622
0.0234428,0.9220858
0.0234466,0.9220992
0.0234498,0.9221154
0.0234524,0.922129
0.0234556,0.9221444
0.0234602,0.9221666
0.0234638,0.9221876
0.0234668,0.9222044
0.0234698,0.922222
0.0234726,0.9222372
0.0234752,0.922253
0.0234768,0.9222716
0.0234818,0.9222884
0.0234854,0.922307
0.0234896,0.922327
0.0234904,0.9223392
0.0234928,0.9223492
0.0234942,0.9223624
0.0234964,0.9223792
0.023498,0.9223994
0.0235016,0.9224152
0.0235024,0.9224302
0.0235052,0.9224506
0.023508,0.922467
0.0235098,0.9224884
0.0235122,0.9225092
0.0235152,0.9225286
0.0235182,0.9225442
0.0235222,0.9225534
0.0235246,0.9225722
0.023527,0.922593
0.0235312,0.9226114
0.0235334,0.9226306
0.0235386,0.9226468
0.0235406,0.9226654
0.0235434,0.9226808
0.0235452,0.922694
0.023548,0.9227106
0.02355,0.9227342
0.023553,0.9227514
0.0235572,0.9227692
0.0235576,0.9227886
0.0235604,0.9228094
0.023564,0.9228274
0.023567,0.9228438
0.0235686,0.9228556
0.0235714,0.9228756
0.0235744,0.9228944
0.0235762,0.9229138
0.023579,0.922929
0.0235802,0.922947
0.0235848,0.9229626
0.0235864,0.9229764
0.0235916,0.9229918
0.0235936,0.9230118
0.0235968,0.9230292
0.0235994,0.9230508
0.0236012,0.9230692
0.0236056,0.9230854
0.0236094,0.9231024
0.0236126,0.923123
0.0236148,0.9231418
0.0236168,0.9231598
0.0236178,0.9231754
0.0236206,0.9231938
0.0236234,0.92321
0.0236266,0.9232278
0.0236284,0.9232476
0.023631,0.9232662
0.0236336,0.9232834
0.0236368,0.923305
0.0236402,0.9233214
0.0236436,0.9233404
0.0236452,0.9233552
0.0236468,0.9233726
0.0236514,0.9233902
0.0236542,0.9234088
0.0236564,0.9234284
0.023658,0.9234504
0.0236638,0.9234686
0.0236658,0.9234852
0.0236686,0.9235074
0.0236716,0.9235248
0.0236752,0.9235416
0.0236796,0.9235626
0.0236824,0.9235822
0.0236838,0.9236006
0.0236862,0.9236222
0.0236882,0.9236374
0.0236906,0.9236568
0.0236928,0.9236784
0.0236958,0.9237002
0.023699,0.9237188
0.0237022,0.9237372
0.0237058,0.9237536
0.023707,0.9237722
0.0237094,0.9237922
0.0237108,0.9238154
0.0237158,0.9238354
0.0237188,0.9238496
0.02372,0.9238626
0.0237214,0.9238818
0.0237256,0.9238974
0.023728,0.9239202
0.0237308,0.9239388
0.0237336,0.9239582
0.023737,0.9239704
0.023739,0.9239906
0.023744,0.9240084
0.0237448,0.9240262
0.023748,0.9240462
0.0237518,0.9240616
0.0237542,0.9240812
0.0237564,0.9240978
0.0237584,0.9241166
0.0237604,0.9241352
0.023763,0.9241512
0.0237646,0.9241692
0.023766,0.9241858
0.0237676,0.9242014
0.0237702,0.9242206
0.023773,0.9242376
0.0237762,0.924257
0.023778,0.9242718
0.0237802,0.924291
0.023783,0.9243046
0.023786,0.9243228
0.023791,0.9243386
0.023793,0.924355
0.023796,0.9243718
0.0237976,0.9243902
0.0237988,0.924408
0.0238008,0.9244222
0.0238032,0.9244366
0.0238054,0.9244554
0.0238078,0.9244776
0.0238124,0.9244944
0.0238134,0.9245134
0.0238172,0.9245338
0.0238202,0.9245514
0.0238232,0.924563
0.0238258,0.9245802
0.0238296,0.9246004
0.0238318,0.9246152
0.0238352,0.9246304
0.0238382,0.9246454
0.0238408,0.9246636
0.023844,0.92468
0.0238468,0.9246982
0.02385,0.9247148
0.0238528,0.9247326
0.0238534,0.9247552
0.0238566,0.9247754
0.023859,0.924797
0.0238636,0.9248146
0.0238664,0.9248316
0.0238688,0.9248546
0.0238732,0.9248708
0.0238766,0.9248884
0.0238806,0.9249066
0.0238838,0.9249222
0.0238858,0.9249394
0.0238872,0.9249574
0.0238888,0.924976
0.02389,0.9249898
0.0238924,0.9250094
0.0238958,0.925025
0.0238972,0.9250408
0.0239004,0.925059
0.0239034,0.9250756
0.0239054,0.9250932
0.0239078,0.92511
0.023912,0.9251252
0.0239148,0.9251404
0.0239168,0.925159
0.0239202,0.9251748
0.0239226,0.9251934
0.0239266,0.9252078
0.02393,0.9252242
0.0239314,0.925241
0.0239354,0.9252598
0.0239388,0.9252774
0.023942,0.9252914
0.023946,0.9253076
0.0239486,0.9253272
0.0239492,0.9253458
0.0239516,0.925365
0.023954,0.925382
0.0239568,0.9253974
0.0239604,0.925417
0.023963,0.9254348
0.0239656,0.9254548
0.0239664,0.9254732
0.0239692,0.9254928
0.0239734,0.9255066
0.0239756,0.925521
0.0239788,0.9255364
0.0239836,0.9255542
0.0239872,0.9255722
0.02399,0.9255904
0.0239932,0.9256126
0.0239966,0.9256288
0.0239986,0.925648
0.0240012,0.9256706
0.0240028,0.9256862
0.0240052,0.925705
0.0240066,0.9257152
0.0240078,0.925728
0.024012,0.9257444
0.024014,0.9257588
0.024016,0.9257764
0.0240182,0.925792
0.0240198,0.925812
0.0240206,0.925827
0.0240224,0.925841
0.0240246,0.925855
0.024026,0.9258718
0.0240286,0.9258916
0.0240316,0.9259092
0.0240336,0.9259254
0.0240352,0.925944
0.0240376,0.9259588
0.0240402,0.925975
0.0240418,0.925993
0.024044,0.9260106
0.024045,0.9260294
0.0240476,0.9260464
0.0240506,0.9260664
0.0240532,0.9260782
0.024055,0.926097
0.0240566,0.9261128
0.0240582,0.9261262
0.0240616,0.9261442
0.0240626,0.9261598
0.0240656,0.9261748
0.0240672,0.9261904
0.0240692,0.9262098
0.024072,0.9262262
0.0240738,0.9262428
0.0240762,0.9262592
0.0240788,0.9262742
0.0240818,0.9262968
0.0240832,0.9263164
0.0240862,0.92633
0.0240872,0.9263526
0.0240902,0.9263684
0.0240934,0.926388
0.0240972,0.9264044
0.0241008,0.9264178
0.0241042,0.9264358
0.0241064,0.926454
0.0241098,0.92647
0.024111,0.9264872
0.024112,0.9265042
0.0241152,0.926521
0.024119,0.926539
0.0241216,0.9265542
0.0241238,0.9265738
0.024128,0.9265878
0.0241314,0.9266078
0.0241332,0.926628
0.0241346,0.926643
0.0241358,0.9266614
0.0241402,0.9266784
0.0241426,0.926695
0.024145,0.9267124
0.0241464,0.926732
0.0241478,0.9267492
0.024151,0.9267664
0.024154,0.9267892
0.0241552,0.9268044
0.0241556,0.9268246
0.0241564,0.9268424
0.0241578,0.926862
0.024161,0.9268754
0.0241644,0.9268896
0.024166,0.9269116
0.0241686,0.926929
0.0241722,0.9269406
0.0241746,0.9269558
0.0241774,0.9269726
0.0241798,0.9269862
0.024181,0.927004
0.0241826,0.9270232
0.0241856,0.9270426
0.0241874,0.927056
0.0241904,0.9270742
0.024192,0.9270938
0.0241976,0.9271066
0.0241994,0.9271282
0.0242008,0.9271398
0.024204,0.9271592
0.024208,0.9271792
0.024212,0.9271992
0.0242148,0.9272194
0.0242168,0.9272372
0.02422,0.9272528
0.024223,0.9272728
0.0242264,0.9272922
0.024229,0.927309
0.024232,0.9273248
0.0242364,0.9273482
0.0242376,0.9273622
0.0242414,0.9273778
0.0242444,0.9273942
0.0242476,0.92741
0.0242482,0.9274304
0.0242506,0.9274472
0.0242532,0.9274688
0.0242558,0.9274866
0.0242584,0.9275046
0.0242624,0.92752
0.0242638,0.92754
0.024267,0.927555
0.0242702,0.9275698
0.0242726,0.927588
0.024274,0.9276036
0.0242756,0.9276246
0.024278,0.9276438
0.02428,0.9276638
0.024284,0.92768
0.0242864,0.9276946
0.0242888,0.9277112
0.024293,0.9277294
0.0242958,0.927746
0.024299,0.927759
0.0243012,0.9277754
0.0243034,0.9277852
0.0243084,0.9278034
0.0243096,0.9278166
0.0243128,0.9278308
0.0243146,0.927848
0.024316,0.9278688
0.0243194,0.9278892
0.024321,0.927906
0.024324,0.9279304
0.0243254,0.9279454
0.024326,0.9279662
0.0243284,0.9279806
0.024331,0.927996
0.024335,0.92801
0.0243364,0.9280286
0.0243376,0.9280468
0.0243394,0.9280608
0.024343,0.9280766
0.0243476,0.9280978
0.0243484,0.9281154
0.0243526,0.9281342
0.0243562,0.9281442
0.0243564,0.9281656
0.024359,0.9281768
0.0243606,0.9281918
0.0243626,0.9282078
0.0243644,0.928225
0.0243704,0.9282388
0.0243716,0.928256
0.0243742,0.9282722
0.0243772,0.9282932
0.024381,0.928308
0.0243854,0.928324
0.024388,0.9283386
0.024391,0.9283538
0.0243942,0.928369
0.0243968,0.9283848
0.0244018,0.9284
0.0244038,0.928415
0.0244064,0.9284298
0.0244108,0.9284438
0.0244162,0.9284606
0.024419,0.9284806
0.0244222,0.9284956
0.0244244,0.9285112
0.0244268,0.9285264
0.024429,0.9285432
0.0244304,0.9285628
0.0244334,0.9285792
0.0244348,0.9286
0.0244356,0.9286158
0.0244374,0.9286338
0.024441,0.9286468
0.0244442,0.9286692
0.0244472,0.9286866
0.0244486,0.9287006
0.02445,0.928718
0.024451,0.9287322
0.0244518,0.9287488
0.0244546,0.9287622
0.024457,0.9287824
0.0244588,0.9287992
0.024463,0.928817
0.0244654,0.9288334
0.0244676,0.9288534
0.0244688,0.9288738
0.0244726,0.9288924
0.0244756,0.9289106
0.02448,0.9289288
0.024482,0.9289422
0.024484,0.9289622
0.0244874,0.928978
0.024491,0.9289964
0.0244944,0.9290118
0.024496,0.9290266
0.0245008,0.9290456
0.0245046,0.929064
0.0245066,0.929079
0.0245094,0.929097
0.0245114,0.9291158
0.024512,0.9291314
0.0245136,0.9291456
0.0245176,0.9291614
0.0245184,0.929177
0.024521,0.929197
0.0245238,0.929209
0.0245256,0.929227
0.0245298,0.929245
0.024532,0.929262
0.0245344,0.9292812
0.0245374,0.929297
0.0245404,0.9293118
0.0245438,0.929329
0.0245466,0.929344
0.0245484,0.929363
0.0245508,0.9293818
0.0245548,0.9293948
0.0245564,0.929407
0.0245586,0.9294236
0.0245614,0.9294446
0.0245622,0.929461
0.0245638,0.9294784
0.0245662,0.9295026
0.0245692,0.9295196
0.0245718,0.9295358
0.0245742,0.9295512
0.0245768,0.9295652
0.024578,0.9295796
0.0245806,0.9296002
0.024582,0.9296188
0.0245838,0.9296388
0.0245886,0.9296582
0.0245918,0.929677
0.0245936,0.9296928
0.0245958,0.9297092
0.0245972,0.929722
0.0245994,0.9297402
0.024601,0.9297538
0.0246024,0.9297734
0.0246048,0.929788
0.024609,0.9298102
0.0246108,0.9298288
0.0246144,0.9298456
0.0246158,0.9298634
0.0246196,0.9298814
0.0246222,0.9299028
0.0246236,0.9299184
0.0246262,0.9299368
0.024628,0.929954
0.0246314,0.929973
0.0246338,0.9299888
0.024638,0.9300084
0.0246416,0.9300252
0.0246434,0.930041
0.0246456,0.93006
0.024647,0.9300762
0.0246506,0.9300918
0.0246544,0.930111
0.0246564,0.9301282
0.024659,0.9301424
0.0246618,0.9301624
0.0246644,0.930187
0.0246664,0.9302012
0.024671,0.9302166
0.0246736,0.9302326
0.0246764,0.9302504
0.0246794,0.930267
0.0246822,0.930288
0.0246852,0.9303056
0.0246886,0.9303232
0.024691,0.9303428
0.024693,0.9303582
0.0246938,0.9303786
0.024695,0.9303938
0.0246964,0.9304118
0.0247002,0.9304262
0.0247022,0.9304426
0.0247064,0.930458
0.0247098,0.9304816
0.024712,0.9304994
0.0247142,0.9305156
0.0247162,0.9305358
0.0247168,0.9305452
0.024718,0.9305598
0.0247206,0.9305796
0.0247216,0.9305958
0.0247232,0.9306084
0.0247252,0.9306286
0.024727,0.9306438
0.024729,0.9306584
0.0247324,0.9306752
0.0247342,0.9306942
0.0247358,0.9307094
0.0247398,0.9307234
0.0247416,0.9307372
0.0247434,0.9307478
0.024747,0.930766
0.024749,0.9307802
0.0247524,0.9307944
0.0247544,0.93081
0.0247566,0.9308238
0.0247596,0.93084
0.0247612,0.9308622
0.0247636,0.9308764
0.0247662,0.930894
0.0247666,0.9309106
0.0247708,0.930922
0.0247744,0.9309382
0.0247754,0.930949
0.0247778,0.9309642
0.0247806,0.9309824
0.024784,0.931
0.0247866,0.9310182
0.0247902,0.9310372
0.0247942,0.9310542
0.0247972,0.9310736
0.0247992,0.93109
0.0248026,0.9311052
0.0248054,0.9311246
0.0248076,0.9311428
0.0248102,0.9311644
0.024812,0.9311758
0.024816,0.931192
0.0248182,0.9312076
0.0248194,0.9312296
0.0248226,0.9312466
0.0248238,0.9312646
0.0248258,0.9312818
0.024828,0.9313002
0.0248288,0.9313128
0.0248312,0.9313302
0.0248332,0.9313466
0.0248358,0.931361
0.0248376,0.9313778
0.0248406,0.9313988
0.0248434,0.9314144
0.0248452,0.9314322
0.0248472,0.9314454
0.0248514,0.9314612
0.024855,0.931477
0.0248576,0.9314918
0.0248592,0.9315118
0.0248616,0.931526
0.0248642,0.9315454
0.0248684,0.9315642
0.024871,0.9315822
0.0248736,0.9315964
0.0248748,0.9316142
0.0248772,0.931633
0.0248794,0.9316484
0.0248806,0.9316638
0.0248842,0.9316794
0.0248872,0.9316936
0.024891,0.9317116
0.0248944,0.9317284
0.0248954,0.9317468
0.024899,0.931761
0.0249008,0.931776
0.024901,0.9317926
0.024903,0.9318106
0.0249036,0.9318238
0.0249038,0.9318442
0.0249048,0.9318564
0.0249068,0.9318696
0.0249096,0.9318866
0.0249116,0.9319028
0.0249132,0.9319176
0.0249148,0.9319356
0.024917,0.9319516
0.0249194,0.931966
0.0249224,0.9319812
0.0249264,0.9319976
0.0249282,0.932015
0.0249314,0.9320308
0.024935,0.9320466
0.0249366,0.9320654
0.0249406,0.9320794
0.0249424,0.9321006
0.0249452,0.932117
0.024949,0.9321356
0.0249516,0.9321552
0.0249542,0.9321706
0.0249574,0.9321868
0.02496,0.9322022
0.0249622,0.9322176
0.0249652,0.9322358
0.0249688,0.9322574
0.0249728,0.9322758
0.0249752,0.9322974
0.0249782,0.9323128
0.024982,0.9323284
0.0249836,0.9323476
0.0249856,0.9323644
0.0249888,0.9323778
0.0249906,0.9323956
0.0249928,0.9324154
0.0249942,0.9324356
0.0249968,0.93245
0.0249984,0.9324684
0.025002,0.9324846
0.0250044,0.9324994
0.0250074,0.9325194
0.0250088,0.9325366
0.0250128,0.9325544
0.0250168,0.9325722
0.0250206,0.9325936
0.0250216,0.9326104
0.0250236,0.9326232
0.025024,0.9326418
0.0250254,0.932656
0.0250284,0.9326726
0.0250308,0.9326904
0.0250334,0.9327134
0.0250336,0.93273
0.0250358,0.932742
0.0250396,0.9327572
0.0250424,0.9327746
0.0250438,0.9327992
0.0250456,0.932819
0.0250496,0.9328358
0.02505,0.932853
0.0250534,0.9328694
0.0250556,0.9328938
0.0250574,0.9329104
0.02506,0.932926
0.0250616,0.9329422
0.0250644,0.932958
0.0250656,0.9329736
0.0250698,0.9329894
0.0250728,0.9330084
0.0250754,0.9330254
0.0250788,0.9330416
0.0250828,0.9330554
0.0250854,0.933074
0.0250858,0.933097
0.0250876,0.9331138
0.0250896,0.9331294
0.0250932,0.9331422
0.0250948,0.9331604
0.0250972,0.9331766
0.0251,0.9331948
0.025104,0.9332148
0.0251078,0.93323
0.0251114,0.9332432
0.0251134,0.933262
0.0251172,0.9332792
0.0251202,0.9332932
0.0251234,0.9333118
0.0251254,0.9333244
0.0251282,0.9333374
0.0251312,0.9333566
0.0251338,0.9333694
0.025137,0.9333864
0.0251378,0.9334032
0.0251406,0.9334222
0.0251428,0.9334416
0.025146,0.9334588
0.0251484,0.9334772
0.0251516,0.9334978
0.0251532,0.9335114
0.0251568,0.933531
0.02516,0.9335448
0.0251628,0.9335622
0.0251646,0.9335802
0.025166,0.9335962
0.0251674,0.9336112
0.0251708,0.9336268
0.0251722,0.9336422
0.0251756,0.9336568
0.0251816,0.933672
0.025184,0.9336892
0.02519,0.9337022
0.0251936,0.9337184
0.0251984,0.9337308
0.0251996,0.93375
0.0252022,0.9337652
0.0252034,0.9337848
0.0252042,0.9338024
0.025206,0.9338204
0.025208,0.933837
0.0252098,0.9338546
0.0252118,0.933865
0.0252152,0.9338826
0.0252168,0.933905
0.0252206,0.9339162
0.0252226,0.9339306
0.0252258,0.9339486
0.0252266,0.9339662
0.0252276,0.9339814
0.0252308,0.9339962
0.025233,0.9340128
0.0252364,0.9340286
0.0252376,0.9340494
0.0252396,0.934071
0.025241,0.934083
0.0252432,0.9340946
0.0252448,0.9341106
0.0252486,0.9341304
0.025251,0.9341452
0.0252542,0.9341634
0.0252574,0.9341774
0.02526,0.9341946
0.0252614,0.934217
0.0252648,0.9342364
0.0252666,0.9342534
0.025268,0.9342756
0.0252712,0.9342938
0.0252744,0.9343092
0.0252782,0.9343262
0.0252816,0.9343458
0.0252836,0.9343576
0.0252868,0.9343752
0.0252896,0.934392
0.025293,0.934409
0.025295,0.93443
0.0252968,0.934448
0.0253034,0.9344666
0.025306,0.9344808
0.025309,0.9345008
0.025311,0.934522
0.0253138,0.934538
0.0253146,0.934548
0.0253162,0.9345678
0.0253184,0.9345834
0.0253228,0.9345984
0.0253242,0.9346154
0.0253262,0.9346314
0.0253268,0.934651
0.0253304,0.9346686
0.025333,0.9346858
0.0253346,0.9347054
0.0253354,0.9347224
0.0253394,0.9347412
0.0253426,0.9347568
0.0253458,0.9347722
0.0253492,0.9347904
0.025353,0.9348078
0.0253548,0.9348238
0.0253566,0.9348442
0.0253584,0.9348602
0.0253604,0.9348798
0.0253622,0.9348972
0.0253646,0.934917
0.025367,0.934937
0.0253694,0.934955
0.0253718,0.9349716
0.0253724,0.9349894
0.0253752,0.9350058
0.0253774,0.935022
0.0253808,0.9350376
0.025383,0.9350538
0.0253836,0.9350696
0.0253878,0.9350884
0.0253894,0.9351042
0.0253914,0.9351234
0.0253952,0.935143
0.0253972,0.935159
0.025398,0.9351738
0.0254002,0.9351908
0.0254014,0.9352058
0.0254028,0.9352208
0.0254048,0.9352398
0.0254066,0.9352572
0.0254084,0.9352764
0.0254106,0.9352894
0.0254128,0.9353042
0.025414,0.9353206
0.0254176,0.9353368
0.0254204,0.9353494
0.0254218,0.9353676
0.0254236,0.935386
0.0254254,0.9354006
0.025428,0.9354144
0.0254308,0.9354328
0.0254338,0.9354558
0.0254354,0.9354722
0.0254402,0.9354916
0.025443,0.935509
0.0254446,0.9355244
0.0254472,0.9355436
0.0254476,0.9355576
0.0254506,0.9355728
0.0254512,0.9355854
0.0254534,0.9356034
0.0254556,0.935619
0.0254582,0.9356356
0.0254616,0.935651
0.0254652,0.9356712
0.0254674,0.9356868
0.0254692,0.9356988
0.0254728,0.9357176
0.0254766,0.9357296
0.0254802,0.9357436
0.0254828,0.9357614
0.0254864,0.93578
0.0254892,0.9357994
0.0254924,0.9358168
0.0254944,0.9358318
0.0254974,0.9358464
0.025502,0.935858
0.0255048,0.9358726
0.0255074,0.9358908
0.0255094,0.9359034
0.0255118,0.9359216
0.0255154,0.9359414
0.0255176,0.935961
0.0255188,0.9359782
0.0255208,0.9359956
0.0255222,0.9360126
0.025526,0.9360316
0.025529,0.936044
0.0255316,0.9360586
0.0255338,0.9360704
0.0255376,0.9360894
0.0255408,0.936109
0.0255428,0.9361278
0.0255472,0.9361442
0.02555,0.9361626
0.0255532,0.9361754
0.0255556,0.936194
0.0255588,0.936209
0.0255604,0.936226
0.025562,0.9362442
0.025563,0.9362626
0.0255674,0.936277
0.0255698,0.9362904
0.0255716,0.9363084
0.025574,0.9363228
0.0255778,0.9363474
0.0255822,0.9363644
0.025584,0.9363746
0.0255858,0.936389
0.0255872,0.9364076
0.025589,0.9364254
0.0255904,0.9364436
0.0255934,0.936455
0.0255982,0.9364694
0.0256016,0.9364834
0.0256038,0.9365002
0.0256056,0.9365162
0.025609,0.9365322
0.0256104,0.9365474
0.025612,0.9365666
0.0256148,0.9365818
0.0256162,0.9365958
0.02562,0.9366066
0.0256228,0.9366264
0.0256246,0.9366466
0.0256274,0.9366608
0.025632,0.9366784
0.025634,0.936694
0.0256352,0.9367122
0.0256378,0.9367322
0.0256394,0.9367478
0.025641,0.9367642
0.025645,0.936777
0.0256478,0.936795
0.0256482,0.9368134
0.025651,0.9368318
0.0256554,0.9368496
0.0256574,0.9368666
0.0256628,0.936882
0.0256648,0.9369034
0.0256674,0.9369178
0.0256704,0.936931
0.0256722,0.93695
0.0256742,0.9369658
0.0256758,0.9369834
0.0256782,0.9370002
0.025681,0.937016
0.0256838,0.9370314
0.0256866,0.9370452
0.0256884,0.937063
0.0256912,0.9370794
0.0256924,0.937093
0.0256946,0.9371092
0.0256968,0.9371256
0.025699,0.9371422
0.0257042,0.9371594
0.0257064,0.937176
0.0257094,0.9371936
0.0257108,0.937211
0.0257128,0.9372252
0.025715,0.93724
0.0257166,0.937255
0.0257186,0.9372706
0.025721,0.9372884
0.025724,0.937309
0.025726,0.9373244
0.025731,0.9373384
0.0257326,0.9373536
0.0257356,0.9373692
0.0257374,0.9373832
0.02574,0.9374044
0.0257424,0.937426
0.0257452,0.9374418
0.0257476,0.9374532
0.0257496,0.9374666
0.025753,0.9374832
0.0257564,0.937499
0.0257592,0.9375152
0.0257608,0.9375342
0.0257628,0.9375528
0.0257642,0.9375686
0.0257648,0.937584
0.0257676,0.9375972
0.0257696,0.9376132
0.0257718,0.937629
0.025774,0.9376534
0.0257772,0.9376732
0.0257794,0.9376866
0.0257812,0.9377014
0.0257836,0.937713
0.0257878,0.9377294
0.0257908,0.9377466
0.0257918,0.937766
0.0257952,0.937781
0.0257976,0.9378008
0.0257988,0.9378188
0.0258008,0.9378364
0.0258042,0.9378494
0.0258054,0.9378668
0.0258064,0.937883
0.0258084,0.9378992
0.0258096,0.9379186
0.0258114,0.9379338
0.025813,0.9379472
0.0258162,0.937959
0.0258208,0.9379812
0.0258246,0.9379984
0.0258264,0.938015
0.0258286,0.9380276
0.025833,0.9380382
0.0258346,0.9380586
0.0258384,0.9380756
0.0258416,0.9380928
0.0258442,0.9381038
0.025848,0.938122
0.0258504,0.938133
0.0258522,0.938147
0.0258546,0.9381654
0.0258562,0.938181
0.0258588,0.938197
0.0258618,0.9382128
0.0258646,0.9382294
0.0258668,0.9382498
0.0258678,0.9382602
0.02587,0.9382756
0.025872,0.9382874
0.0258738,0.9383008
0.025876,0.9383238
0.0258794,0.938337
0.0258818,0.9383552
0.025884,0.9383696
0.0258846,0.9383846
0.0258872,0.9383996
0.0258902,0.9384186
0.025893,0.9384336
0.025896,0.9384512
0.0258988,0.9384666
0.0259036,0.9384844
0.025908,0.938505
0.0259094,0.9385204
0.0259108,0.9385348
0.0259128,0.9385496
0.0259146,0.9385692
0.0259194,0.93858
0.025922,0.938597
0.025925,0.9386132
0.0259274,0.9386302
0.025928,0.9386484
0.02593,0.9386668
0.0259326,0.9386842
0.0259356,0.9386984
0.0259372,0.938716
0.025939,0.9387308
0.0259406,0.9387462
0.0259434,0.9387608
0.0259464,0.938773
0.0259478,0.9387882
0.0259494,0.938805
0.0259518,0.9388182
0.025955,0.9388338
0.0259598,0.938851
0.025962,0.9388694
0.0259656,0.938888
0.0259672,0.938906
0.0259688,0.938927
0.0259706,0.9389462
0.0259728,0.9389586
0.0259752,0.9389778
0.0259772,0.9389968
0.0259792,0.9390122
0.0259826,0.9390294
0.0259874,0.9390446
0.0259892,0.9390608
0.0259896,0.939077
0.0259918,0.9390936
0.0259928,0.939112
0.0259958,0.9391308
0.0259992,0.9391476
0.0260014,0.9391636
0.026003,0.9391816
0.0260048,0.9392012
0.0260074,0.9392204
0.0260098,0.9392358
0.0260122,0.9392548
0.0260128,0.9392706
0.0260162,0.939285
0.0260176,0.939299
0.0260206,0.9393138
0.0260238,0.939328
0.0260252,0.9393464
0.026027,0.9393654
0.0260296,0.9393782
0.0260328,0.9393968
0.026035,0.9394162
0.0260382,0.9394324
0.0260398,0.9394472
0.0260402,0.939465
0.0260438,0.9394808
0.0260478,0.9394966
0.0260508,0.9395144
0.0260532,0.9395286
0.0260566,0.9395448
0.026058,0.9395648
0.0260598,0.9395828
0.0260624,0.9395974
0.0260642,0.939606
0.0260656,0.9396226
0.0260674,0.9396414
0.0260714,0.9396624
0.0260734,0.9396782
0.0260752,0.9396946
0.0260766,0.9397126
0.0260786,0.9397286
0.0260808,0.9397454
0.0260834,0.939759
0.0260854,0.9397752
0.0260876,0.9397902
0.02609,0.939812
0.0260912,0.9398246
0.0260944,0.9398374
0.0260972,0.9398542
0.0260998,0.9398692
0.026102,0.9398848
0.0261036,0.9398992
0.0261048,0.9399164
0.0261068,0.9399336
0.0261092,0.9399508
0.0261116,0.9399642
0.026113,0.9399796
0.0261142,0.9399968
0.0261154,0.940014
0.0261166,0.9400302
0.026118,0.9400466
0.0261202,0.9400598
0.0261226,0.9400792
0.0261234,0.9400966
0.0261252,0.9401152
0.0261276,0.940134
0.0261306,0.9401516
0.0261336,0.9401676
0.026136,0.940186
0.0261378,0.9401992
0.0261406,0.9402164
0.0261432,0.9402352
0.0261438,0.9402586
0.0261472,0.9402728
0.0261498,0.9402846
0.0261518,0.9403006
0.026154,0.9403166
0.0261562,0.940331
0.0261594,0.9403506
0.0261614,0.9403684
0.026163,0.9403828
0.0261656,0.9403928
0.0261696,0.9404082
0.026174,0.940426
0.0261782,0.9404452
0.0261812,0.9404622
0.0261836,0.9404776
0.0261854,0.9404938
0.026187,0.9405138
0.0261884,0.9405312
0.0261898,0.940545
0.026193,0.9405656
0.0261956,0.940579
0.0261992,0.9405962
0.0262024,0.9406118
0.0262052,0.9406286
0.026209,0.9406448
0.0262106,0.9406636
0.0262142,0.9406778
0.0262172,0.9406916
0.0262196,0.940709
0.0262216,0.9407262
0.0262242,0.940741
0.0262258,0.9407564
0.0262272,0.9407714
0.0262298,0.9407858
0.0262328,0.9408006
0.0262348,0.9408134
0.0262386,0.9408294
0.0262412,0.9408444
0.0262454,0.940861
0.0262484,0.9408758
0.0262526,0.9408946
0.0262534,0.9409132
0.026255,0.940926
0.0262578,0.9409448
0.02626,0.9409576
0.0262634,0.9409748
0.0262656,0.940992
0.0262662,0.9410114
0.0262684,0.9410286
0.0262706,0.9410464
0.0262726,0.9410666
0.0262754,0.941087
0.0262782,0.9411018
0.026282,0.9411216
0.0262836,0.941135
0.026286,0.9411478
0.0262884,0.9411706
0.02629,0.9411842
0.0262918,0.9412042
0.026294,0.9412196
0.0262966,0.9412366
0.0262974,0.9412498
0.0262986,0.9412624
0.0263008,0.9412784
0.0263036,0.9412954
0.026307,0.941316
0.0263102,0.941336
0.026312,0.9413504
0.0263126,0.9413666
0.0263164,0.9413838
0.0263188,0.941399
0.0263204,0.9414174
0.026321,0.941435
0.0263234,0.94145
0.0263264,0.9414716
0.0263276,0.9414846
0.02633,0.9415056
0.0263326,0.9415222
0.0263344,0.9415398
0.0263372,0.941552
0.026339,0.94157
0.0263402,0.9415854
0.0263422,0.9416024
0.0263444,0.9416194
0.026346,0.9416322
0.0263486,0.941648
0.0263516,0.941666
0.0263534,0.9416816
0.0263552,0.9416984
0.0263574,0.9417136
0.0263604,0.9417324
0.0263626,0.9417464
0.026366,0.9417634
0.0263692,0.941782
0.0263722,0.941803
0.0263728,0.9418212
0.0263764,0.941839
0.0263792,0.9418566
0.026381,0.941868
0.0263824,0.9418824
0.0263848,0.9418988
0.0263888,0.9419126
0.0263902,0.9419306
0.026394,0.9419476
0.0263976,0.9419652
0.0263986,0.9419814
0.0264032,0.9420026
0.0264068,0.94202
0.026408,0.9420332
0.0264102,0.942048
0.0264116,0.9420652
0.0264128,0.9420796
0.026415,0.942094
0.026417,0.9421092
0.0264188,0.9421246
0.02642,0.9421396
0.0264232,0.9421546
0.026426,0.942166
0.0264278,0.9421882
0.0264296,0.9422056
0.0264324,0.9422196
0.0264328,0.9422362
0.0264344,0.9422514
0.026436,0.9422648
0.0264388,0.9422802
0.0264402,0.9423006
0.026443,0.9423182
0.0264458,0.9423334
0.0264488,0.942349
0.0264508,0.9423594
0.0264542,0.9423752
0.0264572,0.9423912
0.026461,0.9424102
0.0264624,0.9424254
0.026465,0.94244
0.0264658,0.9424568
0.0264668,0.942472
0.0264692,0.9424884
0.0264714,0.9425068
0.026475,0.9425258
0.0264772,0.9425432
0.0264804,0.9425552
0.0264844,0.9425714
0.0264856,0.9425862
0.026488,0.9426
0.0264886,0.9426156
0.0264904,0.9426284
0.0264928,0.9426436
0.0264954,0.9426634
0.026499,0.9426794
0.026502,0.942693
0.0265032,0.9427062
0.0265048,0.9427202
0.0265082,0.942734
0.0265106,0.9427494
0.0265134,0.9427616
0.0265168,0.9427736
0.0265186,0.9427886
0.0265206,0.9428068
0.0265228,0.9428196
0.026524,0.942836
0.026528,0.9428518
0.026529,0.9428718
0.0265316,0.9428912
0.0265334,0.942905
0.0265344,0.9429204
0.0265358,0.942936
0.0265382,0.9429494
0.0265424,0.9429644
0.0265452,0.9429822
0.0265492,0.9429992
0.0265516,0.9430116
0.026555,0.9430298
0.026557,0.943044
0.0265606,0.9430604
0.0265636,0.943072
0.0265654,0.9430902
0.0265688,0.9431068
0.0265712,0.9431208
0.026575,0.9431364
0.026577,0.9431494
0.0265812,0.943164
0.0265856,0.943178
0.0265876,0.943192
0.0265888,0.9432068
0.0265938,0.9432224
0.026597,0.9432378
0.0266008,0.9432556
0.0266036,0.9432672
0.0266086,0.9432852
0.026612,0.9432998
0.026615,0.943313
0.0266174,0.9433322
0.0266196,0.9433466
0.0266232,0.9433646
0.0266254,0.9433842
0.0266274,0.9434016
0.0266308,0.9434192
0.026633,0.9434346
0.026636,0.9434518
0.0266374,0.943469
0.0266412,0.9434832
0.0266444,0.9434962
0.0266468,0.9435082
0.026651,0.9435252
0.026654,0.9435418
0.0266582,0.9435542
0.0266604,0.9435664
0.026664,0.9435766
0.026667,0.9435904
0.0266706,0.9436082
0.0266738,0.9436218
0.0266768,0.9436432
0.0266802,0.943659
0.0266836,0.9436782
0.0266852,0.9436958
0.026689,0.943713
0.02669,0.943731
0.0266908,0.943747
0.0266928,0.943764
0.0266956,0.9437808
0.0266986,0.9437974
0.0266996,0.9438096
0.026701,0.9438292
0.0267026,0.9438454
0.0267042,0.9438616
0.0267054,0.9438784
0.0267074,0.9438938
0.0267094,0.943909
0.0267112,0.9439254
0.0267154,0.9439394
0.0267172,0.943955
0.0267216,0.9439742
0.026726,0.9439916
0.0267272,0.944006
0.026729,0.9440202
0.0267306,0.9440404
0.0267328,0.9440532
0.026735,0.9440658
0.0267366,0.944083
0.0267376,0.9440972
0.0267392,0.9441132
0.0267408,0.944128
0.0267436,0.9441484
0.026747,0.944166
0.0267504,0.9441794
0.0267528,0.9441956
0.0267558,0.9442138
0.0267582,0.9442324
0.02676,0.9442494
0.0267618,0.944269
0.0267632,0.9442898
0.0267658,0.9443062
0.0267688,0.9443222
0.0267712,0.9443334
0.026773,0.9443532
0.0267766,0.9443686
0.0267798,0.9443906
0.026782,0.944403
0.0267842,0.9444184
0.026785,0.9444358
0.0267872,0.9444498
0.0267898,0.9444676
0.026792,0.9444818
0.0267962,0.9444982
0.0267988,0.9445124
0.0268016,0.9445328
0.0268046,0.9445432
0.0268084,0.9445576
0.0268118,0.9445738
0.0268138,0.9445884
0.0268162,0.9446042
0.026817,0.9446184
0.0268228,0.9446342
0.0268244,0.944648
0.0268264,0.9446608
0.026829,0.944678
0.02683,0.9446942
0.0268318,0.9447108
0.026834,0.9447236
0.0268354,0.9447422
0.0268386,0.9447596
0.0268408,0.944778
0.0268418,0.9447962
0.026845,0.9448142
0.0268482,0.9448278
0.0268514,0.9448386
0.0268544,0.9448544
0.0268554,0.944866
0.026857,0.9448826
0.0268596,0.9448982
0.0268616,0.9449164
0.0268638,0.9449288
0.0268674,0.944942
0.0268688,0.9449542
0.0268708,0.94497
0.0268726,0.9449816
0.0268756,0.944995
0.0268766,0.9450078
0.0268794,0.9450214
0.0268818,0.945038
0.0268826,0.9450546
0.0268836,0.9450742
0.0268864,0.945091
0.0268888,0.9451088
0.0268904,0.9451248
0.0268928,0.945137
0.0268952,0.9451498
0.0268964,0.9451652
0.0268986,0.945175
0.0269022,0.9451902
0.0269038,0.945207
0.0269054,0.9452192
0.0269076,0.945232
0.026909,0.9452478
0.0269112,0.9452606
0.0269138,0.945276
0.0269162,0.9452912
0.0269188,0.945304
0.0269218,0.945321
0.0269242,0.9453364
0.0269266,0.945351
0.0269288,0.945365
0.0269302,0.9453834
0.0269336,0.945398
0.0269366,0.9454134
0.0269382,0.9454294
0.026941,0.9454482
0.0269438,0.9454692
0.0269458,0.9454844
0.026946,0.9455032
0.0269482,0.9455182
0.0269508,0.945536
0.0269542,0.945554
0.0269554,0.9455676
0.0269578,0.9455818
0.0269588,0.9455936
0.0269604,0.9456102
0.0269616,0.945624
0.0269642,0.9456396
0.0269696,0.9456508
0.0269718,0.9456666
0.0269732,0.9456838
0.0269758,0.9456986
0.026978,0.9457108
0.026981,0.9457278
0.0269828,0.9457442
0.0269854,0.9457608
0.026989,0.9457736
0.0269912,0.945787
0.0269936,0.945805
0.026996,0.945819
0.026999,0.9458324
0.027001,0.945847
0.0270038,0.945859
0.027006,0.9458782
0.0270088,0.9458916
0.0270134,0.9459088
0.0270158,0.9459216
0.0270182,0.9459368
0.0270202,0.945951
0.0270226,0.945973
0.0270246,0.9459908
0.0270276,0.9460054
0.0270288,0.9460182
0.02703,0.9460334
0.0270316,0.946051
0.0270342,0.946064
0.0270368,0.9460792
0.02704,0.946092
0.0270422,0.9461108
0.0270432,0.9461252
0.027046,0.9461398
0.0270476,0.9461592
0.0270528,0.9461788
0.0270544,0.9461946
0.0270566,0.946212
0.0270616,0.9462296
0.0270636,0.9462472
0.0270672,0.9462636
0.02707,0.9462812
0.0270724,0.9462942
0.0270746,0.9463084
0.027077,0.9463242
0.0270792,0.9463432
0.0270798,0.946357
0.027083,0.946369
0.0270856,0.9463814
0.0270884,0.9464
0.027091,0.9464108
0.0270946,0.946427
0.0270976,0.9464436
0.0271016,0.946455
0.0271048,0.946467
0.0271074,0.9464838
0.0271086,0.9464976
0.0271112,0.9465138
0.0271124,0.9465308
0.027117,0.9465458
0.027118,0.946563
0.0271222,0.9465786
0.0271234,0.9465932
0.0271252,0.9466114
0.0271278,0.9466324
0.0271316,0.9466486
0.0271328,0.946663
0.0271356,0.9466776
0.0271376,0.946694
0.0271418,0.946711
0.0271446,0.9467276
0.027147,0.9467446
0.0271486,0.9467638
0.0271512,0.9467792
0.0271536,0.9467948
0.0271568,0.9468102
0.0271594,0.9468296
0.027162,0.9468448
0.0271642,0.946863
0.0271676,0.9468734
0.0271714,0.9468886
0.0271752,0.946901
0.0271782,0.9469176
0.0271798,0.946936
0.0271806,0.9469516
0.027182,0.9469642
0.0271838,0.9469836
0.0271852,0.9469992
0.0271888,0.9470142
0.0271904,0.9470282
0.027192,0.9470446
0.027194,0.9470588
0.0271966,0.9470718
0.0271976,0.947088
0.0272018,0.9471032
0.027204,0.9471164
0.0272068,0.9471302
0.0272084,0.947145
0.0272112,0.947162
0.0272136,0.9471802
0.0272152,0.9471968
0.0272168,0.947209
0.0272194,0.9472246
0.0272238,0.947239
0.0272254,0.9472586
0.027228,0.9472736
0.0272298,0.9472904
0.0272308,0.9473078
0.0272332,0.9473228
0.027235,0.947342
0.0272372,0.9473578
0.0272398,0.9473746
0.027242,0.9473896
0.0272474,0.94741
0.0272494,0.9474238
0.0272514,0.947438
0.027254,0.9474524
0.0272564,0.9474702
0.02726,0.9474872
0.0272632,0.9475038
0.027268,0.9475196
0.0272708,0.947533
0.0272722,0.9475506
0.0272744,0.9475694
0.027276,0.9475808
0.027277,0.9475954
0.0272794,0.9476096
0.0272832,0.9476246
0.0272862,0.9476426
0.0272882,0.9476574
0.0272916,0.947675
0.0272956,0.9476944
0.0272982,0.9477126
0.0273022,0.9477284
0.0273054,0.9477474
0.02731,0.9477628
0.027313,0.947776
0.0273154,0.94779
0.0273174,0.947803
0.0273202,0.947818
0.0273214,0.9478362
0.0273222,0.947849
0.0273268,0.9478634
0.027328,0.9478812
0.0273314,0.947898
0.0273334,0.9479128
0.0273364,0.9479318
0.027339,0.9479498
0.0273404,0.9479648
0.027343,0.9479808
0.027347,0.9479922
0.027349,0.9480072
0.0273514,0.948024
0.027353,0.9480338
0.0273552,0.9480508
0.0273592,0.948066
0.0273612,0.948083
0.0273642,0.9480986
0.0273678,0.9481096
0.02737,0.9481226
0.0273728,0.9481346
0.0273758,0.9481508
0.0273782,0.948171
0.0273802,0.9481868
0.0273814,0.948199
0.0273838,0.9482074
0.0273858,0.9482274
0.0273888,0.9482478
0.0273902,0.9482694
0.0273938,0.9482846
0.0273966,0.9482986
0.0273974,0.9483152
0.0274006,0.948329
0.0274024,0.9483488
0.027405,0.9483618
0.0274064,0.9483808
0.0274072,0.9483956
0.0274086,0.9484104
0.0274096,0.9484242
0.0274118,0.9484366
0.0274154,0.9484516
0.0274172,0.9484644
0.0274208,0.9484816
0.0274224,0.9484956
0.0274234,0.9485162
0.0274252,0.9485346
0.0274266,0.9485498
0.027428,0.9485644
0.0274312,0.9485828
0.0274324,0.948596
0.027435,0.9486108
0.027438,0.9486262
0.0274408,0.9486396
0.0274428,0.9486528
0.0274458,0.9486694
0.0274476,0.9486826
0.0274514,0.9486992
0.0274538,0.948716
0.0274572,0.9487296
0.0274588,0.948742
0.0274638,0.9487568
0.0274658,0.9487748
0.0274686,0.9487876
0.0274696,0.948806
0.0274732,0.9488264
0.027475,0.9488402
0.027477,0.9488524
0.0274794,0.9488678
0.0274832,0.9488884
0.027486,0.948904
0.0274896,0.9489176
0.0274918,0.9489324
0.0274954,0.9489504
0.027498,0.9489668
0.0275014,0.948984
0.027502,0.9490004
0.0275052,0.949014
0.0275068,0.949028
0.0275098,0.9490406
0.027513,0.9490566
0.0275152,0.949073
0.0275174,0.9490892
0.0275202,0.9490998
0.027522,0.949116
0.027525,0.949128
0.027528,0.949146
0.0275308,0.9491632
0.0275322,0.9491778
0.027534,0.9491964
0.0275386,0.94921
0.0275422,0.9492254
0.0275444,0.9492384
0.0275476,0.9492626
0.0275508,0.9492776
0.0275528,0.9492926
0.0275538,0.949308
0.027555,0.9493238
0.0275574,0.9493374
0.0275596,0.9493552
0.0275632,0.9493718
0.0275666,0.9493868
0.0275692,0.949401
0.0275714,0.9494172
0.0275726,0.9494318
0.0275742,0.9494464
0.0275756,0.9494594
0.0275772,0.9494752
0.0275812,0.9494896
0.0275834,0.9495056
0.027584,0.9495204
0.0275868,0.949536
0.0275886,0.9495542
0.0275934,0.949573
0.0275958,0.9495868
0.0275988,0.9496
0.0276006,0.9496174
0.027602,0.949639
0.0276048,0.949654
0.0276068,0.9496696
0.027609,0.9496838
0.0276122,0.9496972
0.0276134,0.949716
0.0276164,0.9497274
0.027618,0.9497434
0.0276188,0.9497562
0.0276206,0.9497744
0.027622,0.949793
0.0276256,0.949807
0.0276264,0.9498294
0.0276274,0.9498424
0.0276296,0.9498588
0.0276322,0.9498724
0.0276366,0.9498878
0.0276388,0.9499044
0.0276394,0.94992
0.027642,0.949936
0.0276438,0.9499478
0.0276486,0.9499642
0.0276514,0.949982
0.027653,0.949998
0.0276548,0.9500152
0.0276604,0.9500304
0.0276632,0.9500438
0.0276648,0.9500584
0.0276662,0.9500734
0.0276698,0.9500888
0.0276708,0.950102
0.0276718,0.9501178
0.0276742,0.9501298
0.027677,0.9501428
0.0276808,0.9501602
0.0276844,0.9501746
0.0276862,0.9501884
0.027689,0.9502028
0.0276912,0.9502174
0.0276934,0.950235
0.0276974,0.9502464
0.0277,0.9502602
0.0277024,0.9502756
0.027705,0.95029
0.0277064,0.9503046
0.0277088,0.950323
0.0277096,0.950341
0.0277102,0.9503598
0.0277132,0.9503762
0.027716,0.950395
0.0277178,0.950405
0.027719,0.9504218
0.0277216,0.9504408
0.0277246,0.9504532
0.027726,0.9504686
0.0277292,0.9504826
0.027732,0.9504986
0.0277352,0.9505132
0.0277382,0.950533
0.0277394,0.9505452
0.02774,0.9505602
0.0277426,0.9505716
0.0277458,0.950585
0.0277484,0.9505958
0.0277508,0.9506106
0.027752,0.9506236
0.027754,0.9506346
0.0277558,0.950649
0.0277578,0.9506698
0.0277588,0.9506808
0.0277606,0.9506966
0.0277646,0.9507114
0.0277676,0.9507258
0.027769,0.9507382
0.0277714,0.9507544
0.0277746,0.950769
0.0277776,0.9507838
0.0277802,0.9508
0.0277826,0.9508134
0.0277854,0.9508242
0.0277876,0.9508414
0.0277916,0.950852
0.0277928,0.9508658
0.0277956,0.9508862
0.0277976,0.9509032
0.0278006,0.9509158
0.027803,0.950928
0.0278038,0.9509412
0.0278066,0.9509574
0.0278082,0.9509694
0.02781,0.9509862
0.0278126,0.951002
0.0278142,0.9510174
0.0278162,0.951034
0.0278186,0.9510516
0.02782,0.9510674
0.027822,0.9510776
0.0278244,0.951091
0.0278264,0.951106
0.0278286,0.9511244
0.0278308,0.9511402
0.0278322,0.9511506
0.0278344,0.9511628
0.0278358,0.9511776
0.0278362,0.9511944
0.0278398,0.951209
0.0278422,0.9512262
0.0278438,0.9512432
0.0278476,0.951256
0.027848,0.9512692
0.02785,0.951282
0.0278538,0.9512992
0.0278582,0.9513172
0.0278606,0.9513324
0.0278624,0.9513468
0.0278648,0.951362
0.0278662,0.9513742
0.027868,0.951388
0.0278724,0.9514052
0.0278738,0.9514156
0.0278766,0.9514286
0.0278788,0.9514426
0.02788,0.951457
0.0278812,0.9514724
0.027884,0.9514916
0.0278868,0.9515082
0.0278914,0.9515246
0.027893,0.9515386
0.0278954,0.9515532
0.0278966,0.9515696
0.0279,0.9515828
0.0279012,0.9515952
0.0279046,0.9516078
0.0279074,0.951626
0.0279108,0.9516418
0.0279138,0.951654
0.0279182,0.9516694
0.027922,0.9516852
0.0279264,0.9517022
0.0279276,0.951715
0.0279296,0.9517306
0.027931,0.951748
0.0279334,0.951759
0.027935,0.9517684
0.0279366,0.951787
0.0279398,0.9518
0.0279414,0.9518142
0.0279426,0.9518318
0.0279448,0.9518478
0.0279474,0.951862
0.0279492,0.9518782
0.0279504,0.9518922
0.0279524,0.9519118
0.027956,0.9519292
0.027958,0.9519436
0.0279602,0.9519582
0.0279618,0.9519702
0.0279652,0.9519826
0.027968,0.9520008
0.0279694,0.9520178
0.0279716,0.9520332
0.0279742,0.9520494
0.0279768,0.952063
0.027978,0.9520788
0.0279804,0.9520958
0.0279824,0.952112
0.0279856,0.9521258
0.0279862,0.9521402
0.0279876,0.9521558
0.0279894,0.952175
0.0279916,0.9521916
0.0279932,0.9522086
0.0279936,0.9522254
0.0279962,0.9522424
0.027999,0.95226
0.028001,0.9522738
0.0280034,0.9522878
0.0280064,0.9523044
0.0280088,0.9523192
0.02801,0.9523348
0.028011,0.9523456
0.0280134,0.9523574
0.0280148,0.9523724
0.0280164,0.9523868
0.02802,0.9524008
0.028024,0.9524146
0.0280256,0.9524278
0.0280272,0.9524434
0.0280298,0.9524586
0.0280326,0.9524742
0.0280346,0.9524894
0.0280364,0.952507
0.0280406,0.9525204
0.028043,0.9525332
0.0280478,0.952546
0.0280498,0.9525594
0.0280542,0.952573
0.0280564,0.9525852
0.0280586,0.952601
0.028064,0.9526116
0.0280656,0.9526274
0.0280694,0.952644
0.02807,0.9526584
0.0280738,0.9526714
0.0280756,0.9526876
0.0280772,0.9527034
0.0280794,0.9527208
0.0280814,0.9527384
0.0280828,0.9527508
0.0280854,0.9527654
0.0280862,0.9527814
0.0280878,0.9527928
0.0280914,0.9528076
0.0280928,0.9528212
0.0280956,0.9528312
0.0280984,0.9528434
0.0281,0.9528576
0.0281018,0.9528704
0.028104,0.9528844
0.0281072,0.9529018
0.028108,0.9529166
0.0281104,0.952927
0.0281118,0.9529472
0.0281154,0.9529606
0.0281168,0.9529734
0.0281188,0.9529906
0.0281212,0.9530052
0.028123,0.9530182
0.028126,0.9530282
0.0281292,0.9530366
0.028132,0.9530492
0.0281362,0.9530652
0.0281372,0.953081
0.0281396,0.9530928
0.02814,0.9531112
0.0281418,0.9531276
0.0281452,0.9531414
0.0281482,0.9531524
0.028149,0.953164
0.0281506,0.9531784
0.028152,0.9531948
0.0281538,0.953212
0.0281568,0.9532226
0.0281586,0.9532406
0.0281604,0.9532556
0.0281618,0.9532716
0.0281646,0.9532896
0.028167,0.9533008
0.0281694,0.9533152
0.0281718,0.953328
0.0281728,0.9533456
0.0281746,0.9533592
0.0281762,0.9533756
0.0281784,0.9533918
0.0281806,0.9534088
0.0281832,0.9534268
0.0281864,0.9534406
0.0281888,0.9534572
0.0281924,0.9534694
0.028195,0.9534848
0.0281976,0.9534986
0.0281994,0.9535134
0.0282006,0.9535272
0.0282014,0.9535408
0.0282034,0.9535574
0.0282056,0.9535762
0.028208,0.9535888
0.0282108,0.953604
0.0282148,0.9536172
0.0282176,0.9536254
0.0282194,0.9536392
0.0282226,0.9536518
0.028226,0.9536684
0.028227,0.953681
0.0282308,0.9536944
0.028233,0.9537058
0.0282354,0.9537212
0.0282376,0.9537342
0.028241,0.9537546
0.028244,0.953772
0.0282452,0.953789
0.0282488,0.9538
0.0282506,0.9538176
0.0282522,0.953833
0.0282536,0.953846
0.0282564,0.953862
0.028259,0.9538748
0.0282622,0.9538884
0.0282654,0.9539028
0.0282692,0.9539184
0.028273,0.953932
0.0282772,0.9539444
0.0282796,0.9539612
0.0282814,0.9539736
0.0282834,0.953985
0.0282852,0.9539984
0.0282874,0.9540118
0.0282896,0.9540262
0.0282916,0.9540424
0.028293,0.9540566
0.0282948,0.9540702
0.0282954,0.9540864
0.0282972,0.9540994
0.0283012,0.9541122
0.0283042,0.9541288
0.0283064,0.954142
0.0283072,0.9541614
0.0283108,0.9541786
0.0283132,0.9541976
0.028316,0.954219
0.0283166,0.954235
0.0283202,0.9542498
0.0283218,0.9542602
0.0283256,0.9542676
0.0283308,0.9542818
0.0283354,0.954295
0.028336,0.954312
0.028337,0.9543282
0.0283394,0.9543422
0.0283416,0.954358
0.0283444,0.954372
0.028349,0.9543894
0.0283514,0.9544052
0.0283536,0.954421
0.0283584,0.9544338
0.028362,0.9544492
0.0283648,0.9544618
0.0283668,0.9544758
0.0283684,0.9544964
0.0283696,0.9545104
0.0283708,0.954525
0.0283732,0.9545416
0.0283764,0.954559
0.0283792,0.9545718
0.028383,0.9545878
0.0283874,0.9546022
0.0283896,0.9546194
0.0283914,0.9546378
0.028393,0.954653
0.0283948,0.9546676
0.0283992,0.954683
0.0284006,0.9547004
0.0284026,0.9547188
0.0284062,0.9547356
0.0284078,0.9547472
0.028409,0.9547622
0.0284132,0.9547774
0.028415,0.9547892
0.028419,0.9548068
0.0284212,0.9548182
0.0284236,0.954837
0.0284264,0.9548538
0.0284298,0.9548732
0.0284302,0.9548886
0.0284322,0.9549004
0.028435,0.9549158
0.0284386,0.9549312
0.0284426,0.9549468
0.0284454,0.9549624
0.0284474,0.9549758
0.02845,0.9549872
0.0284522,0.955004
0.0284536,0.9550156
0.0284554,0.9550288
0.0284572,0.9550436
0.0284592,0.9550584
0.0284612,0.9550718
0.0284624,0.9550798
0.0284658,0.955096
0.0284696,0.955111
0.0284718,0.9551246
0.0284752,0.9551404
0.0284776,0.9551576
0.02848,0.9551708
0.0284832,0.955185
0.0284852,0.9551998
0.0284876,0.9552146
0.0284902,0.9552312
0.028493,0.9552484
0.028496,0.955262
0.028498,0.9552752
0.028501,0.9552896
0.0285026,0.955301
0.0285036,0.9553132
0.0285054,0.955324
0.0285092,0.9553378
0.02851,0.9553516
0.028512,0.9553664
0.028517,0.9553794
0.0285196,0.9553942
0.0285198,0.9554064
0.0285214,0.9554214
0.028524,0.9554366
0.028526,0.9554484
0.028528,0.9554678
0.0285306,0.9554818
0.028533,0.9554942
0.028537,0.9555084
0.0285394,0.9555246
0.0285418,0.9555402
0.0285466,0.9555524
0.0285496,0.9555634
0.028555,0.9555746
0.0285576,0.9555868
0.0285596,0.9556014
0.0285616,0.9556146
0.0285642,0.9556334
0.0285652,0.9556506
0.0285688,0.955665
0.0285706,0.9556804
0.0285724,0.955694
0.0285742,0.9557092
0.0285764,0.9557274
0.0285792,0.9557412
0.0285812,0.9557554
0.028584,0.9557716
0.0285862,0.9557868
0.0285876,0.9557976
0.0285884,0.9558148
0.028592,0.955831
0.0285936,0.9558448
0.0285956,0.9558572
0.0285994,0.955871
0.0286022,0.9558874
0.0286044,0.9559018
0.0286068,0.9559116
0.0286082,0.9559268
0.0286106,0.9559432
0.0286124,0.9559562
0.028614,0.955969
0.0286172,0.955983
0.0286202,0.955998
0.028622,0.9560136
0.0286228,0.9560272
0.0286254,0.9560406
0.028627,0.9560542
0.0286302,0.9560718
0.0286326,0.9560848
0.0286356,0.956102
0.0286384,0.9561136
0.0286412,0.9561298
0.0286446,0.9561438
0.0286464,0.9561586
0.0286504,0.9561746
0.028656,0.9561908
0.028658,0.956207
0.0286612,0.956221
0.028665,0.9562366
0.028666,0.9562528
0.0286686,0.9562674
0.0286704,0.9562822
0.0286742,0.9562936
0.0286766,0.9563102
0.0286798,0.956326
0.0286824,0.9563396
0.0286852,0.9563548
0.0286886,0.9563648
0.0286908,0.9563744
0.0286934,0.9563892
0.0286966,0.9564026
0.0286982,0.9564182
0.0287008,0.9564394
0.0287058,0.9564562
0.0287086,0.9564684
0.0287104,0.9564808
0.0287124,0.956499
0.0287138,0.9565092
0.0287156,0.9565282
0.0287166,0.9565388
0.0287184,0.956554
0.0287202,0.956569
0.0287218,0.956586
0.0287234,0.9566006
0.0287256,0.9566144
0.028729,0.9566278
0.0287318,0.956639
0.028733,0.956653
0.0287352,0.9566678
0.0287372,0.95668
0.0287404,0.956692
0.028743,0.9567064
0.028744,0.9567216
0.028746,0.9567366
0.0287488,0.9567504
0.0287506,0.9567616
0.0287522,0.9567714
0.0287546,0.9567886
0.0287568,0.9568018
0.028759,0.956818
0.0287614,0.956834
0.0287638,0.9568496
0.0287668,0.9568638
0.0287692,0.9568758
0.0287726,0.9568894
0.0287754,0.9569038
0.0287794,0.9569198
0.02878,0.956932
0.0287832,0.9569452
0.028785,0.9569622
0.0287874,0.9569738
0.0287892,0.9569872
0.0287904,0.9570008
0.0287926,0.9570132
0.0287952,0.9570272
0.0287972,0.95704
0.0287986,0.9570566
0.0288012,0.9570696
0.0288038,0.957082
0.0288056,0.9570954
0.028808,0.9571128
0.0288098,0.9571266
0.028813,0.9571454
0.0288138,0.9571572
0.0288158,0.9571732
0.0288178,0.9571882
0.02882,0.9572018
0.028822,0.957217
0.0288254,0.9572288
0.028827,0.9572428
0.0288284,0.9572598
0.0288302,0.9572714
0.028832,0.9572878
0.0288332,0.9572998
0.0288362,0.9573142
0.0288378,0.957328
0.0288402,0.957343
0.028843,0.9573544
0.0288454,0.9573736
0.0288472,0.9573886
0.0288504,0.9574006
0.0288528,0.9574152
0.0288556,0.9574254
0.0288578,0.9574426
0.0288602,0.9574558
0.0288616,0.9574722
0.0288638,0.9574856
0.0288664,0.9575026
0.0288694,0.9575192
0.0288704,0.9575314
0.0288726,0.9575444
0.0288758,0.9575594
0.028878,0.9575744
0.0288794,0.9575842
0.0288812,0.9575968
0.0288822,0.9576106
0.0288858,0.9576242
0.0288874,0.957636
0.0288898,0.9576546
0.0288912,0.9576672
0.0288918,0.9576814
0.0288938,0.9576932
0.0288954,0.957709
0.0288984,0.957719
0.028901,0.957731
0.0289038,0.9577468
0.028905,0.9577586
0.028907,0.95777
0.0289082,0.9577876
0.0289106,0.9578
0.0289132,0.957814
0.0289158,0.9578278
0.0289172,0.9578438
0.0289216,0.9578592
0.0289224,0.9578782
0.0289238,0.9578902
0.028926,0.957907
0.0289264,0.9579178
0.0289298,0.957929
0.0289312,0.9579396
0.0289326,0.9579558
0.0289334,0.9579708
0.0289356,0.9579814
0.028938,0.9579948
0.0289426,0.9580086
0.028945,0.9580252
0.028947,0.9580358
0.0289494,0.95805
0.028951,0.9580648
0.0289522,0.9580776
0.028953,0.9580932
0.0289542,0.9581122
0.0289554,0.9581248
0.0289572,0.9581418
0.0289596,0.958157
0.0289622,0.9581698
0.028964,0.95818
0.0289664,0.9581944
0.0289682,0.9582072
0.0289696,0.95822
0.028971,0.9582334
0.0289734,0.9582496
0.0289752,0.9582654
0.0289784,0.9582822
0.0289818,0.9582952
0.0289822,0.9583106
0.0289846,0.958324
0.0289858,0.958336
0.0289878,0.9583536
0.0289894,0.958367
0.0289918,0.958379
0.0289932,0.9583914
0.028995,0.9584062
0.0289966,0.9584214
0.0289994,0.9584384
0.029002,0.9584564
0.0290034,0.9584716
0.029005,0.9584886
0.0290084,0.9585
0.0290116,0.958515
0.0290128,0.958524
0.029016,0.9585368
0.0290172,0.9585514
0.0290194,0.9585656
0.0290226,0.958577
0.0290248,0.9585896
0.0290266,0.9586032
0.0290298,0.9586184
0.0290306,0.958631
0.0290318,0.958647
0.0290338,0.9586582
0.0290366,0.9586684
0.0290372,0.9586802
0.0290404,0.9586942
0.029043,0.9587094
0.0290458,0.9587254
0.0290484,0.958736
0.0290506,0.9587528
0.0290524,0.9587674
0.0290558,0.9587802
0.0290588,0.9587888
0.029061,0.9587984
0.0290632,0.9588108
0.0290662,0.9588262
0.0290698,0.958839
0.029072,0.9588556
0.0290736,0.958871
0.0290748,0.9588858
0.0290768,0.9589026
0.0290786,0.9589138
0.0290824,0.9589276
0.0290834,0.9589404
0.0290848,0.9589544
0.0290858,0.9589698
0.029088,0.9589822
0.0290904,0.9589962
0.0290922,0.9590108
0.029094,0.9590246
0.0290958,0.9590406
0.029098,0.959053
0.0291002,0.959067
0.0291012,0.959088
0.0291046,0.9590998
0.029107,0.959113
0.0291076,0.9591306
0.029111,0.9591428
0.0291126,0.9591548
0.0291156,0.959171
0.0291164,0.9591838
0.0291194,0.9591986
0.0291204,0.9592156
0.0291216,0.9592302
0.0291244,0.9592486
0.029126,0.9592614
0.029128,0.959273
0.0291312,0.959287
0.029134,0.9593004
0.0291368,0.9593164
0.0291374,0.959329
0.02914,0.9593412
0.0291412,0.959354
0.0291438,0.9593668
0.029146,0.9593802
0.0291464,0.959397
0.0291478,0.9594112
0.029149,0.959432
0.0291506,0.9594472
0.029152,0.9594568
0.029154,0.9594708
0.0291562,0.9594822
0.0291616,0.9594944
0.0291642,0.9595088
0.029167,0.9595214
0.029168,0.959536
0.0291698,0.9595486
0.0291716,0.9595606
0.0291764,0.9595782
0.0291806,0.9595868
0.0291818,0.9595982
0.0291844,0.9596106
0.0291868,0.9596258
0.0291876,0.9596384
0.0291898,0.9596508
0.0291916,0.9596666
0.0291948,0.9596806
0.0291966,0.9596944
0.0291976,0.9597042
0.0292012,0.9597158
0.0292034,0.9597298
0.0292064,0.959743
0.0292078,0.9597552
0.0292104,0.9597696
0.0292116,0.9597822
0.029216,0.9597974
0.0292188,0.959807
0.0292216,0.9598228
0.0292244,0.9598368
0.0292266,0.9598534
0.0292296,0.9598674
0.0292314,0.9598812
0.0292334,0.959895
0.0292376,0.9599082
0.0292404,0.9599198
0.0292416,0.9599338
0.0292436,0.9599452
0.0292462,0.9599612
0.0292492,0.9599736
0.0292534,0.9599894
0.029255,0.9600052
0.0292572,0.9600182
0.0292608,0.9600356
0.0292626,0.9600504
0.0292642,0.9600666
0.0292664,0.960082
0.0292694,0.9600926
0.0292722,0.96011
0.0292736,0.9601238
0.0292756,0.9601374
0.0292774,0.9601516
0.0292796,0.9601702
0.02928,0.960185
0.0292818,0.9601956
0.0292864,0.9602086
0.029291,0.9602212
0.0292932,0.9602342
0.0292948,0.9602468
0.0292956,0.9602626
0.0292982,0.9602772
0.029302,0.9602874
0.0293036,0.960303
0.029307,0.960312
0.0293086,0.9603238
0.02931,0.9603396
0.029312,0.960356
0.029314,0.96037
0.029315,0.9603814
0.0293172,0.9603936
0.02932,0.9604102
0.0293212,0.960428
0.029323,0.9604404
0.0293272,0.9604552
0.0293294,0.9604666
0.0293314,0.960481
0.0293344,0.9604902
0.0293366,0.9605024
0.0293376,0.960519
0.0293412,0.9605346
0.0293448,0.9605452
0.0293468,0.9605586
0.0293502,0.9605706
0.029354,0.9605836
0.029359,0.9605972
0.0293624,0.96061
0.0293642,0.9606246
0.029366,0.960639
0.0293682,0.9606534
0.0293692,0.9606684
0.0293706,0.960684
0.0293734,0.9606994
0.0293752,0.9607176
0.0293794,0.9607328
0.0293814,0.9607492
0.0293822,0.9607628
0.0293842,0.9607734
0.0293876,0.960784
0.0293894,0.9607976
0.0293904,0.9608108
0.0293914,0.9608278
0.0293932,0.9608454
0.0293962,0.960859
0.0293976,0.9608712
0.029399,0.9608848
0.0294028,0.9608962
0.0294042,0.9609092
0.0294062,0.9609254
0.0294078,0.960941
0.0294082,0.9609554
0.0294106,0.9609708
0.0294118,0.9609836
0.029414,0.960999
0.0294176,0.9610178
0.0294228,0.9610284
0.029425,0.9610438
0.0294276,0.9610584
0.0294326,0.9610716
0.029433,0.9610846
0.0294346,0.961097
0.0294372,0.9611082
0.0294398,0.9611176
0.0294414,0.961134
0.029444,0.9611486
0.029445,0.961166
0.029447,0.9611812
0.0294486,0.961193
0.02945,0.9612038
0.0294516,0.9612202
0.0294524,0.9612348
0.0294548,0.961251
0.029456,0.9612662
0.0294574,0.9612768
0.0294586,0.9612918
0.0294598,0.9613082
0.029462,0.9613186
0.0294636,0.9613314
0.029467,0.961347
0.029469,0.9613626
0.0294692,0.961378
0.0294708,0.9613874
0.0294736,0.9614028
0.0294766,0.9614214
0.0294788,0.9614346
0.02948,0.961448
0.0294814,0.961457
0.0294842,0.9614676
0.0294862,0.9614842
0.0294894,0.961496
0.0294912,0.9615088
0.0294934,0.9615234
0.0294958,0.961539
0.0294972,0.9615512
0.0294986,0.9615646
0.0295018,0.961576
0.0295044,0.96159
0.0295082,0.9616044
0.0295128,0.9616178
0.0295148,0.9616288
0.0295166,0.9616422
0.0295184,0.9616532
0.02952,0.9616626
0.0295222,0.9616724
0.0295254,0.961685
0.0295262,0.9616998
0.0295296,0.9617124
0.0295324,0.9617276
0.029534,0.9617416
0.0295362,0.9617586
0.029539,0.9617728
0.0295408,0.961789
0.0295424,0.9618002
0.029545,0.9618136
0.0295468,0.9618252
0.0295476,0.961841
0.0295508,0.9618536
0.029553,0.9618682
0.0295546,0.9618862
0.0295586,0.9619
0.02956,0.9619132
0.0295642,0.961926
0.0295674,0.9619366
0.0295694,0.9619452
0.0295714,0.9619574
0.029574,0.9619686
0.0295754,0.9619826
0.0295778,0.9619974
0.0295804,0.962012
0.029582,0.962023
0.0295842,0.9620366
0.0295862,0.9620484
0.0295896,0.962059
0.0295916,0.9620762
0.0295932,0.9620924
0.029594,0.9621076
0.0295956,0.962118
0.029598,0.962137
0.0296012,0.9621528
0.0296034,0.9621722
0.0296064,0.9621874
0.0296088,0.9622046
0.029611,0.962223
0.029613,0.9622382
0.029614,0.9622506
0.0296174,0.9622648
0.0296192,0.9622782
0.0296224,0.9622904
0.0296256,0.9623062
0.0296282,0.9623162
0.029631,0.9623416
0.0296332,0.962358
0.0296354,0.962372
0.0296388,0.962385
0.029642,0.9623972
0.0296432,0.9624104
0.029646,0.96242
0.0296496,0.9624298
0.0296524,0.9624426
0.0296532,0.9624542
0.0296554,0.962469
0.0296574,0.96248
0.0296604,0.962492
0.0296656,0.9625074
0.0296708,0.9625192
0.0296722,0.9625304
0.0296742,0.9625444
0.0296774,0.9625586
0.0296788,0.9625722
0.029682,0.9625802
0.0296834,0.9625954
0.0296866,0.9626098
0.0296882,0.962624
0.0296904,0.962635
0.0296922,0.962645
0.0296946,0.9626562
0.0296984,0.9626722
0.029701,0.9626846
0.0297042,0.9626984
0.0297066,0.9627088
0.0297104,0.9627244
0.0297114,0.9627402
0.0297148,0.9627602
0.0297174,0.9627716
0.0297176,0.9627844
0.0297178,0.9627958
0.0297208,0.9628112
0.0297218,0.9628236
0.0297246,0.9628348
0.029728,0.9628462
0.0297304,0.9628582
0.0297322,0.9628716
0.0297342,0.962881
0.0297364,0.9628956
0.029738,0.9629046
0.0297404,0.9629202
0.0297422,0.9629348
0.0297452,0.9629458
0.0297482,0.9629582
0.0297502,0.962971
0.0297524,0.9629912
0.0297546,0.9630038
0.0297574,0.963016
0.0297588,0.9630298
0.029762,0.963041
0.0297642,0.9630524
0.0297674,0.9630652
0.029769,0.9630816
0.0297704,0.9630946
0.0297734,0.9631098
0.0297738,0.9631208
0.0297788,0.96313
0.0297806,0.9631466
0.029784,0.963161
0.0297884,0.9631726
0.029789,0.9631904
0.0297896,0.963203
0.029792,0.963217
0.029794,0.9632268
0.0297958,0.9632406
0.0297996,0.963255
0.029802,0.9632704
0.0298046,0.9632828
0.0298072,0.9632964
0.029809,0.963307
0.02981,0.9633202
0.029812,0.9633316
0.029814,0.963344
0.0298166,0.9633606
0.029819,0.9633752
0.0298202,0.9633858
0.029822,0.9634002
0.0298242,0.9634142
0.0298276,0.963426
0.0298306,0.9634386
0.0298342,0.9634512
0.0298356,0.963463
0.0298374,0.9634794
0.0298388,0.9634898
0.0298428,0.9635008
0.029845,0.9635126
0.0298482,0.9635262
0.0298518,0.96354
0.0298546,0.9635538
0.029856,0.963566
0.0298584,0.9635806
0.0298606,0.9635918
0.0298628,0.9636086
0.0298662,0.9636218
0.0298684,0.9636352
0.0298694,0.9636462
0.0298728,0.9636556
0.0298764,0.9636684
0.029879,0.9636816
0.029881,0.9636938
0.0298848,0.9637022
0.0298874,0.9637158
0.0298892,0.963726
0.0298916,0.9637366
0.0298934,0.96375
0.0298942,0.9637666
0.0298948,0.9637828
0.0298968,0.963797
0.0298982,0.9638126
0.0298992,0.9638286
0.029903,0.963844
0.029904,0.9638576
0.0299056,0.9638696
0.029907,0.9638842
0.0299114,0.9639028
0.0299126,0.9639194
0.0299138,0.9639306
0.0299152,0.9639424
0.0299172,0.9639618
0.0299206,0.963972
0.0299252,0.9639858
0.0299274,0.9639968
0.029929,0.9640074
0.0299302,0.9640242
0.0299324,0.9640426
0.0299366,0.9640566
0.0299388,0.9640692
0.0299406,0.964088
0.0299442,0.9641014
0.029947,0.9641132
0.0299492,0.9641232
0.029952,0.9641342
0.0299556,0.9641436
0.0299582,0.9641562
0.0299586,0.9641742
0.02996,0.9641862
0.0299616,0.9642012
0.0299646,0.9642116
0.0299674,0.9642234
0.029969,0.9642396
0.0299714,0.9642536
0.029974,0.9642654
0.0299754,0.9642786
0.0299774,0.9642958
0.0299804,0.96431
0.0299808,0.9643212
0.0299848,0.9643332
0.0299866,0.9643424
0.0299882,0.9643552
0.0299906,0.9643684
0.0299934,0.9643776
0.029996,0.9643934
0.0299984,0.9644086
0.0300016,0.9644286
0.030005,0.9644424
0.0300078,0.964456
0.0300102,0.9644704
0.0300134,0.964486
0.0300146,0.9644996
0.0300166,0.9645116
0.0300188,0.9645246
0.0300232,0.96454
0.0300242,0.964554
0.0300278,0.9645702
0.0300306,0.964583
0.030031,0.964596
0.030034,0.964609
0.0300352,0.9646238
0.0300366,0.9646376
0.0300384,0.9646502
0.0300424,0.9646658
0.0300442,0.964677
0.0300476,0.9646866
0.0300504,0.9647032
0.0300528,0.9647178
0.030055,0.9647288
0.0300576,0.9647402
0.0300598,0.9647528
0.0300608,0.9647716
0.0300636,0.9647858
0.0300654,0.9647984
0.0300662,0.9648116
0.0300688,0.9648254
0.0300702,0.9648348
0.0300736,0.9648524
0.0300758,0.964866
0.030077,0.9648772
0.0300782,0.9648912
0.03008,0.9649032
0.0300834,0.964917
0.0300852,0.9649284
0.0300858,0.9649402
0.0300866,0.9649522
0.0300904,0.9649616
0.030093,0.9649756
0.0300944,0.9649862
0.0300952,0.9650034
0.0300972,0.9650164
0.0300984,0.965031
0.0301,0.9650414
0.0301032,0.9650554
0.0301062,0.9650712
0.030109,0.9650824
0.030111,0.965095
0.030114,0.965106
0.0301158,0.96512
0.030118,0.96513
0.0301206,0.965142
0.0301224,0.965155
0.0301234,0.9651672
0.030125,0.9651798
0.0301258,0.965193
0.0301274,0.9652062
0.0301288,0.965221
0.0301314,0.9652388
0.0301342,0.9652504
0.030136,0.9652636
0.03014,0.9652772
0.030143,0.9652898
0.030148,0.9653032
0.030152,0.965315
0.030154,0.9653292
0.0301564,0.9653458
0.030159,0.9653554
0.0301602,0.9653706
0.0301634,0.9653822
0.0301652,0.965395
0.0301672,0.965408
0.0301686,0.9654188
0.03017,0.9654306
0.0301738,0.9654416
0.030175,0.9654548
0.030176,0.965471
0.0301796,0.9654806
0.0301822,0.9654918
0.0301848,0.9655048
0.0301866,0.9655178
0.0301898,0.9655324
0.0301918,0.9655456
0.0301946,0.9655604
0.0301964,0.9655748
0.0301996,0.9655884
0.0302014,0.965601
0.030202,0.9656116
0.0302054,0.9656238
0.030209,0.965637
0.0302116,0.9656478
0.030213,0.965661
0.0302166,0.965675
0.0302178,0.9656874
0.030219,0.9657012
0.0302222,0.9657142
0.0302244,0.9657316
0.0302282,0.9657476
0.0302298,0.9657624
0.030233,0.9657782
0.030234,0.9657894
0.0302364,0.9658012
0.0302382,0.9658136
0.0302406,0.9658254
0.030242,0.9658374
0.0302432,0.9658492
0.0302458,0.965866
0.03025,0.9658758
0.0302538,0.9658874
0.0302548,0.9658992
0.0302578,0.9659108
0.0302602,0.9659218
0.0302616,0.9659356
0.0302624,0.965947
0.0302658,0.9659628
0.0302684,0.9659756
0.030269,0.9659906
0.0302704,0.9660032
0.0302724,0.9660134
0.030274,0.9660286
0.0302762,0.9660442
0.0302782,0.9660586
0.030279,0.9660704
0.0302826,0.966082
0.0302846,0.966097
0.0302868,0.9661102
0.030289,0.966126
0.0302916,0.9661378
0.0302938,0.966152
0.0302962,0.9661652
0.030298,0.9661766
0.0303,0.966191
0.0303016,0.9662054
0.0303038,0.9662192
0.0303048,0.9662346
0.0303074,0.966248
0.0303086,0.9662624
0.0303098,0.966281
0.0303124,0.9662894
0.0303146,0.9663034
0.030318,0.9663196
0.03032,0.966332
0.0303208,0.966348
0.0303234,0.9663594
0.030325,0.9663728
0.0303274,0.9663844
0.0303306,0.9664002
0.030333,0.9664138
0.0303364,0.9664274
0.0303376,0.9664396
0.0303398,0.9664482
0.0303438,0.9664636
0.0303464,0.966474
0.0303486,0.966486
0.030351,0.9664982
0.0303544,0.9665102
0.0303574,0.9665242
0.0303602,0.9665384
0.0303608,0.9665506
0.0303628,0.9665626
0.0303656,0.9665738
0.0303692,0.9665852
0.0303704,0.9666012
0.0303712,0.9666138
0.030373,0.9666248
0.030376,0.966639
0.0303782,0.9666562
0.0303804,0.9666686
0.0303814,0.966685
0.0303828,0.9667004
0.0303848,0.9667162
0.030386,0.9667316
0.0303894,0.9667402
0.0303904,0.966752
0.0303932,0.9667672
0.0303948,0.966779
0.0303982,0.966792
0.0304014,0.966805
0.0304024,0.9668158
0.030404,0.9668254
0.030406,0.9668386
0.0304088,0.9668492
0.0304106,0.9668612
0.030412,0.9668764
0.0304146,0.9668852
0.0304154,0.9669002
0.0304176,0.9669136
0.0304192,0.9669238
0.0304222,0.9669356
0.0304232,0.9669536
0.030426,0.966967
0.0304294,0.9669754
0.0304324,0.9669846
0.0304344,0.9669962
0.0304366,0.9670078
0.0304378,0.967017
0.0304396,0.9670292
0.0304416,0.96704
0.0304434,0.9670488
0.0304446,0.9670584
0.0304458,0.9670734
0.0304474,0.9670834
0.0304502,0.9670968
0.0304514,0.967111
0.0304534,0.967122
0.0304554,0.9671362
0.0304572,0.9671558
0.0304588,0.967171
0.030459,0.9671842
0.0304612,0.9671936
0.0304648,0.9672062
0.0304676,0.967219
0.0304712,0.9672298
0.0304724,0.9672452
0.0304746,0.9672568
0.0304756,0.9672654
0.0304778,0.9672778
0.0304798,0.967295
0.0304808,0.967311
0.0304824,0.9673272
0.0304844,0.9673372
0.0304856,0.9673472
0.030488,0.9673574
0.0304922,0.9673708
0.0304936,0.9673886
0.0304962,0.9674006
0.0305018,0.9674124
0.0305038,0.9674248
0.0305042,0.9674324
0.030506,0.9674424
0.0305072,0.9674584
0.0305124,0.9674672
0.0305156,0.9674842
0.0305194,0.9675004
0.0305214,0.9675112
0.0305238,0.9675218
0.030525,0.9675352
0.0305266,0.9675464
0.0305276,0.9675588
0.0305292,0.9675766
0.0305314,0.9675908
0.0305332,0.9676056
0.0305348,0.9676152
0.030536,0.967627
0.0305398,0.9676376
0.0305412,0.9676496
0.0305426,0.967663
0.0305452,0.9676782
0.0305494,0.9676898
0.0305534,0.9677064
0.0305554,0.9677202
0.0305564,0.967731
0.0305606,0.9677488
0.0305638,0.9677626
0.030565,0.9677714
0.030567,0.9677846
0.0305694,0.9677976
0.030572,0.9678098
0.0305754,0.9678206
0.0305768,0.9678326
0.0305788,0.9678438
0.0305812,0.9678548
0.030582,0.9678736
0.0305836,0.967884
0.030586,0.967898
0.03059,0.9679098
0.030592,0.9679252
0.0305944,0.9679378
0.0305986,0.9679504
0.0306,0.9679688
0.0306038,0.9679792
0.030606,0.9679906
0.030609,0.9680054
0.0306098,0.9680162
0.0306124,0.9680314
0.0306134,0.9680466
0.0306148,0.9680544
0.0306178,0.9680674
0.0306196,0.9680794
0.030621,0.9680888
0.030622,0.9680984
0.0306244,0.9681108
0.0306266,0.9681248
0.030629,0.9681396
0.0306322,0.9681502
0.0306354,0.968164
0.030639,0.9681758
0.0306424,0.9681884
0.0306454,0.9682
0.0306466,0.968214
0.030649,0.9682244
0.0306504,0.9682324
0.0306526,0.9682448
0.030655,0.9682604
0.0306568,0.9682712
0.030659,0.968283
0.0306598,0.9682952
0.0306614,0.9683052
0.0306632,0.96832
0.0306642,0.968333
0.0306656,0.9683442
0.0306668,0.9683582
0.0306686,0.9683706
0.0306712,0.9683832
0.0306736,0.9683964
0.030675,0.96841
0.030678,0.9684196
0.0306782,0.9684324
0.0306802,0.968444
0.0306832,0.9684594
0.030684,0.9684708
0.0306846,0.9684852
0.0306876,0.9684992
0.0306894,0.9685096
0.0306908,0.9685248
0.030693,0.9685356
0.0306946,0.9685506
0.0306962,0.96856
0.0306988,0.9685704
0.0306996,0.9685796
0.0307016,0.9685908
0.0307028,0.9686054
0.0307056,0.9686186
0.030708,0.9686322
0.030711,0.9686444
0.0307128,0.968654
0.0307154,0.9686664
0.0307178,0.968679
0.0307206,0.9686888
0.0307222,0.968699
0.0307242,0.9687082
0.0307258,0.968722
0.0307284,0.9687382
0.030731,0.9687516
0.030733,0.9687638
0.0307362,0.968775
0.0307386,0.9687842
0.030742,0.968797
0.0307452,0.96881
0.0307478,0.9688262
0.0307492,0.9688372
0.0307516,0.968851
0.0307538,0.968866
0.0307562,0.9688798
0.0307572,0.9688914
0.0307604,0.9689024
0.0307628,0.9689144
0.0307672,0.9689244
0.0307696,0.9689368
0.030771,0.9689476
0.0307732,0.968961
0.0307786,0.96897
0.0307802,0.9689844
0.030781,0.9689968
0.0307824,0.9690056
0.0307834,0.9690148
0.0307858,0.9690274
0.0307874,0.9690418
0.030789,0.9690516
0.030791,0.9690648
0.0307922,0.9690764
0.0307942,0.969087
0.0307972,0.969104
0.0308004,0.9691192
0.0308028,0.9691344
0.0308056,0.9691478
0.0308086,0.9691566
0.0308106,0.9691712
0.0308132,0.9691866
